1 10
100 200
201 210
900 1000
488297	330896
585427	108370
320487	935240
325370	181701
504510	982110
856689	149308
929644	330332
144936	337423
710270	914333
71329	84279
130955	651416
909172	233400
483834	495103
108046	831892
397223	759780
63782	85597
495832	564739
168375	902686
122455	937929
300439	988267
272826	814172
994924	534463
335162	817368
980913	567014
761322	326799
309032	172300
29171	93612
1656	3720
50620	19248
235227	860828
687143	923840
107613	256935
51876	88580
37140	99316
120483	930429
710779	810020
400591	64607
879	614
417992	707082
212190	984659
429376	672160
873759	838754
961210	888442
334945	294838
496137	876535
809867	542308
332605	772087
955712	646528
981090	714028
224414	284898
58003	20961
276111	431456
768188	344763
758187	319015
523692	940249
227318	415384
604544	135124
16163	20070
582098	902814
830503	141752
926761	487655
425664	418143
218866	290331
319614	296166
877278	271632
21615	24674
82505	27548
217840	968805
312745	634931
131665	772579
694842	610971
511706	609136
842110	418498
557036	929490
132305	171008
938085	117276
848993	778822
41316	77283
363205	148336
514778	109034
221066	121619
818941	668224
907219	231309
27606	59433
282695	649731
849349	915555
843382	627973
338301	767660
6465	8913
681982	583394
8501	1702
572477	164103
5282	3761
121360	284525
928062	776976
829371	130767
752930	696874
209254	249105
269352	901404
763717	306295
894611	610112
774214	650237
510681	851590
855931	309061
204245	241400
148506	619955
276671	529234
145619	390925
847109	283455
989876	670184
211053	242972
636057	973834
156636	269012
990121	495560
701047	776626
1845	3123
183177	624033
514654	324374
974503	913209
127449	518587
306047	943754
157343	662578
991390	479421
54090	99217
606797	927369
246303	693651
964950	652959
171383	755928
312940	463947
871522	206154
405711	203845
22950	47133
234849	554727
115531	746167
807151	462578
857227	992553
176628	601830
147915	197366
542550	809922
258552	126304
631911	796772
215255	124921
804546	938047
682788	385235
662159	783136
569450	945897
435830	475843
62180	36091
128797	820199
493345	751064
700848	248492
498587	450938
24630	71035
560872	116042
963580	516413
54008	28113
394694	729757
907809	345338
562345	167938
8066	5543
124564	182218
721014	315291
950014	134040
529978	887931
520813	209637
117277	640239
619618	619465
123823	712915
902300	918598
410407	84100
643535	421902
207529	380057
968574	229489
248916	999592
448244	924129
431818	918793
876046	327128
952306	508022
434842	291155
960737	577409
300683	379831
229468	639569
913705	466730
213008	64481
456073	790560
891233	578337
990892	122542
986205	573679
357571	167997
258274	273952
820047	417686
996658	934063
437513	168052
605144	243605
605255	869530
7034	1497
256074	57650
741973	418125
148808	916769
879023	175484
99890	80464
868102	115378
98413	73428
888323	352720
890816	466436
888413	144328
7619	72647
580045	228060
217995	319160
975688	942408
723213	37685
585268	674602
274266	1192
65517	220785
758868	79949
278663	692997
43291	946710
148885	69911
70645	682615
105322	482689
486688	124455
878935	569585
92991	435843
108432	789098
412081	479715
112322	711444
708887	555031
472482	133554
514092	119268
375702	72106
746494	436928
543597	239080
44663	263994
218180	547056
326535	144932
17957	135400
704010	335250
965349	748623
541503	431074
884231	766905
497399	376838
299305	88668
802993	470174
216239	61947
454972	704665
661989	580561
970420	689964
476823	105476
529410	904678
485436	881863
501787	319821
827505	903276
547825	342878
684282	719646
885100	389414
207349	731512
42296	666272
48705	92423
13918	646785
773506	305969
133186	582024
990497	268097
298207	42958
541871	689418
527146	710298
694110	102663
534478	43799
268416	224721
729421	258873
555580	711783
51864	998622
348110	198599
394125	643992
71479	478956
407018	838264
309281	211565
227978	191815
416014	186250
478787	712789
689196	487870
520774	19428
700250	749619
392233	108345
884448	753383
556226	240003
10842	529029
476672	417767
656648	754519
229380	419752
890551	812055
137704	660399
433141	846747
454033	930936
533573	933749
788804	175118
172879	57984
530525	210337
925844	750649
262842	133235
875756	500333
469861	526002
551767	214917
392247	175135
494866	389668
11712	417698
942221	877407
370113	186496
77618	765785
617948	757029
745847	753937
931900	79049
933204	535169
456265	438991
853200	888181
111703	484572
425638	202826
456106	842311
672929	215936
623630	230910
139580	508012
789506	955336
543528	275122
679820	843413
669323	993088
296735	596938
206570	209052
375700	73934
638430	850946
594219	273959
5794	414773
536268	786667
265290	489254
948493	431669
534847	904827
268829	111063
565365	178763
975977	402097
674528	412331
33004	743786
36600	512618
301610	504102
137136	348546
575362	972076
959904	244179
385885	201863
178615	562820
985637	702980
564464	793311
190585	811765
430769	736899
919051	905932
233410	337453
869869	681631
882434	501047
625211	194261
554227	672037
557086	967876
640477	831580
183286	2159
803498	186598
693229	924925
14601	753610
358813	556383
657729	744765
548878	89583
297407	57561
433273	862967
927533	200564
962673	176504
297602	585640
370686	574650
130652	822480
304211	674089
922111	380302
24809	837550
145905	216789
507092	701355
547351	270039
545009	616797
401590	452561
139788	255711
780967	673603
625954	849231
192290	16649
602140	813798
174395	337577
113470	554584
445412	162729
420756	799527
830072	291984
822980	228493
830432	101241
773897	494283
22468	939263
26417	374195
737940	18228
836234	730348
209637	333486
52089	299368
55699	265014
339017	75291
96383	127079
666984	542970
851384	997473
478002	117139
125493	910382
906593	458469
626382	533360
512031	717775
287304	283526
904301	268254
718694	207605
397768	278758
302727	341096
465358	951619
559067	981383
341189	289270
513280	833805
188241	796337
65755	539146
238278	309319
985142	240286
37894	171643
72974	795617
366351	322932
305823	336646
730739	607091
405830	97927
809142	602591
910750	494591
975142	806750
158103	522607
463475	789136
855392	222681
216266	478285
241607	543526
207020	726781
813734	55275
3687	331510
750165	647528
853420	540976
192978	298881
123077	313766
774849	920595
970926	188380
959459	500285
896317	185876
659224	411071
481805	77644
626008	542255
463500	471860
86499	119164
547567	109042
85824	762451
962611	669791
452252	922356
874694	25678
891719	62639
148249	369169
346886	381259
389444	363732
67541	279135
957875	663407
929578	958478
93621	483364
977529	911274
608623	327431
244138	855297
660631	117745
794164	370633
691582	327438
122780	896058
211614	646982
490954	445662
584163	734225
321703	829351
219651	522761
443739	860772
901034	868275
525944	27728
851483	781467
687734	884699
691961	193602
651410	456648
749519	471194
662341	4044
123812	138151
96400	908046
394545	247243
690900	667716
995120	586762
613676	282256
503799	339086
245512	97494
970817	630506
546804	663486
565475	166796
337135	557716
161846	542041
868444	682348
73078	508093
967007	903867
978400	880057
879512	819307
344377	433283
168421	892697
784511	409207
281924	590025
703390	831233
241914	797868
519348	537293
156593	931278
527871	575762
658784	873178
663087	295999
715517	930991
972511	981833
603922	95388
694767	546407
774445	433555
213003	408068
712636	132743
705725	69466
613502	818983
895339	990656
816169	685154
771799	31784
318529	444674
340449	313251
764060	923726
548583	637631
829461	137054
396605	25475
720803	282369
13482	491356
20208	160791
143322	226808
898243	691922
791730	152509
379681	370836
803464	327782
500054	627598
435	282727
120926	861278
812871	956394
204534	385782
872099	311688
123683	554212
302763	647259
298857	758138
617126	824604
514409	81053
948830	252312
462792	297261
607894	180409
822463	107005
594568	332862
291581	133986
195830	408045
649050	116271
630132	111534
833631	651597
625732	438928
140700	843451
158161	998144
923816	954950
720816	291977
697914	994097
909025	666004
35653	434337
364047	727938
77728	890372
282419	540909
989315	93844
651840	605166
710227	893778
93332	851866
866364	513414
138605	314057
849994	309726
807763	299697
491607	124143
299908	962844
126483	8471
496805	174109
929717	394984
390979	245876
636460	703041
368977	58588
726729	224827
376035	455768
255575	241839
356842	70842
441348	843052
559057	371660
94098	585590
792709	448951
798042	777085
58402	818530
182360	209665
856904	391306
16014	833045
435408	166657
411307	121042
139267	461343
618057	175999
551205	415392
209710	677998
662783	76695
407538	623175
329498	960179
946223	614841
320250	499022
661448	129890
498978	537270
493398	620185
686619	525343
164450	421031
26975	348909
110971	143749
760066	207399
431820	347041
503530	601375
125251	931604
386358	827444
762995	456557
404062	622675
305621	603329
963816	60571
938988	420529
616709	568766
75377	753240
511682	314781
10331	644614
794543	510274
750651	82611
613765	754179
935758	766076
343776	874489
311697	105117
561188	420589
62277	696560
675691	898946
949250	905466
406321	73284
472788	193380
623723	432299
436751	383678
520389	59465
751037	593350
357311	595372
356855	155664
657156	344313
919476	499890
777418	713429
236086	918780
85055	319951
365222	797807
658382	975953
159542	817093
637284	967062
261886	580633
553353	188855
71534	238937
45417	397915
401728	198216
706132	207302
678743	607323
547157	32894
556250	934759
824760	265869
879152	957388
689748	157829
565352	888410
230048	75123
554118	701305
574237	92809
268131	683774
21900	772632
473987	231581
298572	38430
922358	194933
381140	269899
645084	839741
184805	935303
827286	5305
980294	420503
691093	254092
867365	612396
354894	223113
533815	294450
695824	827326
551257	146492
211776	692299
682033	681583
819829	479740
896519	743539
494776	147291
24725	110838
218409	798879
383056	861716
841969	871272
753543	895662
675106	222872
196427	394200
154463	250106
742279	449906
463181	134249
542931	818116
412574	113559
84996	837721
933777	491342
519198	535774
56540	500548
136382	276303
951223	457939
473246	265592
780353	524870
24058	469752
244964	730302
588907	391424
92202	239221
819963	804268
598779	270849
217257	85354
547582	81516
7931	122575
247523	675235
732816	985068
578015	850101
533869	425817
117260	269889
265753	120551
769448	951843
174711	220661
48818	756322
563042	518673
14030	73502
561875	780616
510885	462819
341727	427638
49708	784168
336501	365129
300457	59853
772875	794680
400505	839745
340018	252879
436218	225101
22927	367222
750755	614791
607034	158050
322531	361197
521380	385017
189408	832839
622258	647953
75645	494022
542754	323944
232773	196355
588112	666308
370137	979072
300047	248578
194857	670226
920889	740116
69198	306737
715228	758931
667941	609650
551165	750063
783673	965217
404736	356973
730079	445843
889343	41909
8108	220275
334246	257363
159327	982209
752829	156561
430529	161607
672298	76457
596206	310503
196428	717254
77645	987984
263876	851709
809928	797288
90290	494987
881698	191996
860688	902086
860023	445239
451758	539078
438432	481845
871485	769103
2100	57844
437471	240049
670040	277802
188972	748976
542763	442127
921523	529553
699557	644935
114317	107484
825656	925850
607078	152107
564600	86752
205738	583218
40272	105610
690727	84202
990277	984470
352198	718094
249962	150345
82015	244041
388909	639048
473326	219019
467353	619897
201834	663391
776250	998983
373961	729012
81476	402152
569953	48533
137636	301271
888681	469209
694303	425114
373780	95497
200468	69571
394665	446596
177875	36566
983594	960901
518331	481819
736295	728300
11241	588788
789385	402063
80827	547023
180148	110429
459246	213589
582697	893151
113452	337625
197715	345195
869495	484797
886005	863935
32409	393736
944604	90637
734400	513214
441223	886970
374159	162636
616687	358188
115886	149239
134601	717936
433701	223712
35051	366303
974378	91551
976695	577600
552885	550067
239988	738675
906804	828963
540899	374568
70566	37961
582989	293941
81963	886718
950025	602340
48387	165657
3325	860264
305993	851729
818929	765292
373359	790059
368075	138882
490840	173599
208767	960452
396418	69137
18397	379304
123931	693766
518692	476858
13221	315474
600394	551489
638431	514413
366660	181539
512019	475061
880791	111581
797443	735050
554930	321257
195633	234699
162344	899781
297047	495244
118488	5779
833228	721985
320827	537335
702885	194997
118605	717865
174882	656066
707186	263482
531158	976796
276248	568330
838465	485643
994269	923366
541184	749968
309566	965915
284572	126827
131383	287823
549017	565560
223789	73471
293243	23194
904782	210724
484979	612574
608301	173721
866061	614035
942146	329060
979449	938702
524021	678252
585151	786342
969754	867041
591472	972729
669874	182938
165695	204346
87620	704037
202401	533165
377931	110594
454838	707458
815755	924731
108365	891809
713884	626860
905388	770869
477920	990119
604803	85453
484043	390655
876734	97676
327350	812165
907237	58744
624190	5664
341758	349256
135742	553837
921188	669227
445071	774164
744865	399298
674513	239659
612189	819679
368265	770479
505895	782853
905566	844132
363268	925405
809565	63954
204605	15466
528410	938042
847782	369194
842277	196780
457320	107601
675615	808685
734795	590751
957391	936154
591782	134874
319118	294953
319445	623450
342989	520798
852622	184674
503423	936440
611980	175459
825359	582032
294331	627898
393563	898783
129805	820858
271802	124740
446417	649683
907964	346526
709687	699425
917720	49283
214997	622065
676865	303563
250058	383277
832023	915516
501071	548894
274475	997132
698427	360176
244895	762965
704469	621485
340801	404881
969380	558163
278041	932882
946304	419093
391635	171846
984463	986693
536030	151391
158394	351824
886016	219574
517448	275304
111945	81003
23898	530949
737756	983724
562764	834033
395081	17900
728706	546269
756623	816275
447618	950766
463304	596440
388324	126711
340630	267872
141793	849418
81723	213862
965015	135008
907888	855235
399530	904165
289653	782185
379531	679216
716478	978930
536523	281349
978586	659801
946021	483124