261853 570779
922047 401342
211349 389280
999033 351011
377022 896632
642683 977703
251210 603941
78586 637686
351563 531288
145118 284730
818832 405773
934018 235237
507567 49438
928300 284579
433046 661505
57787 883056
795934 164907
182930 350735
732793 169762
131857 270244
316771 822977
331559 677481
720989 773862
976120 412243
885139 177316
511465 406228
33567 774742
278037 793868
905228 715696
335670 807573
270815 530050
116400 403009
250776 900935
532811 454415
378960 842930
606703 180883
464516 847357
455462 442022
350088 872889
526117 542814
38635 747919
615418 877496
334374 306068
683887 124841
782392 870695
846586 397475
660314 421010
243745 46401
928559 981920
804302 229612
661939 98019
545683 401094
755203 258049
744839 45441
620886 652465
84608 978625
944875 293108
686366 570502
444663 374137
526468 319628
997855 656574
828400 687539
159115 714164
901603 347160
858994 905462
867960 936920
980751 189989
121869 353419
755129 901187
202675 173194
625043 912506
236821 87084
333789 33937
17500 490334
33933 103019
832049 996626
813412 146446
325250 849764
49670 764460
610358 937274
82503 31948
637011 988173
920111 532653
317142 276030
298604 294666
709071 435398
177148 113090
998023 251748
456150 251010
321600 129073
789077 637732
575867 559454
179622 941624
187020 392972
972763 650554
366018 356583
170854 578230
328338 237825
128912 748868
599847 566454
326408 833201
34093 639774
925337 251438
36425 977427
293094 529530
204203 161618
611385 244699
370907 894061
879461 541930
109266 682290
619686 308957
153695 977963
780719 279398
599805 105286
381089 115515
244791 82809
433327 578389
815074 776362
465723 254316
160109 790946
865405 671101
332643 124029
289558 195269
200098 913181
461599 996363
432888 94447
301448 464304
926832 98124
41506 526997
62651 834973
826372 826105
667154 340665
164502 43763
404045 820727
92946 766995
476959 500047
105016 102162
32212 356359
538051 802003
186518 664486
709322 790657
566661 649571
129711 766483
885981 774060
652039 167827
976618 224348
585921 363293
928143 296768
217574 562876
484943 424198
761531 285160
373799 913986
587015 906616
343751 910247
329438 582840
3487 75300
257315 675876
573890 607885
804953 713168
658760 675772
759321 479578
700146 82991
304845 542619
495467 655073
956897 119888
90847 672279
547632 552849
762222 5370
565086 221334
443770 763705
578126 154693
701418 331919
231097 47980
537991 929225
103370 311414
373930 361064
111042 81158
246187 521984
429452 505711
186189 768738
437486 972788
103521 804128
570537 653661
809214 533597
183517 130274
203861 427159
808141 882399
883632 563796
345135 664637
124932 992637
505039 829698
738718 937449
509508 235028
929024 125795
150954 249916
134924 538546
924012 897401
158557 533702
961052 923493
842816 93931
662313 180757
856608 65943
813550 351255
74013 974452
717574 471026
906014 371151
756621 4430
688359 143088
343524 90281
564977 869954
89208 214461
103474 790439
470329 63577
308583 458301
671277 979250
175028 28657
489048 323411
319754 347123
219114 32337
216627 335418
611234 298832
900041 173889
767874 104638
975978 106604
51686 80616
738987 285847
539400 106368
260279 706263
400311 588069
219355 516159
751504 358890
34260 929019
493699 50750
626534 853361
882629 502324
203858 562063
660695 533599
977095 930015
208476 300363
669234 219717
412688 189203
79699 700265
347165 24342
26853 885613
678783 663349
821235 611141
511991 584269
348256 698093
916892 900762
898271 841017
151027 827985
926620 114827
168236 910211
517775 37567
443577 141840
573143 743019
484706 276103
93793 457400
967367 106618
839964 121610
293532 928521
259533 616653
837315 924314
204082 438506
145725 747831
846520 859447
320631 577590
105329 875368
778319 538372
588422 626543
253252 770983
3320 429183
911982 605739
302806 911873
471512 461651
708798 334483
642116 541582
864240 117761
960870 291574
25481 412545
779571 150839
107298 69986
713764 808853
438522 543262
960003 582240
955710 835661
163516 374065
320865 722142
262453 748824
978820 555180
177481 353284
151703 140931
829371 99794
940698 793991
511776 917257
570680 126126
525448 913198
102186 308247
597065 889535
651274 376764
350177 252932
744350 721947
290772 86579
730487 784811
439252 29395
133003 863809
967611 221152
151448 339811
719527 329896
374569 700130
669542 617245
173514 388868
817557 660445
942602 669700
738227 987121
290048 633858
196968 436984
460124 521191
394915 2539
805496 542426
297168 917773
296667 637349
452483 227477
398906 292727
869983 206836
379374 583883
112392 905553
678115 332340
263104 128108
347756 668821
311634 552337
546686 935609
42718 199746
766838 737162
552079 129020
990130 515443
799126 199754
825843 688489
249695 389187
722365 952687
559799 944927
975041 722466
152118 385793
405335 933420
351438 74899
468537 196447
458023 444729
273949 648345
937130 515688
859228 666120
461087 45620
590186 798661
25657 532399
621049 667269
378478 998071
808563 658237
181448 902743
713283 40436
626377 981942
513157 431800
479797 132022
32036 461536
423817 549731
217949 845069
155494 226899
40350 404818
719986 609713
318083 639756
471981 218768
778540 510334
642513 814010
224088 751739
372730 585760
980653 428318
312517 115197
173163 468479
702727 544012
383220 662593
552350 78430
426423 884672
6731 431019
354048 922720
74083 832139
207112 81700
39298 111662
208403 341762
392937 764276
798991 180337
148468 904574
538994 263846
414739 347991
148994 433224
488768 748612
875425 452287
108533 589662
684415 896809
832383 62162
38992 98234
566872 698189
653018 68625
601891 208675
333621 225907
365017 888182
289225 541472
187513 738114
558037 357453
682360 541090
405827 523975
744819 729590
345202 111167
408416 34035
352746 14192
458007 967160
437452 963423
523753 237820
529808 509826
385728 155565
494289 526614
312563 663902
401403 820359
539711 395377
850125 733361
652223 670657
835057 313566
392096 994293
459786 316031
733644 366522
660667 937429
54624 132570
558566 386404
260182 324563
485779 297022
113442 779895
483863 454957
604703 734251
47142 430595
895285 954254
984421 128955
137062 829427
534278 527762
757635 248125
927451 653014
433364 903494
247836 835456
617197 218101
644895 273094
705009 67917
638673 252251
651811 867731
928143 51336
185983 58975
133065 693777
322734 952023
305863 936424
822446 983462
104573 550455
895926 9164
309710 1073
925256 702680
660936 640881
906192 38513
954375 664636
770368 659994
800867 314445
908965 937499
993875 671731
443587 218607
864972 16966
780881 160154
43256 4251
444409 913748
256279 725401
349920 383412
7577 936226
682502 107597
980471 524998
489906 290198
380425 565650
311598 755886
622869 366583
266973 522309
50282 74573
852175 651469
995058 760024
362140 39429
963822 303693
395201 801848
745385 20495
633038 977149
351747 921566
404515 605595
218385 210887
236829 746235
824295 590660
810483 531899
749974 587948
48319 214344
798123 972955
558327 801170
934663 980626
870779 889891
364438 544681
477053 579114
229581 973492
97913 809023
69141 864779
828292 738291
98991 598999
916031 455910
443130 197835
137196 262454
231984 597404
357072 344377
416013 341254
95076 574361
756414 677980
26939 385113
433480 506542
114614 82459
466501 65287
508490 366319
446672 895315
544643 25489
301889 382925
13608 161509
321372 620809
331559 657608
607656 211889
711904 745204
838867 78463
783200 962159
301369 807249
996405 724201
594753 245510
111072 209273
520498 339112
173417 906478
551407 382685
375013 420631
503978 365704
403757 996623
378696 87551
2822 192446
971451 140997
889074 938031
747733 788516
804535 590356
280373 749229
695459 695818
601132 716748
921878 325117
822160 711402
565867 81343
711300 348018
7576 471120
563698 585161
787371 365761
419026 119616
347482 882754
901580 546170
488148 921678
339559 803249
848656 3865
223482 77164
760075 695068
145801 308680
33897 854762
643056 972370
132528 235240
269933 321604
287214 872395
876086 999976
714612 504137
968429 84531
505005 204062
726072 151217
611642 511706
368006 347192
85960 54754
489340 641719
325823 832650
451230 741481
808752 603671
236919 59852
646300 297982
737323 851493
792613 913018
549539 957605
649175 882824
544162 117086
804471 722311
174151 938076
621610 783950
155913 72732
947753 990001
35575 969545
420777 841504
85711 45767
168568 970350
191038 446480
319339 768210
779427 953710
54576 302112
676574 132496
267676 7438
757897 62125
128503 488097
815560 152930
79074 280866
40185 986021
931461 392303
342068 345532
852858 816849
583841 239232
317066 574554
531025 29621
984599 512355
917566 184165
237607 478253
631558 289317
184702 104135
30024 155952
442966 356775
97652 302154
154202 650922
954254 287153
158717 150394
616588 876783
58255 640910
807608 259645
505806 523525
89200 214419
73600 764172
781453 878230
250306 288894
488250 937292
365113 10990
561644 983008
888535 840467
40554 430281
287289 29356
437540 428455
961875 934409
914890 860238
441092 742453
6390 380263
447757 608414
79154 545766
24113 449112
73781 559270
709192 251561
790487 383719
884472 19968
773597 714369
928628 647956
621485 79044
358335 758279
930325 42980
500879 293349
823024 813107
311771 870727
464886 515202
28843 172233
634305 800463
470963 340408
480927 522279
421851 732323
426968 197437
122771 406067
566476 134916
570999 772244
403887 237778
127665 293153
212526 362630
295996 7715
756048 724896
137334 509755
138022 834597
898382 633355
629916 729826
620665 404433
421516 670823
766041 613302
196723 761210
660951 622582
98080 29778
230953 795393
51185 128078
217634 126717
426132 954668
25109 2522
771684 483967
102394 499193
458629 682968
241486 96443
472697 964379
451842 24011
7360 581401
918406 531871
571416 991302
383650 956665
882085 639662
628858 41931
619419 442197
160464 911944
420864 184741
247005 526856
628901 113287
124397 670287
987931 21972
621619 26200
222738 632145
277540 172621
206809 801924
961190 996541
483966 340094
640839 850071
760524 736673
806345 470133
857276 102828
848 662950
897027 709242
541296 919663
300854 571120
621914 731563
733412 691856
403494 261123
529599 968919
252183 678589
652858 678698
343415 135638
983850 255896
876843 809356
709860 262147
410547 597531
584628 691897
666129 31024
528126 171866
693010 811045
983077 131003
698463 319834
646225 48556
164779 297669
426737 890070
48073 891590
725820 115594
463016 777608
41470 656748
214944 120493
536426 195883
38773 259807
959225 478871
850415 863979
383602 668901
52452 492123
717706 613212
616888 410448
240605 645711
143547 588947
541376 447451
842981 588371
341328 748978
178670 308414
480605 920841
670161 617246
753882 30811
365246 806946
678621 451599
695160 93510
497927 957133
129488 164976
791650 292593
362397 652328
136575 138867
332454 25705
413155 557800
393167 503419
215526 104199
186901 844533
74824 418035
310460 580991
178133 374707
147128 942789
574562 516164
216421 944301
869815 538110
182114 780535
147894 553325
847271 289972
298354 837395
246823 591385
170450 39408
999886 995729
499777 486763
892072 322724
853890 746182
255807 304540
275218 429913
922417 838055
765756 80102
599257 674075
645460 35479
753678 150206
186923 821618
216914 695354
620595 931678
351660 376793
61166 72279
485262 40546
219484 118462
781090 361085
811495 350785
372826 751797
718592 675308
150833 526989
571740 908285
628214 96339
230231 403753
999680 731907
463381 530891
622261 721643
717967 209013
980324 889379
719559 867971
735425 803981
231250 193273
409977 331523
305965 149979
825893 210665
804019 365597
463087 917731
4038 187755
400911 903014
801564 410611
757807 37536
315393 438114
667535 293037
666408 460816
455618 418030
618838 252314
594126 723511
488960 937773
155391 540667
266561 782227
32161 252932
124709 916585
573614 741160
943994 969771
589237 435431
648453 101227
11909 570924
657749 93875
77204 870072
369433 559180
803360 908772
690864 979915
316018 120843
973057 141216
692914 80337
734825 169902
110118 393067
584399 41531
923498 404093
507861 733930
993141 518258
833304 286073
172697 754142
216612 797332
326644 870278
351415 482317
615776 481685
350083 965656
538913 466399
443278 142112
93571 847345
30001 463631
378450 601450
215159 834613
829867 573847
140780 512627
179395 73094
724260 454653
69262 16514
727761 719828
334989 408747
43768 603380
397638 548735
204525 301277
36978 938853
215545 38823
649247 561153
946816 675472
268574 360617
830940 174974
980670 619924
649975 241863
521272 303652
258585 684008
113193 50054
237006 641485
250095 598414
220939 185245
679001 513205
984193 732369
688893 687064
253258 114118
571146 512179
804580 699907
484257 455801
377340 938394
25545 633284
712166 398205
738392 230337
12876 116364
989110 100697
755474 588958
394413 214739
209998 893807
792942 449661
162891 282638
699257 150725
273311 51640
82630 204025
433805 379545
931456 85548
527559 558157
704155 879253
250361 5199
553890 207319
563303 934634
284990 621332
538437 638722
291927 947838
209409 295800
127247 158445
736580 462335
288872 313823
756040 287160
388573 10970
545706 559029
921040 5545
246602 971379
425903 600955
154283 293494
222843 620237
791443 393827
115825 202718
18229 702794
494395 644719
324192 66026
75351 579559
934830 184355
925342 467446
962481 489185
533256 780240
798056 915964
59659 817980
629248 295098
63445 627776
203134 414869
933259 376637
61657 329206
190378 850539
717261 276433
212135 593723
394455 41820
899156 534083
311268 952585
318058 858728
207986 292860
740719 307605
362020 4167
95143 363157
411796 985622
268088 271826
371167 345892
555944 676137
98552 878808
780048 516944
818075 131903
376902 387963
562843 560251
309038 774839
719468 261520
639868 666079
980534 178528
687823 176821
718775 279974
175676 134419
940498 59732
931693 335770
986048 142865
281714 125208
15161 781706
827746 422881
65203 494663
998509 727104
957986 443133
761409 909929
495575 138099
