778238 752175
529522 765052
63154 754990
312147 396390
662329 281215
330445 612438
39812 498037
367162 952798
638650 654343
849380 688323
166298 904303
690854 757990
379647 978169
604175 130241
168992 225076
1446 774423
361085 947556
856345 977759
494414 234010
802280 856978
877936 375712
24787 608378
491773 765141
563670 655790
69228 185316
47305 900350
549513 740914
995135 849430
874978 978888
70823 594612
693538 947271
41020 909747
558310 468848
340804 359306
300784 334404
548156 633840
520580 515031
509130 319454
697320 764107
352620 795286
745532 723828
106757 762527
994039 114374
445304 548106
483263 652559
582476 786968
18321 257967
278044 886886
528986 905831
396541 866492
776933 515555
206403 931183
626134 354268
954583 815481
68174 960865
950672 710615
838182 375082
352675 576476
874505 283418
772926 973112
819643 31320
856567 836648
542001 865071
763618 782932
118547 201223
664274 293654
389566 515393
62429 239320
583116 174602
548147 961821
919000 373826
23340 310629
766634 335547
28414 169904
442896 704620
8653 956442
280215 832190
54081 352067
221865 330941
180013 988749
470611 790940
213721 931938
619429 829793
456256 425587
679137 127867
204555 731823
375854 228758
123863 403638
147887 387476
829368 147291
134121 274697
397074 713632
821196 725050
411335 75071
582916 598660
131691 982111
237414 618019
374164 696132
724129 911829
393447 820395
669783 773503
835952 46545
709139 938945
393853 983554
969993 493375
460892 781850
12833 204381
448422 795040
348712 808977
299793 359170
807200 420575
45787 161018
378443 693379
557902 691326
569426 582200
664267 394585
560681 720957
996776 324084
254627 450830
398208 979238
448548 570228
455936 440393
5019 763021
804428 228543
291060 710508
266991 775361
11020 389330
97130 800486
499916 302065
559096 470178
530897 772362
415174 472643
489876 544409
920577 385616
936846 987337
326153 659105
272181 413892
347095 923482
847721 916907
796378 820901
674771 956394
301669 389688
432441 987935
709164 732592
28562 366168
381424 637548
859952 300308
284312 398862
7492 914566
462513 994948
798280 396263
950683 708927
663437 712335
581714 210675
572372 925933
342708 604492
914702 968341
937854 615785
885602 245732
593781 3686
99694 865776
85844 718549
125886 303062
918872 20655
710546 988429
990738 995870
793693 703801
841078 632453
485601 585126
4434 555571
523692 583030
307882 544816
900854 943235
938324 707330
166003 805748
966246 378330
967216 83089
509732 745962
603919 151515
879441 181242
966247 355163
686458 939793
30478 894646
628444 377020
216185 455272
107485 572319
441952 796306
693999 874006
83389 963765
292169 559544
944139 976571
448215 912204
698281 410139
23276 159314
646513 470043
147933 287710
30092 965069
794 9707
562857 974090
807941 543278
111090 329204
403534 668689
573545 460807
624987 902215
476361 920708
42146 561127
725439 585583
924822 718864
687258 112350
609296 615670
197692 602237
21136 403261
471952 503803
997980 990937
580267 834810
350500 519782
132049 140463
339542 354007
372415 998088
533682 880373
939711 453973
38606 664792
299599 876921
465118 735314
883927 305665
583327 347727
136465 591965
165137 218527
171121 388992
391474 611974
512927 553113
70726 374103
243100 924572
687272 917408
884114 282555
309674 856386
222109 650899
340467 955037
820197 296424
856801 938452
105461 348126
837569 264107
844501 787116
530957 820061
633 877879
657950 475469
497324 457694
406374 771514
613405 669594
11020 404466
155843 446988
339095 529259
654963 666787
941349 145710
826480 512582
38382 178078
660089 534285
257841 553823
11494 473112
627926 965962
458707 876605
975939 929400
642386 807164
433985 830271
54129 746392
371225 339716
271327 370365
200809 273218
172632 446134
8871 472447
279157 581771
562235 330170
308951 963611
625110 224038
451736 857519
815600 10972
191605 788443
67190 496019
293474 543535
580647 611075
820078 931661
14691 683560
762023 271993
719108 851271
421222 512744
586826 591135
749779 573121
259625 727552
594885 44980
45369 358449
238346 674979
172642 956380
363466 538197
449005 927652
880289 683074
10050 547446
242634 501112
58461 799701
860371 180680
604956 31842
216479 279098
167007 364863
578744 636532
459274 494392
113596 762816
360536 489878
249330 513341
231832 994787
986876 800037
338313 45769
440540 479460
106757 159940
158742 207027
627604 446147
537575 922520
673503 801337
168692 812052
612329 839378
477868 727497
357752 193329
209081 923780
540799 272229
786664 69142
369720 963632
808590 208019
597034 895955
214871 400665
166038 984913
605452 541546
670043 540705
47231 547132
406572 862504
150235 598277
23941 670119
231900 520275
177101 651197
310256 497301
676296 112138
806592 144253
928942 61130
814381 888286
388992 728589
868683 312273
101411 722603
806837 427270
213798 305841
995768 536007
931589 939441
252622 539787
883454 479428
41496 148306
946573 344078
551387 909136
374601 983048
91502 432559
771168 674974
405033 100470
481611 499103
470121 239244
647860 82065
50487 304589
206381 592248
453712 427812
158163 813225
900154 265727
504479 602369
607208 724389
978486 527643
518580 631543
780334 696693
861922 773772
197669 873740
228982 913540
98706 499355
769543 998466
562689 631168
451896 815090
602325 580009
46012 140751
37954 877394
272736 254843
118246 201122
841954 945189
618845 825079
43013 735159
594444 679424
911592 31740
597702 22603
813581 966223
404037 267981
87628 729032
759579 255194
712436 873321
397425 449777
640981 666151
897798 44962
569998 817944
336642 545511
152948 360680
479487 849143
639037 966625
267228 668588
565152 193343
80630 479983
259234 795294
243251 289491
296281 793675
955007 183961
137231 427230
389006 745993
832477 383785
979821 336813
246860 533768
620936 701135
424495 737191
511316 799509
834761 710885
108110 606757
757045 726
535864 482275
917243 927316
613847 343291
4235 931467
77932 937743
626147 68310
155507 651395
162688 582139
520274 766422
836831 175673
218242 756396
674177 901107
76713 579792
973475 949955
334427 587364
7056 294529
684506 319973
714694 949471
196310 852226
759978 526250
597755 988953
767040 453211
806244 880700
793079 132971
486492 894148
150183 943981
951400 530448
260165 601160
514702 265573
835248 870399
401346 505718
675221 541756
973699 827806
928088 624646
675270 401224
642171 888910
66423 238259
824443 999978
654228 898062
370494 865600
205939 340025
547780 370282
773918 377094
392092 594624
48515 328402
52776 479581
757603 991569
251660 746684
775096 565675
92527 702372
6078 241344
650872 909679
219094 266016
393224 965855
206267 225701
37539 606960
445861 648189
8863 533681
476171 351306
845691 880217
525955 544363
472206 262455
748449 761383
465917 655273
607110 898751
130121 961467
608592 736575
513683 567551
99159 162829
680125 897304
943722 346821
124809 164443
160047 807096
333150 729380
941036 967213
464697 861692
990170 385794
99554 274077
508720 891259
181449 206560
743665 760928
26178 462626
374158 492349
802908 504140
211109 766689
334699 588356
129338 464785
849167 724546
225603 637459
255999 649488
176585 540832
17151 793169
346674 715320
129781 573621
859113 527825
678007 214676
57325 903755
101365 640263
716099 973931
810041 221599
81173 485040
108303 875349
598678 573669
253588 818957
832162 117962
274545 872755
694335 406557
682521 760760
829215 201568
767093 401004
299011 558698
377282 166012
880736 933786
114116 293568
514949 52294
327665 287744
37168 162264
432713 707310
162615 969053
870054 927731
990156 692435
67325 726762
543600 521858
689168 823491
882905 330503
686356 775654
627208 709822
425038 994343
704970 327532
401496 253893
2758 276097
637421 437806
975429 866973
658065 905390
570396 829676
645942 930585
683603 380402
22806 591610
90842 668700
860369 616500
200891 846013
27722 954650
11249 922830
792392 912356
402913 768276
777266 215995
804927 929119
94679 359269
460097 230621
214023 470929
392325 132211
144011 402812
457378 98676
861127 960763
134114 413768
632959 810519
755804 855572
638128 191810
280656 993770
475261 635649
798088 747439
831334 55886
138369 385473
610301 675983
443396 785478
218881 797160
288782 149405
989149 615458
705637 273954
112914 974797
313688 443654
56220 403992
939090 290661
109326 151884
371569 935285
723612 754053
659482 874952
644419 668006
525931 543183
572991 704042
935836 54617
498499 17406
440619 904817
186345 999173
752192 451024
292962 874306
442898 977714
318185 902278
360637 829564
137722 653988
994097 177604
855940 370338
97242 302746
38620 185379
793254 171264
327232 406503
154922 820569
759052 653181
431170 980701
437215 768214
301711 670911
838680 288097
764538 850153
838859 991414
416251 854100
184874 843199
661245 176822
545187 65123
970461 258039
557605 316894
85277 679003
14712 184336
920842 999791
668879 980177
896811 811992
382761 589361
253112 702247
410126 724262
168353 918446
272819 805355
253741 525146
968638 447001
634066 998929
119351 381033
597642 765281
764812 642751
158541 971925
553728 264565
634495 836488
871709 223333
464443 977453
617187 365464
198178 405768
139893 683327
780741 995487
462603 4300
381145 734862
331182 611579
521880 548591
286074 611034
183363 843202
28480 767205
165819 293105
899962 631249
256702 311122
378033 755859
655878 841489
131245 297235
868037 193314
571729 937824
802465 890186
60532 362782
425294 934437
931367 727252
840151 582469
924961 287908
265239 382082
590397 865395
413157 603565
622891 605917
420202 872968
531566 910812
141982 840212
590920 628021
408484 531386
963179 329099
160745 623544
797730 708097
754518 856237
60547 572016
575475 112870
501096 555199
175979 610821
425003 687822
422520 920744
460760 248959
718394 680035
719394 973267
909304 789617
571834 368141
176555 703160
681656 729262
330693 683513
809354 274355
43928 680122
145931 616031
16275 240607
951943 821778
375615 996265
423657 759506
315810 471547
405706 78975
471029 569708
606064 380238
555644 324999
275346 981751
513934 919930
702741 139765
731156 635840
667767 697279
588482 636168
900881 518898
313813 803070
257891 897697
121198 578421
719858 154321
258256 933350
680407 938658
576303 631847
500967 813621
561028 897074
712557 808886
583920 22796
822030 868174
462671 544190
907549 859505
872332 169040
958128 388534
207614 494141
253183 546530
720507 976884
794417 46081
528430 828799
266337 739413
82210 867864
487651 826552
373432 693098
228446 252917
127596 288069
549465 339739
663325 749573
487726 493486
646280 835925
480224 685818
138230 560895
994797 716080
177473 880920
236003 578534
324913 460761
595072 427566
31714 988028
928892 800461
355777 692314
144668 171364
380908 585096
974348 356867
299389 145948
390499 566241
882755 548787
889140 694518
15832 866267
462156 685191
652814 605330
826214 989309
943771 321046
916019 893247
324508 578052
851483 233574
702587 208700
475912 934908
468389 770593
600760 690220
732316 192472
939693 392501
342585 600508
269645 305331
506337 729000
704825 495265
241042 541583
625795 995505
929221 424030
107043 329812
904015 614303
310867 396160
33469 182010
200402 277938
384518 804182
957331 355699
346959 208603
350207 653054
611633 60419
331190 561334
724276 208104
263248 569921
575011 688452
189584 648281
247010 768643
571956 762435
47450 315790
891653 667698
731020 612560
177897 775371
586451 116883
462602 532309
737121 630425
292573 599384
970765 509205
220452 661208
643165 796166
519281 61616
41384 169205
676893 971729
157722 695253
768736 869171
35341 743732
55901 401442
867448 948088
884319 298878
772883 268610
325490 684261
625623 903644
919348 669564
789385 391576
18011 191736
138538 348919
722738 719990
211057 572642
273244 923416
651132 600182
323330 924954
972169 592118
395066 474351
51013 89792
492645 611326
617969 905303
460333 953746
820975 997428
485300 206697
515144 568072
396966 424486
604665 643266
202156 924411
122252 934622
39908 147022
923216 791672
145735 905771
913678 832931
787391 486632
356583 736696
781565 706993
815924 850188
235705 823721
35792 963086
737667 117963
322742 880032
176015 652186
731560 389063
72584 754977
698830 788358
567028 918085
893891 354863
261422 500220
842768 203671
448289 510480
325987 653219
234686 487933
377485 509602
728392 768419
323340 815766
618010 938805
388955 647600
850612 228226
834368 989765
486157 795041
338183 108199
208278 703407
411169 526085
584187 886047
164437 645289
874052 886936
111613 960429
405998 714693
926742 328487
147917 797647
998666 913895
678065 26980
614901 163281
40717 608565
40045 886076
476761 106847
207017 792483
899235 640728
254020 360951
364601 601785
237343 432146
89156 601122
334205 756006
829309 593362
955231 318709
83857 96831
390747 759910
56350 937463
86975 615912
503028 131539
17631 657558
998894 791060
477249 786382
885353 282575
167380 840203
67393 171385
318401 316694
446862 525085
308660 739199
562292 531173
655063 905156
967436 593182
173010 266144
701791 955642
641869 821827
690073 529827
252931 175848
894982 297870
913034 792839
923970 947840
223348 704400
960590 864287
165635 721979
11469 774494
745997 909623
844944 582594
55000 560069
490705 227061
42137 192498
80438 225873
760871 927949
227227 467898
19776 589090
806337 353080
543199 911181
501919 855403
383294 819835
164304 278226
584186 596098
45896 522151
160009 708865
215320 838958
183078 256384
726982 755900
317712 977154
15883 565983
8069 285846
719736 927194
614426 58463
249985 464249
538608 805731
43353 145882
140093 281911
186983 330564
251112 482516
898541 785108
955834 368861
766968 853268
843508 641576
475567 910561
99799 623219
474799 745795
222934 725093
653904 573854
229314 373010
933557 936982
191490 621863
469456 605747
553471 649741
227039 179755
256760 673779
321865 30617
647217 412761
124696 744415
810222 238083
753322 519793
493091 874834
910062 208171
565814 862117
154359 531018
735799 751669
132204 348896
382604 972932
853836 185044
536611 164398
686791 393790
513808 870013
