413450 395016
628050 340919
375209 606748
891170 653384
724100 71693
836114 346516
4710 839046
30642 102743
875820 393101
272467 63379
725956 379571
671973 124458
447290 561804
924305 381699
160139 51498
102959 427667
910496 849704
491646 71498
326285 466794
807886 491395
648601 647794
65548 457299
397941 869349
709320 484287
801829 170415
499659 604434
352464 526622
322961 919825
676033 736819
537116 401493
547230 797260
774324 729972
483853 461122
554102 323250
288746 472144
284489 98438
88723 605480
656959 945911
155735 613146
98589 938589
129126 523789
376241 799538
994730 816840
403134 769269
822832 138735
44741 898131
214230 538356
34232 185405
726477 898753
840782 880890
449563 930417
93516 737680
706308 590111
379066 329385
554093 736438
848371 564005
425643 979508
296680 245776
711256 583414
725228 1790
110950 609618
881969 768597
34941 49330
652076 281875
351133 235821
149830 994286
190638 20564
924234 49366
886338 452333
187234 301384
633733 199562
209271 117594
647563 452278
179953 984782
429791 444663
90086 832083
974903 150316
207295 425266
42405 922966
33000 873369
306093 492627
276843 355741
851953 207565
220197 990226
360607 195808
964668 784733
303527 620804
497011 172057
922805 182938
812282 392298
979362 468746
611666 660074
864000 265832
366617 601783
311195 327648
455342 633285
401979 721708
599920 392915
140581 982290
186957 115410
567289 638960
215516 246064
546474 213591
205930 454911
94676 691095
578648 98119
135665 662323
558479 62249
170058 962778
169381 562894
860180 253095
319707 221959
861064 11977
620904 408493
226583 976559
600090 918556
955408 699184
31893 134099
941473 93434
669260 888347
648115 489486
362354 69752
933630 467324
777939 391890
27682 685206
519618 753255
925137 689824
97590 755169
253534 868118
352346 945889
21790 821954
435963 153013
479169 855405
293964 703713
343877 64385
339208 84893
941542 745980
577097 280820
793971 157117
872374 399039
286849 10467
302174 772703
78534 175537
441896 554600
717682 763560
547781 454855
533549 130847
697998 37680
785064 726408
512677 559161
31452 43894
839008 830369
173298 706734
165151 181217
490382 952845
31047 657006
54556 873622
703981 905303
348735 194552
831568 379596
467047 628955
74109 469988
358241 975123
836146 500513
183747 215613
718665 370421
793538 948979
992035 846205
862476 325947
658597 536488
434648 588335
9687 434883
748776 650736
430699 213193
816092 220127
284266 369950
709134 872212
7053 394163
695740 887983
175957 399242
810934 423443
95732 892046
242218 507917
427621 238708
32704 661658
923063 423818
261476 494713
841604 669245
254411 557864
424854 278002
95739 74081
648190 627349
159586 834898
629150 226853
304173 853410
718712 536885
692701 867643
579299 814794
520837 929086
653912 981355
807538 561186
314120 532636
461272 856315
236690 527801
425831 422040
821345 120524
905337 270670
834120 399130
946670 889026
371578 755750
904123 222725
954066 707069
567310 900019
334045 659034
418555 730116
854755 622134
992284 129962
376940 60528
761908 842431
636911 330923
709189 747736
904186 413599
338074 213665
718229 681431
968446 906142
956086 903687
77547 333839
30191 804887
869261 790215
265650 223866
205320 782942
857363 146364
886868 354081
982052 793687
6200 389401
829543 619176
665088 128344
807061 766715
805294 457385
553321 622023
7482 465475
90863 781153
214117 990211
444271 291810
664754 990567
998148 809231
705420 754531
291154 982129
483617 639087
877991 549610
520699 112960
963666 280716
380294 486979
225803 45442
859023 190935
167273 840676
840214 510764
291035 253565
471038 137512
372037 141164
655663 364245
516405 676492
149758 475372
787184 174304
899828 164899
467552 531611
894972 60681
434976 116382
673370 474890
763816 607267
589496 587740
155752 293575
689327 85780
339538 937431
839085 732736
204103 718224
889321 893930
706021 631473
535322 813706
858637 982371
552302 721113
718282 692624
576639 818062
606962 464482
655041 10934
42179 46877
739460 782954
74479 344423
363288 967307
733412 841195
834390 244628
974254 490207
384700 630500
366941 528345
259669 571788
329784 596860
959741 336309
705246 801408
736701 448739
650015 342578
413044 303604
83077 209306
245856 357123
292228 218770
287643 358680
180179 358270
891462 55031
361980 231523
146216 880996
925986 107020
792739 448711
583126 94032
26768 836295
88592 231603
138983 624633
160826 807548
310328 66056
932 8787
596821 175602
182586 751375
682305 412056
341374 638424
570981 593763
318212 164414
224235 147041
550388 107181
710165 432949
325664 836931
577619 886208
73165 970810
344429 516540
122783 628235
12032 306617
253624 397930
671417 57916
143698 910413
164928 741070
322493 504625
5182 997828
114715 727798
48310 924488
143557 577491
875939 72779
350845 11052
855937 248313
866807 721028
151094 946587
309633 883073
476038 461065
852993 719595
539109 356433
519442 805623
862901 564630
496375 602187
739502 837686
708286 962647
938427 385109
635186 505004
423684 778624
294307 616053
975174 33766
531678 749374
771082 527941
377825 697261
843207 964415
201061 142036
690453 346218
906471 626526
603138 909069
391325 389202
698826 979820
309396 591826
81013 451061
801661 594108
694065 285675
270403 859488
710262 194753
121086 760849
253672 325280
987354 72743
595420 573718
293216 147952
149137 226501
805613 931314
554824 659800
560774 57256
448350 864150
983037 400723
284460 267424
464573 527594
808864 474388
834434 798781
625281 355771
707968 328412
420684 99836
687616 93330
695662 799059
870888 786902
579171 297008
518760 105513
287868 244530
945534 55590
53529 510157
429231 677494
541789 12920
933508 760247
627247 440722
549004 896236
6022 612218
936497 664761
178127 885079
329532 73199
543829 265313
805836 241125
75754 24208
494626 743237
578928 204409
720258 914312
317807 527759
736468 412375
83040 878458
265465 45935
342394 131868
313958 922183
97273 569112
348427 377546
993610 563307
960967 222772
173876 231630
865658 791407
529588 633130
280120 992944
530942 754013
777494 851482
241871 226710
330538 146924
264915 786812
513988 205152
274076 902557
234453 681514
253978 38881
235755 292346
644396 762872
562690 907830
466748 860355
162693 671413
12573 857596
863227 778102
422627 611839
948206 699645
959381 897230
41512 593024
971689 11426
727082 706780
447386 568822
353093 888634
382386 782372
931884 9743
759999 732767
301139 504844
70344 179016
891077 170492
227891 265004
879656 470028
151841 656479
674269 231029
628190 861204
127317 451043
365792 733379
373482 799049
265225 226006
776083 872823
742496 507764
776098 922011
291470 303385
287338 351832
833195 800221
343448 758957
159005 821051
972595 215921
9316 504024
564652 239176
74746 295745
188659 825186
837260 297083
206236 34552
568266 272576
164480 419602
733922 711080
451937 803130
985169 637100
659600 12885
953566 876702
704471 926264
363721 268754
410916 152152
647611 3635
276706 968122
87129 830922
533074 746559
42065 787801
81182 803545
9838 735638
956070 754004
49597 831128
952754 106744
713989 657472
294115 803303
638918 845296
939221 167062
214724 904373
995948 427834
875057 391858
664004 829057
536670 527146
488292 737964
12522 602411
602076 536746
50245 865465
654037 426762
465807 282511
435859 811993
181421 968817
721287 896930
963107 416886
618533 541174
502546 632619
291206 92249
228579 634568
730600 271684
487134 721582
549076 892515
906329 556119
267258 993551
543484 670826
502547 159926
797852 662429
177425 492896
456496 311589
533596 280554
227308 647300
792595 507934
498522 228180
203466 613645
964556 245633
873154 690652
648390 19780
81275 791273
375698 847162
338525 369834
285275 515318
855764 345330
436460 496335
759664 876938
710139 527409
639803 257968
893197 946628
596387 547664
773227 772615
955895 269902
414583 250614
794637 634282
376086 727717
606715 927112
242393 498558
903028 418133
677903 414863
588809 810599
777553 728253
54343 502309
850889 420916
479045 76705
433387 140055
980062 790254
826478 915157
141029 593117
696859 535971
908572 766720
931718 986708
929683 871247
579815 432996
543528 19914
187477 322920
687450 679951
642360 227727
521192 668576
253476 864120
530268 25570
625237 917870
561772 915708
843789 869049
88413 546438
793163 857112
376278 321213
666069 988482
100510 874838
205769 50820
627283 493447
681718 40891
460884 706046
702292 568561
833789 925058
628454 483567
241255 963469
600193 526454
57251 457946
293620 941034
422142 618280
9962 722752
982560 629340
783499 204705
637868 675339
445142 532459
253024 593434
507320 755082
794745 955667
971094 32754
224124 417771
991698 856317
882101 276072
26410 575263
100104 611231
938268 176261
687309 971517
605944 593894
48797 931186
497669 568368
135027 423792
896753 952965
936748 795366
138160 551002
225288 977580
894910 359880
234521 102248
103298 873440
430791 684900
175058 581388
189112 383101
924502 946327
489131 700662
960616 956746
906518 694628
573590 549007
637801 671056
316569 122537
844268 998621
26344 272825
179495 37729
401176 465847
829470 254003
247062 230271
965162 899125
443158 407723
788323 686293
961201 244747
794673 609571
945057 923307
610274 78039
271349 975837
161865 277079
982633 600919
228160 574101
834860 681788
24410 256613
20379 421417
401394 696248
377592 186070
77709 898630
692125 583059
973369 969648
175276 546718
671382 498747
91283 888995
480385 62470
474685 180966
785251 788968
642546 493858
954282 564818
387867 9855
576159 835445
627241 486545
320057 374559
711540 937200
728614 588049
28428 853209
154026 574583
850648 531026
975173 644214
851995 362802
674370 838441
751678 201421
474078 23814
242988 397512
622482 938944
842055 421037
479406 612081
374631 381467
933446 681912
607144 408799
528410 84473
678166 452703
693437 779009
739421 450396
531898 358169
517791 590286
512498 495857
654739 882835
223359 37068
69238 921814
723583 961933
929925 940707
623040 277812
547995 150879
880629 152939
201373 334541
375440 912594
444162 891331
681978 767227
845381 780206
102845 540156
987729 998183
897504 665663
916434 175459
567316 428475
842800 464907
512817 857503
90727 860950
998065 759669
72719 939770
663683 776574
80510 117079
93788 851370
779088 115934
745575 592467
638641 563758
409238 995647
904335 647609
761618 577895
21955 47449
611728 249367
431705 132703
631923 256142
133870 958377
336677 554757
572108 369663
772916 219173
503994 322599
852339 90506
972010 906143
512192 675180
461534 343764
688536 160307
354460 857048
656201 430767
189942 568539
91498 130451
12945 779670
628600 560041
170661 766942
185648 520251
337384 372151
424602 362661
401156 697179
474915 861350
698441 452294
934145 685349
155271 568145
638428 505123
144016 507932
217629 283492
45910 161508
772431 398760
948486 918526
829575 619041
514168 957242
682985 530959
535643 142600
560953 393144
584245 203448
506500 280286
412355 61306
373893 171274
878216 469294
334220 810231
38886 937419
199341 6763
456912 922817
206142 541222
469189 791642
774968 930062
251809 442746
726906 43299
711645 916696
54017 431730
580051 125971
56817 552141
382269 509873
170320 123003
711739 180218
519611 101351
622392 670383
643281 517864
899028 550768
83583 536833
750175 529736
448754 675659
322775 260132
313076 176741
350718 731377
414152 548979
100888 913340
156353 262051
250367 213612
750994 835096
475752 131150
805559 351693
158448 753077
239254 520487
526867 952889
858172 769738
624843 48679
207983 288968
620826 659323
712789 544317
771591 962251
805332 440892
150055 140204
471302 92994
935810 37604
389659 3240
328249 568758
76515 945357
846304 647368
298518 142468
264271 692814
306439 587306
539406 682181
821978 875696
990792 384827
786720 986211
539991 4512
735915 403843
370494 660777
733405 423694
105229 197540
735492 61216
391780 986792
909340 642073
279860 516670
571950 365337
559020 713342
831378 638811
367648 959571
117149 58852
647619 515879
61557 459275
677563 460222
646669 124429
517851 524802
614504 620798
154163 546757
413450 395016
628050 340919
375209 606748
891170 653384
724100 71693
836114 346516
4710 839046
30642 102743
875820 393101
272467 63379
725956 379571
671973 124458
447290 561804
924305 381699
160139 51498
102959 427667
910496 849704
491646 71498
326285 466794
807886 491395
648601 647794
65548 457299
397941 869349
709320 484287
801829 170415
499659 604434
352464 526622
322961 919825
676033 736819
537116 401493
547230 797260
774324 729972
483853 461122
554102 323250
288746 472144
284489 98438
88723 605480
656959 945911
155735 613146
98589 938589
129126 523789
376241 799538
994730 816840
403134 769269
822832 138735
44741 898131
214230 538356
34232 185405
726477 898753
840782 880890
449563 930417
93516 737680
706308 590111
379066 329385
554093 736438
848371 564005
425643 979508
296680 245776
711256 583414
725228 1790
110950 609618
881969 768597
34941 49330
652076 281875
351133 235821
149830 994286
190638 20564
924234 49366
886338 452333
187234 301384
633733 199562
209271 117594
647563 452278
179953 984782
429791 444663
90086 832083
974903 150316
207295 425266
42405 922966
33000 873369
306093 492627
276843 355741
851953 207565
220197 990226
360607 195808
964668 784733
303527 620804
497011 172057
922805 182938
812282 392298
979362 468746
611666 660074
864000 265832
366617 601783
311195 327648
455342 633285
401979 721708
599920 392915
140581 982290
186957 115410
567289 638960
215516 246064
546474 213591
205930 454911
94676 691095
578648 98119
135665 662323
558479 62249
170058 962778
169381 562894
860180 253095
319707 221959
861064 11977
620904 408493
226583 976559
600090 918556
955408 699184
31893 134099
941473 93434
669260 888347
648115 489486
362354 69752
933630 467324
777939 391890
27682 685206
519618 753255
925137 689824
97590 755169
253534 868118
352346 945889
21790 821954
435963 153013
479169 855405
293964 703713
343877 64385
339208 84893
941542 745980
577097 280820
793971 157117
