598200 598213
477821 478079
865766 865899
287634 287638
663117 663388
251038 251324
985746 985772
142820 142860
36218 36242
956148 956205
569924 570127
736026 736299
144776 144820
764478 764774
492994 493252
458086 458265
658528 658801
899246 899544
461818 462025
536754 536917
953157 953196
600366 600504
713413 713625
92055 92165
998754 998856
476137 476144
461736 461833
553438 553734
433375 433652
691061 691165
597904 598109
900885 901109
384630 384782
146577 146579
146977 147086
482574 482770
924480 924642
144641 144874
35763 35930
674344 674524
916869 917026
843135 843271
522453 522675
49288 49450
885270 885457
197693 197717
120335 120449
637119 637276
980422 980433
178730 178834
883557 883831
187151 187247
389870 389967
519025 519222
518901 519101
249159 249443
80656 80888
735049 735314
947053 947064
499974 500171
608572 608796
659334 659628
987181 987247
577850 578127
379312 379350
350481 350567
426307 426427
23854 24026
774754 774866
619545 619773
54541 54665
999230 999265
232433 232687
677726 677771
809652 809678
437565 437664
925261 925507
774816 774886
34545 34812
702585 702715
112385 112592
499370 499529
180495 180514
371570 371827
267230 267341
864614 864689
292690 292695
424160 424337
25335 25626
338692 338978
633538 633768
141194 141211
572616 572653
700464 700599
253559 253760
543988 544162
613826 613856
643623 643832
878913 879084
280117 280174
915133 915245
727304 727457
445255 445369
682073 682255
34430 34729
353128 353383
138366 138664
206116 206139
328678 328969
826908 827033
480297 480553
678437 678711
356473 356600
355309 355477
210222 210293
909656 909658
756400 756525
31147 31429
713208 713339
612085 612211
47921 48214
592656 592903
413013 413306
418368 418603
868515 868673
653013 653131
620894 621191
551090 551162
402123 402298
821812 822060
40879 40987
256925 257129
369992 370140
609700 609716
714593 714883
177049 177110
646036 646206
397568 397679
315477 315516
128711 128910
977768 977841
387764 388029
139113 139388
487681 487812
291891 291962
380122 380221
235204 235227
799748 799909
321391 321615
592028 592150
976059 976258
206917 206934
881087 881127
511891 512086
480480 480606
913759 913960
34875 35044
629635 629861
433095 433315
552881 552950
777895 777931
315977 316190
904471 904749
795559 795635
398353 398517
330400 330491
221638 221755
834754 835050
198581 198748
694426 694526
979943 980094
511125 511175
969741 969870
189628 189666
388342 388522
239762 239764
966937 967210
383709 383961
979045 979243
238966 239151
849403 849448
302412 302459
53122 53300
466455 466480
541583 541701
997777 998008
877991 878120
312058 312192
387919 388083
478293 478399
677112 677302
624940 625069
101747 101795
296406 296423
956924 957047
329804 329840
305299 305442
748139 748371
141548 141697
380980 381087
841207 841392
818402 818531
569266 569420
48356 48522
139214 139410
550913 551114
240480 240602
51903 52140
176219 176250
988098 988156
806751 806827
539663 539724
408243 408269
590752 591045
270780 271076
616453 616483
683202 683372
941913 942067
803562 803583
519428 519637
859727 859778
870114 870304
702430 702641
574772 574906
28826 29053
33682 33958
411692 411903
891562 891855
926292 926370
430397 430572
261235 261498
856022 856058
16463 16738
775459 775752
827457 827715
702360 702450
379316 379410
160650 160901
126055 126304
778645 778807
343602 343753
85726 85895
972372 972547
391105 391260
636504 636569
1452 1590
34344 34493
56727 56997
805377 805592
60597 60624
75773 75942
339575 339648
235190 235439
52490 52707
140473 140734
662149 662395
787773 788006
670823 670973
600261 600463
687649 687902
109971 110208
855122 855398
402591 402763
237139 237287
106354 106644
736416 736710
297578 297876
651386 651562
258743 258811
862586 862740
171642 171918
82076 82253
112698 112751
980743 980832
262323 262395
303715 304010
206768 207000
26216 26435
117490 117734
619982 620213
713439 713455
797718 797918
665589 665873
159235 159277
23402 23424
948892 948976
14580 14656
54279 54344
631894 632161
141432 141469
520294 520514
897405 897639
713671 713701
194173 194347
45004 45048
199047 199131
197758 198036
513419 513715
805755 805911
583439 583607
54940 54979
950858 950885
491506 491521
609579 609863
534324 534553
709245 709259
430306 430471
508629 508706
36882 37091
379249 379470
243796 243846
147497 147667
82712 82851
931185 931224
690710 690740
66792 67023
597535 597743
794459 794571
64916 65019
844680 844903
742278 742497
66488 66676
617148 617172
410535 410547
516309 516333
206217 206306
310127 310251
937512 937774
354098 354343
516940 516964
458427 458571
611137 611398
112628 112793
365789 365898
705794 705797
529885 530091
898616 898890
329398 329404
289084 289256
906470 906485
33601 33792
525078 525183
296064 296151
349525 349640
452320 452343
762944 763234
246897 247006
815013 815203
9638 9816
104571 104634
233353 233564
623267 623438
902755 902827
100359 100499
508023 508066
379731 380001
938287 938401
642707 642893
199764 199765
795103 795123
935436 935665
148053 148159
667830 667989
310306 310541
213541 213702
899394 899530
818989 819066
992904 992963
677262 677327
71714 71952
244397 244416
3744 3993
508670 508915
215863 216116
483524 483633
537425 537654
446135 446303
207007 207273
329089 329350
97071 97246
730820 730858
888191 888385
290694 290985
647182 647200
174395 174415
466804 466833
459584 459695
325423 325644
638741 639014
549363 549637
50 170
315821 316052
7176 7249
597791 597970
251502 251615
321493 321729
717643 717750
279032 279072
558154 558392
605908 605971
505982 506016
242494 242670
642602 642656
765141 765221
441844 441893
740669 740776
737381 737552
494015 494103
653046 653178
103087 103157
940943 941008
117212 117249
987540 987763
738373 738645
400677 400742
332929 333083
807949 807953
609413 609419
759297 759430
761099 761328
672162 672260
930590 930599
802740 802850
570436 570638
482573 482704
596082 596133
581102 581222
64545 64557
141591 141747
74853 74910
813367 813422
514546 514665
257933 258172
467209 467315
477115 477204
218465 218699
268211 268226
988394 988450
646646 646933
190738 191036
646718 646875
585851 585923
951668 951685
927328 927508
189108 189305
822247 822450
609228 609491
214688 214917
777267 777525
506519 506637
791642 791892
212063 212131
320318 320432
664589 664672
783284 783345
580821 580948
270137 270313
572940 573087
809564 809864
566746 566820
716070 716260
744201 744371
165617 165857
529278 529304
833679 833728
805202 805326
183643 183876
241885 241887
906610 906610
923548 923754
157082 157177
437533 437823
263662 263890
419902 420180
305256 305291
464666 464930
806796 807074
743002 743165
640042 640294
673226 673439
461606 461731
637000 637182
767085 767229
439526 439814
866229 866361
860621 860808
943640 943696
77843 77885
176422 176547
274908 274991
226578 226638
349192 349390
159792 159792
632034 632292
628350 628625
547621 547768
365210 365425
746948 747101
275965 276076
715005 715132
437872 438100
911839 912048
471472 471711
958844 958922
421012 421050
658953 659181
319583 319653
187996 188088
902595 902885
458463 458670
653760 654012
299362 299386
659411 659703
500855 501027
698482 698664
421616 421846
913930 914032
321250 321352
282519 282609
239472 239640
16899 17106
947651 947686
844929 845062
942303 942516
728356 728463
330174 330235
155934 156155
785072 785350
978975 979201
123358 123599
483227 483488
966653 966780
867024 867062
822757 822770
145045 145110
720447 720573
211497 211760
18785 19082
526094 526157
594364 594631
702804 703012
623226 623331
309740 310023
742722 742767
147824 147930
574254 574487
463710 463850
310519 310794
991637 991786
148839 149101
936498 936524
473565 473659
213522 213672
365960 366248
532276 532392
273768 273968
379226 379291
740137 740357
496601 496772
202812 203105
564619 564693
442803 443016
456066 456295
661871 662170
813887 813895
375679 375900
931765 931875
241183 241388
432860 433074
511798 511854
362263 362380
65572 65573
779043 779298
470582 470841
386860 387090
725379 725602
484927 485018
883413 883686
629111 629173
180290 180456
311400 311530
769256 769468
721155 721308
909630 909700
15810 15902
765005 765192
317771 317987
95394 95567
169338 169531
909017 909141
401304 401530
236396 236576
693010 693020
134606 134786
172867 172993
139011 139049
203430 203506
842456 842564
134447 134504
645977 646190
427029 427278
695070 695273
974742 974907
382227 382255
555189 555251
524952 525183
844085 844361
640385 640645
220744 220838
161230 161423
382869 382870
323251 323432
710551 710577
960251 960464
520446 520636
648601 648868
458362 458517
818703 818952
837973 838103
438426 438694
158887 159118
295517 295597
570482 570500
964827 964898
561451 561457
938799 938973
45562 45689
417951 417986
978839 978968
796782 796804
507275 507542
120900 121031
633275 633464
687165 687175
749273 749541
2220 2365
109539 109568
353819 354100
505875 506172
165966 166217
28467 28500
87539 87774
589331 589414
453795 453898
598472 598743
707113 707312
330530 330752
347077 347183
872576 872648
696315 696368
413986 414202
366631 366745
366617 366766
276682 276855
414044 414319
811347 811402
643471 643473
786575 786858
574188 574233
193615 193855
37819 37891
74636 74901
220755 220757
783660 783890
177905 177918
984509 984723
147030 147136
483274 483494
59514 59729
82674 82715
486663 486851
978634 978929
141241 141292
189852 190038
628078 628378
320731 320996
56224 56349
628935 629097
967594 967625
199355 199645
828801 828856
348999 349051
324202 324341
103391 103645
826131 826400
722682 722840
443848 444141
35495 35786
572910 573203
22558 22725
481814 481956
513893 513924
298657 298824
757788 757812
726546 726572
190497 190540
979121 979251
471956 472136
815057 815140
566064 566077
425126 425188
414181 414394
9812 10104
70929 70970
393091 393294
373912 373940
248789 248828
551378 551603
485097 485126
868430 868480
52933 53097
63415 63687
476609 476699
574368 574647
823014 823074
20851 20952
670473 670572
49550 49706
212090 212246
530490 530784
250294 250539
280220 280286
999402 999478
253239 253273
618797 618917
483959 484253
155605 155642
388363 388407
650177 650457
79168 79342
716139 716282
95464 95706
348875 348886
537465 537762
837150 837241
299209 299496
334451 334575
215129 215302
760942 761205
429637 429826
609468 609608
759725 759792
101645 101792
453526 453680
945269 945457
574385 574599
949612 949676
909593 909834
119272 119487
877076 877315
681688 681986
390070 390357
31043 31060
600109 600306
673780 673890
157871 158119
829287 829535
291994 292045
414532 414691
419241 419486
93487 93738
951117 951277
348810 348990
537477 537596
852689 852897
917359 917618
391905 392100
614861 615128
313463 313583
638649 638903
427811 427823
968408 968419
323956 324184
890237 890292
586495 586787
448181 448460
119510 119605
553912 554122
309491 309584
209412 209680
34708 34996
451007 451298
830910 831098
965887 965953
69126 69198
1404 1505
28696 28817
484270 484347
308727 308728
52728 52919
384992 385150
340115 340274
75481 75624
247524 247688
46217 46267
930240 930382
465071 465335
835173 835422
94992 95258
974987 975123
138795 138892
548034 548275
637859 637876
778125 778270
432978 433068
465835 466112
523218 523481
65708 66004
724442 724689
570290 570554
9280 9565
874729 874956
88057 88286
661587 661830
931415 931516
681324 681484
75843 76142
432939 432995
458991 459288
103033 103145
731538 731611
99218 99406
430273 430341
219856 219988
273359 273566
404859 404989
497454 497607
66288 66473
722188 722193
206770 206773
811819 812119
55930 56205
666101 666103
749852 749885
340331 340434
157715 157990
300857 300862
121395 121564
666303 666314
441617 441674
655095 655312
999471 999540
395796 395832
938038 938159
900598 900832
245011 245133
812750 812960
109229 109473
553964 554258
927134 927156
426571 426721
816259 816450
2290 2487
611969 611983
167795 167989
473873 474036
844114 844250
632324 632465
634321 634387
107235 107239
929683 929871
268589 268887
569322 569375
163379 163549
905059 905139
777323 777600
19044 19063
59876 60166
793559 793808
423138 423367
629683 629813
989848 990037
841965 842048
803508 803542
636933 637049
374055 374263
48960 49011
183377 183499
531840 532113
598714 598936
540647 540807
455097 455182
3074 3276
472289 472419
28159 28448
93622 93855
241558 241733
905813 906093
876127 876344
231762 231871
327607 327719
879354 879392
439555 439593
468328 468369
587266 587429
644393 644534
968544 968628
273844 274045
734034 734115
133365 133463
793888 794051
513571 513689
942477 942522
897736 897871
531653 531738
284671 284753
461832 462081
380368 380567
582313 582390
92328 92426
757520 757657
926956 927143
972582 972745
242850 243104
784748 784899
625950 626131
250710 250897
843229 843464
267443 267591
357402 357583
787176 787413
897298 897587
89729 89806
46665 46950
655445 655535
990162 990233
680117 680256
575740 575918
490052 490142
218771 219012
863858 864026
601442 601654
691251 691359
658572 658605
851482 851778
839604 839751
828181 828427
877717 877733
520891 520990
326784 326948
645194 645423
356933 357069
974652 974818
181172 181244
631872 632063
16119 16164
904402 904566
422489 422618
149258 149509
920675 920816
908214 908274
561559 561839
450850 450864
50244 50463
663061 663268
413927 414142
651737 651799
860700 860877
544364 544541
579794 580042
735664 735776
548667 548703
226067 226095
484333 484581
701458 701589
324709 324752
214417 214699
137164 137195
171536 171764
386375 386527
90582 90757
460276 460297
538278 538577
915550 915840
197352 197368
866850 866892
662340 662617
883585 883759
526793 526878
369497 369499
215965 215989
10589 10766
201210 201315
738736 738919
639832 639907
962366 962539
655592 655701
615667 615900
198780 198901
409962 410135
660877 660971
669983 670245
449462 449672
394665 394924
386413 386415
396059 396096
132124 132368
283818 283844
452981 453114
845603 845699
