12965 88410
59665 74781
29419 25391
3229 76904
45813 39699
7779 83746
34231 78078
89414 81677
41737 48898
52561 31896
65493 42612
14876 35702
21183 41810
48859 64973
74172 60806
63211 63038
96104 18030
68695 55032
21817 74626
18286 17043
54166 43680
7984 97714
17126 30398
57926 57855
95267 83394
89382 71677
2278 93017
46320 78694
30947 55493
64812 52876
91257 78654
54436 13217
1764 3739
84385 66510
18966 53194
92358 80586
60179 18547
16009 71580
22861 89100
27532 30645
50638 81803
50237 31924
99721 2153
7316 16461
97225 31657
69527 82137
48306 39867
71607 66475
98185 53481
12542 27420
71494 96319
64287 21154
96578 37673
9713 25889
10792 39190
33493 11472
7851 42486
94368 8608
5024 34586
68249 70119
21541 87417
67405 65598
41714 79542
51165 50255
79563 10628
96322 44669
68116 27547
76976 98121
66163 468
16874 56966
83856 40928
27773 14749
32755 46857
49056 82112
55445 33226
97951 63203
43223 33309
61168 22301
68927 40383
98855 477
65725 38650
38306 36465
31917 44115
26509 8692
40215 68780
30691 68404
17724 22758
49230 22391
16680 60445
26155 28968
72862 83053
90618 50895
97866 28241
96024 75404
34707 15141
14045 38659
5568 1927
66348 97342
24917 80802
81765 48199
41521 81884
16079 7344
53273 45039
85035 94107
46127 67714
73702 52309
16591 9310
93620 569
74016 58819
7728 52482
3966 36019
5174 83646
14036 52647
32622 39843
97492 92419
60960 5216
8667 20213
30755 58710
72484 75505
39035 72026
2567 65098
64437 7277
63712 45523
42839 6728
68127 2593
6863 88564
64315 50320
6020 40315
79853 67187
30503 55483
34827 70935
70864 20727
96234 85944
56557 91703
48459 67996
36609 42507
81663 79748
78202 77776
89585 57905
90554 80706
81031 79643
43795 11848
79659 80771
34351 42134
93231 56475
35558 42191
80872 14086
63446 29025
76138 50225
63641 60844
64902 79900
59774 241
82198 64695
59456 86253
74809 59551
84099 97092
7966 83151
53232 42108
73992 72840
15681 74565
19900 79482
5342 37754
46783 4890
139 24723
53503 69328
39312 44407
77136 31881
94703 24712
86751 91023
99063 60262
45555 77348
94373 28624
71128 67165
79177 1300
42853 77034
96085 87226
67175 28449
9010 23800
88496 43968
14328 27943
74505 80246
7282 4435
36361 96897
56218 11937
84817 22540
24182 72821
41300 14420
55940 77019
83609 5277
89069 73820
5411 82037
25919 36727
51912 27910
90682 37339
76865 39998
58087 84499
39454 19329
21967 13203
50609 61712
60656 52125
62366 55869
61128 16667
83651 47736
53032 59043
34796 41153
65204 33203
958 90560
50524 9492
83513 47179
56179 72638
69839 3159
65065 95213
8706 14347
68868 33147
83030 64738
39410 42905
24765 53739
15904 34902
64877 78151
20600 6534
41623 9290
96148 85663
19466 99497
62154 89054
45112 39277
93930 45578
4162 83730
10225 35209
23516 36134
17547 21312
58477 81097
90680 27213
47716 77179
93758 96036
5763 77883
22260 57224
24567 96478
22188 14261
6025 97510
33479 46276
53863 82165
81655 2253
7752 73589
5392 50801
1832 49841
1735 59611
60099 26411
78306 28928
44286 15415
37207 82348
63544 53213
21598 50806
66610 19523
33087 76388
73960 77568
39821 38491
76066 51891
80738 54393
12742 18807
16591 95358
1501 58898
77984 5889
15695 41707
28909 94084
38252 83038
59866 52769
29221 74933
67963 38813
43404 45613
11801 4218
44524 72797
31522 86854
85968 64267
34467 7102
32592 79297
70391 60890
85307 11542
77002 72732
86067 64184
20475 44351
71983 56950
55240 22478
35014 95746
63756 45851
9361 14900
17905 67786
26067 71018
60319 16709
73820 39350
5500 55627
89293 83598
78038 16431
25423 47567
17 30982
42817 56052
55760 75950
62493 35559
3980 61616
62871 75047
93839 8651
82982 44381
63789 77973
44591 31850
92260 76072
25925 61958
79067 47999
73577 85125
11194 19517
46935 47206
21060 80986
24756 62138
84401 32304
32076 89784
35823 2192
64970 38297
56768 46182
7745 68996
61020 67027
99313 94759
57451 81935
90012 39099
60696 73544
89422 98693
63137 74421
69861 62897
57294 97905
24137 4645
64672 26883
44555 99758
82344 49304
18178 94141
48461 43893
92593 44316
64358 42029
740 15579
26490 1485
64900 8926
9617 44459
60457 36402
82482 41896
40636 52945
5000 63182
9166 46881
11732 58681
71353 97714
8985 9997
82403 16171
85603 78485
7307 73701
44736 34961
26187 80182
10186 79368
28937 50231
58635 31237
44512 49005
51061 90294
19814 60927
76634 71800
47909 41255
22417 123
80538 36987
20487 3465
69729 90889
89731 35813
79692 69352
81141 19022
22988 97479
6415 83959
19010 59404
40896 17791
2585 61731
70598 16872
68256 66812
61321 52702
78904 23422
34095 99466
88848 16932
1684 83278
39395 5129
95756 51867
35640 40455
10181 20318
4106 30109
40906 50976
20974 30452
79859 99157
41013 49240
24425 51151
95425 5135
24499 53886
57282 40062
71835 60413
8036 2722
66346 52586
81435 92114
4900 65546
65800 25466
27869 39813
55053 98458
89555 44973
64086 56540
97560 16847
14625 18375
34473 55516
56987 82029
54917 99140
48131 13908
69499 9343
65855 5640
47774 58188
18427 45907
75709 55560
94608 79339
459 31094
69093 37284
64504 53422
42554 50756
12222 55747
940 19166
62770 69173
93414 62112
80528 84387
5601 9513
74500 85265
54777 52691
28950 33801
60497 39764
11684 33725
77484 96429
27181 83021
88743 37547
59781 89807
44348 87041
64473 27373
23316 43957
9880 67640
43924 72450
28745 103
93536 36599
29670 25370
50551 37481
14824 62043
6407 77082
70306 97104
94517 92407
87991 8419
50853 86218
28780 67529
41482 29944
68164 38463
19719 15773
20450 18778
21440 63862
36581 99923
42118 34398
20512 94104
64141 84397
82770 54146
60284 35543
99168 4205
59360 25248
73932 23333
15086 47881
26577 17910
88401 84191
44803 91458
74093 65034
44759 11832
6992 99379
4008 79880
2146 75862
26405 46100
18594 79542
64223 18093
71333 99863
75917 68007
33749 71357
47540 27243
3644 86921
92181 74007
80407 55034
96952 95106
60965 72966
37885 93066
10047 7799
85528 32448
91178 83915
96905 24338
81992 46154
72604 68044
25961 87261
78146 99301
93832 78756
82878 39406
67560 73108
20239 33573
60747 93269
53690 49794
3145 43554
55648 50943
56624 69786
27118 31401
51264 34695
24898 4957
85193 93137
12534 31532
57283 29618
60890 5840
30466 66158
47853 97399
41381 81920
88284 27978
71810 44788
37623 59604
5643 68223
63943 97228
46013 62994
80064 6989
10238 5642
96024 73430
70228 20335
371 66127
75341 5743
47556 61689
30190 8177
61070 61790
4005 47371
31572 44959
6849 59438
43524 10673
2116 78080
51580 3733
45775 40661
96174 70908
78050 33433
67116 28438
66265 20459
82280 76928
14711 79664
93763 2774
96051 2003
15860 17342
29804 18638
37713 99235
42449 55396
24718 44927
42518 49533
25091 44325
54018 82530
56401 92497
12424 9909
29200 55300
71395 50358
40745 93639
67106 24779
41600 73235
11415 22668
53760 94216
69963 60537
508 28783
59769 94871
58890 98798
89841 88665
22771 1430
27103 46896
67043 84972
47778 44051
19505 93756
31974 16882
82042 5547
9658 68834
90519 87992
18009 28951
77177 75988
68226 87032
93184 20274
71847 21393
18642 68444
15574 19690
91385 17719
49101 63811
23639 54250
96490 72814
57668 18421
4479 17092
58351 27795
71514 13271
45621 8200
20289 87626
23842 38137
72276 47612
10628 97528
95101 1625
86444 62494
72935 87790
17968 62442
60673 54284
97757 87752
30957 75251
69974 61357
6936 36760
73651 87064
49152 78205
67202 75474
41243 92484
13350 2497
72791 72888
1032 86362
5527 48126
26117 84335
4939 32321
18053 85753
36390 53783
84987 31855
93691 44715
81655 89939
27454 95920
98542 80188
36528 56866
6403 58577
25616 86257
39024 1837
75001 1594
9757 50616
20085 5162
95534 43149
14009 31111
72322 82145
9054 34207
63834 16071
41761 57141
46292 13567
30687 20496
77967 61496
84313 32441
13488 2206
34525 40336
95581 15097
46839 50878
7411 74316
76040 70888
2988 96986
28208 50793
5975 2469
2288 62634
46681 27856
46382 4944
66599 26019
96022 72889
84707 31976
69090 21552
82123 3576
48866 66794
51478 10052
27977 48317
48944 15851
82518 12244
75627 21722
63163 76406
12282 43015
28051 90040
81831 68264
10342 53556
80376 24532
8756 9222
24217 79935
33626 82023
1702 60140
81472 2456
38211 62307
23658 7548
76450 46946
61452 83131
98210 79577
3201 58335
41520 38125
14520 47999
26693 56921
21786 52521
20926 46310
42751 61431
68566 42256
67415 6122
31444 96120
40157 71335
55446 76230
18840 30674
89239 1098
32575 77097
81504 71877
39573 21574
44679 58619
98245 29621
9274 1520
65633 54488
28344 57758
72078 95810
1032 72657
2513 15173
60971 35783
16169 37422
48015 42307
87255 39621
53250 27037
62640 42043
89599 26703
21948 35360
13607 32363
45055 69259
16281 82537
6177 75694
90520 6430
63843 37692
64872 20934
80773 81814
9787 5413
83906 10802
77124 6486
13542 90844
29381 8232
50735 12216
51183 36375
63617 44753
31273 29295
74513 2460
22717 96782
27862 11879
68964 85213
26647 2948
2387 54632
64492 33074
17720 1136
32986 45189
68422 8494
94401 49046
77393 7685
66360 69116
17096 59506
92434 69335
17524 68459
83318 48537
51191 39741
8904 48912
31658 50070
98479 70684
96723 52221
28737 97863
79002 27452
21022 94933
67408 883
23529 29492
37511 24604
45148 29971
24394 93444
30784 53762
97452 65873
7597 18400
75664 37453
31485 5694
60255 26091
18576 46874
69295 33421
36916 17384
97445 61911
15372 84474
34104 22617
92755 81444
12216 47490
85152 50129
15188 68165
16260 76270
26550 10278
62452 75322
61972 19675
99127 35615
60778 84963
65816 5409
27157 49724
38984 75424
47228 94724
30029 20066
43634 37824
91351 10366
24300 30091
48004 70769
36181 64531
39511 30732
11388 77262
23914 26173
46189 73180
76008 16535
94973 59045
95107 92858
33300 13690
35348 55799
29337 49684
68024 46759
18428 10515
71676 47803
15033 34542
10884 77882
80383 36471
62922 86308
64897 15459
65178 80738
68100 42657
23606 5408
14748 33533
29787 38173
85590 24088
79418 69338
55047 56241
73617 38153
63937 61939
75285 68646
5922 33414
20114 52720
50437 91868
69921 65363
18031 54550
12337 26928
84133 22788
15048 82814
19307 31041
20552 45920
79250 76426
65243 20079
61517 17175
37866 86342
37654 39820
17384 69865
58499 82323
68347 77299
76285 61216
71432 93265
58909 13358
24338 62242
81661 91757
92829 29072
25958 75761
8142 29753
57906 34381
64373 99382
4677 89427
61791 3636
58933 15724
46839 10822
70159 34387
57472 41576
67421 88385
40401 59460
62141 33399
22868 52435
11762 88152
4762 65272
17705 30281
61207 94238
25086 99854
77509 4221
38308 61518
53115 61550
76804 86581
60578 29879
62379 88656
68245 73692
21474 67264
62230 90686
39584 19282
93727 51926
61854 67614
86159 77188
24318 26657
77079 14843
97091 65396
9053 30583
60335 99730
23242 15617
35525 72344
25062 2476
53939 18800
95180 77485
60594 28938
67313 51888
40294 38846
57833 57613
74922 49446
48111 9005
65014 91480
95621 2086
15992 10012
1205 46862
18764 32057
44393 52549
34373 79986
64963 32238
66632 47646
28556 88440
15181 6741
21040 98898
20459 1455
39560 38244
45339 31924
25187 59064
95053 58358
42714 97158
15051 82727
71515 34937
69587 94064
78497 70737
87686 50432
55715 4616
7071 9305
2919 25490
47190 25477
30361 63642
11899 94344
47431 23069
9161 47100
65983 96901
32148 40262
69673 805
46892 35604
33874 70977
61156 41264
14601 17679
33078 59490
72237 69738
65706 48506
42059 58555
25691 26261
83292 19216
92158 96992
2631 1761
3336 25165
71306 29383
72400 8188
20129 58185
37416 16492
71099 61516
51474 25314
68208 57711
10465 56624
43881 49965
48939 88170
91730 6797
62454 3204
31504 2868
65963 17487
36997 77237
99998 13449
57688 57007
87056 76992
75116 52922
36719 15828
95986 31330
89235 32738
85290 69365
19636 48437
23440 46692
36772 13867
9534 57665
83484 9357
55792 80798
97399 62591
58133 73331
75400 14977
65111 56124
96125 17477
68881 48180
4243 47077
22044 19657
98866 36162
41012 79694
19568 11583
90587 58537
3794 72145
43446 91138
86789 73910
40471 87624
30811 98844
29450 31596
4448 59205
17853 54768
73060 79567
28181 50462
70018 25419
86394 60547
8930 37359
79976 3935
76944 33979
40790 80535
14340 87676
35472 39883
66222 80433
42940 90238
34430 42585
84613 88928
58102 41430
71725 93404
57053 26705
6652 10832
37066 8425
19061 15785
28761 30602
27529 55990
3371 87682
86812 37888
21182 24328
79740 75605
38951 82005
63164 80733
15503 9038
61340 3512
41049 51631
20449 70553
33234 11851
68540 15673
55463 91559
8508 3381
2808 77205
57262 90650
15847 26142
44167 9403
25194 98857
21037 34199
47056 94758
51821 65884
60957 77739
27900 43496
86657 64705
19983 35557
58606 28914
29878 54975
94665 86066
75471 87113
87837 11802
49809 89658
11954 2709
68471 87588
78910 93217
68251 12568
68029 98623
81854 57755
68665 76167
82145 83169
50273 32426
88264 52287
460 42146
40408 90571
39294 64736
27792 46683
45 33645
53143 92416
34676 62430
50593 92396
91225 29575
14019 6086
7059 36863
45552 9679
55565 86138
37207 24715
62679 66523
63376 12414
35855 39011
38197 91667
23968 94356
82566 40518
14228 12681
19688 9259
19777 26910
51258 61563
58263 37604
46859 62233
22872 13081
45133 93060
98489 15556
48806 8109
33955 13982
87256 92724
82933 72210
26499 98914
45495 71750
60245 73827
98504 31629
12031 22015
65785 80196
27423 49976
81299 43410
87453 96436
141 4057
68331 80950
74710 9173
1878 28781
58472 48725
14749 41499
59125 68628
40883 28394
69074 60932
73922 54411
41854 8449
