1 999999
1 1
999999 999999
999999 1
901859 967493
858547 393278
5842 407511
207939 414877
103778 427607
424861 670612
49903 246088
362170 261503
372257 248118
325940 86488
325940 385730
247053 386802
455670 567640
739762 688085
518652 286974
200394 532127
459292 542784
415978 216852
745324 295406
694936 686829
741076 393086
842469 566768
144862 637884
645110 954111
461652 284749
487478 992715
497716 73580
116098 86779
446213 767299
401416 211322
872746 40097
313169 471593
365859 983890
364134 657155
946068 125929
384591 879269
810527 637171
508948 337604
724206 546419
374623 302475
783495 643632
835992 980009
725825 891342
39758 162239
102794 753684
168901 862841
384918 515143
84384 294113
710468 142688
589882 90475
535583 776245
965532 452728
586825 103885
851846 819257
333321 947704
714488 818668
114899 605071
309331 605088
141195 262636
384734 238049
408997 189495
118809 506628
835567 648888
33036 72993
694699 782065
520747 323769
154721 565660
754324 301881
772937 260238
427272 392176
468478 423413
486546 107027
108281 669715
623048 321768
784917 578703
913013 133397
987962 707164
615624 5037
260725 474653
248590 228777
847542 99031
287526 230569
841330 501745
117720 292511
771650 981724
100701 630878
800729 221277
582091 898012
760479 130227
45907 605044
291583 128538
902263 764624
742477 647344
298054 873613
81623 469474
190301 541128
256208 343517
8975 249261
546784 514442
13778 881385
184665 154223
563014 902594
955067 903578
284683 580435
96493 360364
743918 620625
940307 196075
78293 640350
125694 248994
61291 341698
115018 205199
144570 370611
101267 188876
278529 644568
408630 52911
892135 647838
589391 945198
574509 728760
964661 770974
941420 757063
265084 235656
669307 633306
754183 476596
691023 627135
12462 327576
945233 120168
497670 421358
494499 79362
592300 257939
694420 596965
322960 682984
601661 136315
242437 240923
639577 849001
797427 992435
441990 564026
90532 444741
76973 832222
253476 117459
876064 705382
545252 190501
855679 483849
292949 788151
191656 782992
269250 145663
839992 146133
32340 365285
407504 372217
411383 510771
749409 634381
629245 291846
719698 214323
953077 695005
118344 449865
832222 449591
516868 151237
120346 46684
751121 760171
919845 930330
402878 950039
919314 441782
480538 475072
625590 160789
29315 277785
969897 357792
77383 891304
227832 629491
882753 485804
835185 536165
343232 872194
378094 358146
202176 283179
138846 802197
151459 593847
838842 678536
644947 736097
415954 122629
240863 188068
491981 301541
892680 9731
645532 880207
961994 550190
704279 745806
101585 248130
79179 740795
166604 257165
698286 186146
68569 64113
825151 245716
474120 959608
732766 488907
279880 77939
988530 570960
533096 686100
425060 9947
506251 506720
641013 991508
995789 326687
611800 706817
11409 242030
289488 663589
656873 750997
151879 995925
899123 69768
422146 310153
698766 181485
837160 336007
425990 254003
213150 90876
705983 317179
927795 546200
65191 540302
21812 264779
312637 2664
613250 124910
654255 816833
216002 19611
898451 683541
296877 376767
477988 911369
141867 202182
637273 665291
161650 514332
549857 473055
137854 41953
601616 86503
686738 740897
826198 574447
660676 904958
212963 953135
34483 850236
631807 611350
713263 891126
613533 232050
505659 38149
262403 251122
946163 140956
193371 159505
136038 402538
91038 70474
508937 634051
797951 271232
406156 850743
278313 475640
426022 177675
875201 170104
489860 721636
729042 707004
310731 434484
642874 474521
780044 355818
491613 823020
705554 418834
160326 691968
660915 620178
328443 89016
634410 771566
637218 300068
637699 21662
431508 917812
610951 487418
562508 307075
178419 926114
470735 661936
398837 544665
579663 223363
556445 15172
343772 675391
143596 745230
814912 692750
648579 493337
233345 93529
361956 456135
315128 831061
964749 290636
687411 268658
990719 224733
119027 241134
866516 335926
657360 134896
96176 917867
184121 835768
627394 166255
450972 961987
913930 909796
647939 550646
779555 497455
556938 887209
405508 181637
780631 852091
397163 36158
496115 172233
580919 900298
523171 67279
527399 903764
502553 368664
793779 710685
359728 130326
51251 999428
931551 398202
430356 307092
819143 124380
358525 723844
705809 309077
306208 994138
40828 45007
910876 368936
818555 222933
434760 803008
713732 951962
711646 3811
487318 73356
310454 648426
613488 27129
369144 709610
784833 844172
142270 637812
145730 258033
988293 491304
490792 505311
825516 673842
675200 550077
444963 65414
765353 28038
514574 841494
958592 372481
770845 653484
276671 910133
790115 584840
152853 213608
694088 938898
462147 79365
209942 972266
901273 342215
810538 642392
146009 300481
795452 541493
283217 822418
774814 70459
847508 593522
516867 276175
890385 145239
443839 305457
71831 889837
944248 328466
675712 828950
795880 759271
816446 127123
938161 913381
934186 997590
835793 691698
619551 155942
505075 59516
752007 694795
175352 961488
224370 883977
34000 729648
517063 646305
158420 311883
658159 633452
681559 1907
115381 527054
248565 621346
857649 523980
965502 473934
696420 22815
823452 689298
62634 911146
217606 100285
973975 339270
138821 397334
180035 393602
812266 99776
89531 343833
268554 589530
817579 950980
656815 280757
246004 555961
429438 883211
986494 657232
406951 116129
660378 345825
988219 850619
352817 55976
836961 441274
74817 101801
153825 479324
342006 452613
679485 626151
458206 859752
726792 524209
829946 715314
714540 865988
286757 524117
47915 916124
444376 556250
584746 785065
954078 49726
669114 12576
221657 199458
534059 455287
179379 579940
376896 107104
995744 200103
902276 48950
185573 508830
678801 401331
929687 998023
545866 462600
141038 388492
281508 78346
482082 321703
712892 581586
310586 747888
103745 26992
747069 88427
373266 850680
621719 779484
257895 961905
427838 240703
455021 416019
443828 18162
544137 719524
281531 925089
60134 786381
803389 961019
896417 334348
469010 857262
961015 659470
652409 915463
734122 96045
438668 300136
511496 917404
2455 196818
531644 873783
619009 66666
650475 976884
878638 84194
48150 733419
668438 953113
828194 920848
236260 683262
857020 631315
721529 895836
241620 899048
76829 408293
435791 596553
397829 581706
204565 475476
13916 690932
91422 520931
685895 503445
201240 328432
242179 837842
625180 909632
206036 475389
334517 548853
657448 798208
496570 893538
203528 432037
722 374705
545663 659740
2858 215464
405699 16085
519160 726067
269690 441189
857718 269344
818468 692127
118620 232385
284214 180166
517532 786908
778848 674350
453117 273731
490903 329867
528269 592961
833696 768557
226733 442308
247731 531556
472025 383949
165413 515155
124963 466340
783061 577301
24209 246799
269598 257017
715599 905747
967772 952793
663345 976521
677606 307252
591984 416301
167030 187698
83700 421076
34181 414662
489772 982695
813412 452811
368765 323421
593763 945893
727703 345258
713578 137260
164267 606327
249307 669104
861380 902061
444463 589951
634316 566246
414227 495095
288529 625915
301669 900714
912672 353854
502002 317467
957080 123254
560292 712057
514432 598567
659115 466773
568604 544233
338948 517938
927630 702664
157983 62632
998960 340206
841038 747461
712646 200752
871587 979698
522299 106777
670180 459667
122283 50853
236449 202176
679483 208838
782613 785305
929189 710265
165809 370778
215393 554369
322314 402371
699295 323817
212601 607827
294303 905912
404100 929767
388534 599395
142524 528020
621579 764850
681299 3725
3172 9421
1859 202072
309258 502985
179921 651286
371505 785011
840930 854545
33457 998619
61058 409916
931482 271555
275924 160210
644152 206952
418405 918587
198639 272058
639817 707941
383481 69152
261828 832376
788869 770789
994963 42541
717532 241628
240334 836897
38006 674177
496784 465327
340594 185676
833817 632734
291014 272652
147214 949759
958368 225448
91340 647345
824871 716873
436989 425046
182691 797878
863380 155257
532720 484875
784148 710134
446458 792747
952782 663128
157818 688210
74048 257891
191923 893540
409472 880238
877512 834307
101406 585500
152795 894773
158537 951653
212172 544481
306774 930718
126371 576306
560205 203225
808544 44535
737029 198513
418820 338379
986887 546186
101951 95703
894867 325484
329968 20064
728364 158863
3780 474069
133964 71668
345664 787798
434330 427369
524807 470873
910286 156942
38830 810027
262653 935453
910427 464838
521391 966922
163193 512457
740350 237092
460181 834136
548561 356938
995226 960864
196754 361147
480275 829102
886554 968385
712021 429609
958202 123423
171689 962513
638884 516814
878775 88261
319291 288155
955531 191381
392969 620445
574073 78444
512256 9943
415286 472066
556427 457410
883314 124925
721381 730476
847829 526479
812418 691179
779553 282806
251325 902717
693446 238146
842591 870148
898049 347789
563116 166861
438630 588776
34763 287518
526126 31961
708332 669553
880238 905432
429152 418657
688753 680400
75077 658629
331097 850155
223548 972217
898363 490009
754329 108736
776813 9355
701215 975470
219575 731635
96497 523295
421370 232808
66451 534714
610177 614153
653816 776639
504878 718088
633364 650829
309553 208361
318948 108654
912147 718781
419321 582698
295394 145541
316662 135516
727723 87884
970326 178273
404394 360966
390069 640619
63591 199064
173339 204995
955023 281746
380657 336140
2813 14052
25934 148270
735338 637417
198524 858903
315214 649619
4468 101440
535750 197650
623561 341284
319948 909511
748397 685882
589558 869129
79917 353337
320796 397106
982007 456785
795380 468181
271969 345081
163599 388765
320976 282298
723554 928807
213511 177411
950899 66901
801960 52550
568768 249176
967277 804387
80567 195952
220596 61535
501619 565856
693840 754188
789104 881054
680306 901173
561909 462172
723275 189120
450166 669939
306982 655364
239323 296888
787479 99153
126821 37098
889240 443680
618749 928169
539763 447023
559876 775498
882225 43334
18053 63550
708145 68682
607013 617762
221471 617616
556901 429318
560849 102027
322098 457359
532378 150868
22052 29373
284266 313782
453226 847404
127501 360876
132747 611438
570722 19128
171667 766889
576141 156113
664558 883549
770519 417840
486949 530094
16733 329500
990506 615473
705999 171365
125170 277570
904507 775158
697153 229990
483877 856390
188072 660859
507388 894890
422321 170008
156978 75090
845251 188591
862432 290997
834210 464003
954947 999599
13956 632913
28968 327421
962295 285333
717331 812383
847295 750559
375185 449604
248223 308400
611756 46834
448682 438165
602906 421532
754215 541649
178194 470095
36023 316446
764994 574708
374790 296560
810792 760372
627991 471912
298668 366965
310532 616667
631825 565037
510747 769571
327850 371726
481070 157904
356236 121026
270468 879204
320265 15236
341693 609587
956426 323842
328391 520654
324089 204465
342171 466859
207829 188717
405813 948942
103153 48756
710464 981312
764061 21046
587592 444156
323979 312130
864352 863329
275710 242568
231131 136240
89833 793471
778989 747613
722796 729361
262778 324299
518296 531470
314072 45016
269852 848451
93627 450024
391721 112094
591800 265222
621110 866809
183320 144682
761565 400877
927087 887874
16828 286909
709782 767812
676470 109121
286272 797080
422178 348109
494182 62188
94249 514474
993308 529770
262477 778314
731783 288241
931974 737179
978563 55297
764254 968924
863773 478231
266641 365829
379259 478651
675400 951963
893698 831460
310684 258675
436581 860673
869446 529693
62575 946319
139933 28989
688588 913720
970017 546106
252018 750549
294474 903458
303802 808920
40119 925881
16909 573642
228573 169653
832174 124698
244894 243568
790733 409140
685796 527202
230905 406616
941413 462941
908786 758207
63624 908804
233407 953277
129861 852315
467886 476992
171136 144867
877491 649108
961605 392374
656067 477796
344890 374868
220045 485454
266800 441793
27346 145580
431703 200873
611461 219480
988840 711130
492307 94376
282101 917103
701893 985764
496125 404139
304286 651727
978538 934148
405979 453234
165793 749304
474061 609339
670856 429090
276092 156854
216443 169828
378990 122874
731454 658717
728494 115424
90328 934588
206761 21958
272890 230483
941162 891287
357931 822442
23729 12023
720412 213986
947305 239708
251657 244780
71919 429316
71347 384752
278831 572507
581503 676930
324403 493264
958845 633181
537025 601148
285331 96343
205466 245753
46418 20030
826355 265954
129157 289852
588300 785137
648255 459875
407408 546785
881562 707609
631915 652569
730689 983924
786131 851789
467608 147134
359326 188330
863429 197319
272867 855071
945686 325486
799290 758993
558093 379488
89486 201855
558115 370685
364351 309780
984136 316507
575451 529282
581295 382478
779456 415616
870986 965237
739726 125759
683041 301640
500536 214332
858828 67567
145302 137924
960661 653303
815570 401377
637647 867060
673079 602453
388080 265976
417608 463971
971044 749991
487930 299261
566183 416032
607166 665150
256952 608714
259686 165201
984760 921342
513453 902940
60433 217532
808906 166826
898650 711128
484153 312101
33428 957623
891636 196340
449310 193406
44119 307756
662608 511049
753789 585939
295001 355562
115065 306632
881414 643986
938943 926726
899974 576881
971917 607297
206420 179408
380305 958640
427662 861748
128508 659603
301109 987556
139848 677678
210244 770759
919290 856970
179723 733505
72633 428023
595682 180499
689318 27351
767736 192042
85856 967976
904782 168485
456269 752216
302385 922997
158854 131853
329751 534886
765187 885600
312081 121043
252886 362565
475639 543421
835724 722563
969816 798054
803094 544000
587486 970180
684710 475725
766999 870494
570208 801439
428955 588778
661379 301852
349627 375279
703681 687679
558689 421683
655050 192552
148650 462121
622462 801052
75766 328545
135490 429810
158716 404010
491384 772441
712027 466316
949114 130926
381702 426578
723598 287627
449424 212571
992638 47105
589023 346812
301379 705854
551250 431195
451863 741183
530692 423243
