999999 1
1 10
100 200
201 210
900 1000
1 1
999999 999999
1 999999
10 1
552454 353100
811650 630660
750802 753983
125075 497646
383020 235011
326369 628145
215893 639706
542264 70461
482723 66863
985275 291757
285965 262289
723747 52417
33831 915651
427995 711608
479490 897267
467921 816362
937046 291092
808517 570470
38990 269734
875084 49427
472836 535820
348731 497761
42452 868873
186302 745216
289331 948359
41045 107421
730659 791263
683574 358692
96990 857034
682374 802391
304211 775006
286794 529301
471933 213134
799383 775144
480762 141613
548544 944628
766132 169951
157198 860276
664207 89798
690278 975829
27178 95646
732490 903502
505621 595130
675614 707919
221661 130369
900152 632169
741579 436794
129962 460532
508068 280385
190597 78980
30281 752323
502252 640906
253513 156779
45065 764761
238927 854602
109591 498544
317724 384157
756978 766381
332767 847534
272180 753121
563356 911374
164657 418883
477882 979430
889517 81221
98002 862183
687412 243494
650440 299617
349799 858588
257274 739559
690342 410809
770923 172335
314126 792026
574614 259749
508860 816615
939905 377109
701306 498032
705713 273754
376466 620993
591384 100462
253057 84792
321135 983985
802655 316225
356047 637900
652765 985498
152052 100378
275661 185896
158276 848288
455763 777438
500232 7944
181180 158631
170119 615778
442273 228153
553730 595192
938865 539995
441045 565725
650658 640265
557901 546976
58196 543683
186566 606098
312258 71048
345294 933748
31396 261422
370743 438277
92054 189363
226726 957112
926031 522207
428101 798894
528530 118275
211484 519005
236527 457947
461225 852658
233093 605248
12046 16893
373317 142846
732835 60698
389728 991811
93628 579077
230739 156346
413509 776566
638136 650374
337451 459632
524314 900057
253577 905168
410630 970794
485608 641416
670311 222875
508879 462954
920847 289196
946866 907547
415350 507405
907312 396305
509028 250138
691278 85302
718940 312393
843503 372786
373964 79252
30283 639568
692404 712198
746876 172744
76858 417624
572778 726097
386247 181695
691388 257999
184762 969162
377106 523110
657104 398788
595883 743093
240609 438227
297758 584318
775798 177020
674170 237087
649397 535870
424495 438418
119926 714667
396515 185295
639575 129204
106815 725735
920838 261313
814417 975112
643208 906287
730344 481948
682099 125653
356707 89474
932042 301131
752889 727209
256218 116083
780142 755031
296259 846307
314330 956869
879896 179142
548825 354207
315905 521287
570083 79542
436218 69921
509373 997942
119040 669017
773493 619710
721005 666447
94095 57354
640562 566470
458168 129392
61098 910478
837743 867463
737820 977852
639863 569470
696033 69234
779458 478639
788029 651909
790270 520875
48508 417085
838442 956229
292410 381323
347067 560593
668901 173324
175539 628948
91965 790999
736758 43806
973509 449831
53581 624322
774920 721226
707807 106689
837441 112119
137388 839154
213348 52457
907415 189455
324881 792354
642776 453460
350546 755051
388458 66532
357353 279259
502432 28867
214381 620519
556546 84275
620415 227679
421279 75566
331196 927272
877008 254804
155418 351712
620686 552050
217099 476517
618728 178582
748035 321748
267829 850613
556482 108075
507167 430596
663497 222731
936630 459432
704265 72412
163393 901923
68374 767307
275718 989944
881020 154712
984092 524149
980793 823894
730464 484629
405303 698845
39759 816175
446578 258493
598979 307527
550259 466586
315807 423587
963457 256618
508823 938861
921491 983317
17141 59576
474634 10543
231851 338597
783409 217513
851492 158269
798230 158231
718938 279299
385382 487379
396146 832285
193743 260619
769104 728358
511437 974146
93410 452937
630375 191118
576850 719747
304363 670816
32590 50181
640465 87541
9207 303897
724543 826125
325233 492843
124667 509945
441590 10207
23431 440876
515273 379625
582699 170240
392676 322634
8399 610923
989927 558555
477787 944838
869069 715770
120516 746455
567056 609832
669761 875744
295716 443553
543815 451621
998725 536773
456194 816459
262956 438119
963078 229722
683769 326908
648247 80647
198378 518994
21903 533112
938802 583550
647815 992601
281358 240626
179554 809102
345332 101400
773376 678134
511674 160136
431047 108306
364022 473601
613914 882680
478662 916937
885102 584618
56682 704930
90721 48870
158156 849511
646084 692482
60154 332933
481755 300170
463579 96031
373159 54327
868603 620339
393876 85807
328534 106845
910826 744903
26373 439491
577336 751724
671910 520760
689934 59604
19734 197588
702228 703677
860994 459015
658613 91174
345762 571059
327380 706833
527364 191718
684092 946
856034 221725
823086 406950
241463 864489
822695 406783
652114 468000
883663 602937
993262 797456
596432 856245
819027 125859
831402 907767
531604 796001
385427 376920
539957 548705
826924 278401
827202 962712
758190 518882
426952 785210
750496 101948
268585 23948
217856 944087
314978 102524
85287 306421
314324 505051
729144 503605
98686 357475
729911 759380
391534 183488
738984 314154
990721 686576
665307 79498
517243 732917
137366 454968
69449 202339
481137 153241
168326 895611
932607 650525
270143 707037
71404 742075
433797 841817
136369 299910
179855 365565
134164 523815
368793 497709
632401 669197
709954 960532
653635 140697
44001 809535
267802 633529
466366 924159
358019 546054
82978 430920
515309 338187
775703 583378
134292 376369
300397 699193
404798 850042
290890 90043
297819 865555
713832 127452
661010 600869
1265 914920
262050 410546
626250 29776
354050 991420
699495 921601
257836 957558
409030 707569
816813 266637
167235 440612
419487 831880
411595 60612
567769 45836
623489 263757
607849 501032
5729 259867
647466 228404
35178 27928
297880 642246
423588 107852
425865 296940
568507 23907
560583 577379
663528 204719
130132 237348
896530 576371
917347 926328
59418 708346
947226 152594
600604 482618
854260 11167
866662 9576
747380 86717
386230 566739
578300 549726
544597 191149
244910 42095
896573 425776
593460 344936
539714 74273
94262 37627
102902 678813
544474 198710
784619 220414
603005 587390
830895 750725
363228 195237
594822 653206
74589 497788
851771 944544
17753 359049
766329 503713
182057 24186
861122 179585
566617 686572
752034 782174
278286 152170
27895 683840
659677 209160
132097 678285
818925 829228
421421 257837
267203 358798
334384 663773
643395 509501
851843 740302
249863 204535
789075 68681
372143 43895
144615 726044
323936 878151
228574 363334
54830 61232
363233 382766
662736 471143
91729 601498
386185 876856
24432 81863
608600 125655
125979 695592
702757 240481
98367 829404
762665 83359
819564 593152
851393 852460
981763 190249
72662 242043
489373 747871
383889 438829
322101 264621
596802 184343
399527 678852
652882 740409
105621 590393
26341 39138
536514 893545
750959 987358
379136 841760
655047 99315
216386 625931
744446 205979
454138 708274
68934 869880
155118 291170
83553 415607
878908 990314
603964 602549
52848 410672
103751 150064
993071 501022
894475 683540
935826 499149
55863 345975
140860 15039
857782 636106
107659 461735
425467 970253
381269 602247
240507 831021
324322 996086
595229 364112
448399 401539
921090 220691
789635 813472
68135 509700
645813 693363
139060 808010
511770 682006
536229 62543
782525 796840
305437 813216
680945 744940
333671 581308
40599 504846
369762 189860
203745 801950
763335 933123
272612 994869
967589 700245
5564 600179
921994 994921
701166 271316
108755 839530
93634 423141
788424 152253
604081 373709
62813 377354
165703 9696
358923 286835
104244 186049
286800 439610
220013 137783
953010 721841
606194 877446
197411 599620
953723 257387
691786 497721
471063 993014
745700 364339
798516 906863
519573 682578
417527 612619
687924 948962
392087 645324
161974 60361
446206 428319
308349 983392
801129 463045
484729 483170
807268 790972
804921 176156
799444 756064
571063 640453
631166 197255
355257 235754
393083 575873
329351 930890
634023 308302
312872 848242
67380 542672
240622 265836
1446 196424
278543 456263
915087 164367
171017 20446
678580 897114
347576 916878
173267 856662
300335 963313
371837 271544
209251 175602
701516 401867
550667 235822
457597 745568
429075 620440
363290 913156
428679 309922
119934 815524
965107 255302
610414 697209
447434 390720
430571 698005
23646 446692
499952 100600
580831 164341
329857 67369
778345 74697
599623 535754
618010 410727
856140 466846
952072 168406
992604 800174
440060 159406
297970 851632
636060 395846
192252 396650
562711 225989
685665 100662
574812 205121
52189 953527
588720 727596
481093 46624
174425 903351
936151 497435
575846 373319
512798 633260
493863 838140
273514 842168
667025 92137
427090 597671
981091 892652
479010 220379
74767 305960
536984 662445
220503 105213
291287 633703
976046 110966
5217 667790
249097 80856
732418 568600
660794 177575
839148 760019
934369 511686
261766 17390
778992 283084
735518 697037
395523 491726
67624 287371
101112 884018
534748 23447
712551 897955
590435 461085
392818 304580
847049 200609
598148 680924
251266 829791
459456 902544
126317 702145
543087 338996
923079 670985
363413 920050
246433 936117
365569 95741
481950 426658
686221 218314
178709 978699
610921 660801
84454 974025
727112 199962
804526 804693
511531 107704
408980 136735
643083 937196
781758 157687
844541 991396
630008 312582
173688 255303
218869 371798
976456 822897
921287 307544
41470 878754
855613 232118
150971 489749
531422 354740
287132 661653
699958 655851
872056 823270
363723 897780
59208 829715
593780 662656
35405 177291
797446 567501
854691 499500
642563 47450
92945 619772
555333 218112
884166 863740
27343 405466
421228 378479
641804 571933
696637 830939
737714 1328
423044 498470
626329 119358
153842 55710
311839 383734
1712 898591
241303 359997
116175 878225
162838 693999
346654 257711
321174 702215
426801 421602
658105 11424
762520 834955
661686 834134
105844 316228
489512 119855
382289 689629
411595 568599
284735 536392
54184 445678
264527 496389
859815 765980
496941 397129
595965 196841
796084 762643
675871 458222
639888 91602
705116 363741
509196 743502
655587 568762
22114 132883
946206 550988
156896 657056
291810 745429
804697 463911
348904 223742
41031 666504
528863 678077
900125 603282
785088 229666
209795 614570
642023 837953
478908 504079
757107 248368
888340 665017
793205 578955
737922 540710
443044 840027
753323 719809
867575 912756
800822 848397
167145 274202
155194 701066
979944 881017
768435 166910
847193 992130
263121 364417
800735 345078
115061 454807
472171 731035
825218 863933
386319 592151
483184 24938
405216 225889
406319 449438
984011 996716
510703 807825
564388 80675
903752 358682
417818 887657
108738 850572
639952 556285
917198 188126
657205 88163
207979 336328
846784 83190
369283 590840
272898 504786
20771 49106
858576 371137
328239 625433
652716 613482
144232 970462
959943 147372
404799 668180
258327 156363
632 892745
198925 94179
763757 400973
832249 283769
533728 351468
506461 470964
24394 960749
6736 902973
405576 105310
852628 213334
386854 963502
673075 724849
46989 878488
578587 29195
367914 309437
515695 211415
688189 285178
266807 413157
526500 885244
566484 713005
792349 581552
267011 865119
313100 498439
492277 31142
994225 580428
499131 592193
826596 899662
982529 467762
312026 49171
817133 308879
923912 976965
490613 672430
517001 51087
96246 492365
794274 481818
678435 85070
381669 742999
96486 358516
991654 59046
151230 311938
200736 138695
726960 674870
610990 159071
494608 238476
463890 459283
60624 455810
875389 40031
273729 153204
892794 66393
799697 449215
479924 638768
7303 322181
222800 50023
924134 757835
256613 139097
600272 810775
912064 851619
395497 17744
612916 962908
406321 923494
458767 640855
733488 407663
845908 246542
208488 176572
31911 677929
433353 51704
350989 504028
133315 362932
188360 500819
769216 632539
19878 567540
652067 825249
307555 777116
447907 848848
78306 142357
120693 484742
13249 117177
840573 928024
264283 648076
442342 439071
850058 898292
601114 590460
574355 683739
84855 839665
937447 729720
256849 266852
2777 948311
674099 944214
823057 774741
393216 467337
709288 397419
371732 64021
798565 198513
529703 947677
283182 352751
755054 786242
491248 327961
660545 660632
106108 235271
127371 885657
556838 976747
767462 102194
523861 135050
722099 911393
158556 226794
205287 554856
276224 739183
308048 654288
838726 502462
830093 689631
561657 149143
349616 840982
161443 708687
345730 99191
760674 788212
703874 361221
130359 800917
513323 312512
399508 3929
410652 456072
480673 453542
446035 13377
786055 439300
153014 392905
20492 272005
312562 720817
947050 513348
349254 635077
626380 729784
431210 630981
931158 552055
661696 60408
18788 517136
897408 893437
84790 974025
914939 108139
982128 293145
75442 519671
931085 436337
96126 993184
485601 751076
862999 639523
429208 374806
655714 255250
977695 749170
30751 484762
639406 560433
499508 227953
138738 168701
424911 277508
557123 243931
590673 487007
115186 599556
75310 801319
628666 652823
367567 478597
536439 862737
617165 461237
641887 459320
119354 297189
301231 354705
988239 19021
881777 472225
890968 719427
156178 704349
908779 64620
750386 316621
184848 598322
399756 235813
195821 913616
675134 423
653415 337231
864854 731681
523776 147474
595247 684321
666531 930051
477352 260090
272707 593849
928508 37392
131366 659227
774413 926450
855744 923551
64743 411222
478219 740799
35168 121273
21433 418231
705350 919950
19059 83405
845656 362573
929357 164005
681674 235307
631196 229110
295598 2791
735254 577752
983494 701366
801286 607078
734324 294004
150904 248323
651611 897923
492698 998481
884932 310730
995803 532103
804224 617274
385411 270505
457760 523250
555368 166472
963079 824018
343863 805065
488581 941210
732845 37708
825552 132557
707508 714345
653389 448097
947344 433766
818556 703570
398849 832288
491549 945611
630575 872405
983603 842512
452790 869508
10395 921322
778546 872846
115438 606593
1167 788354
254956 990204
45282 818804
910756 166916
877895 938056
