7270 7632
339641 339691
293435 293483
21038 21213
111387 111960
488299 488625
367517 367567
27890 28562
134497 134668
470379 470828
208307 208336
39927 40047
178524 178661
98643 99192
246124 246233
426891 426980
324718 325072
346035 346349
83274 83886
282783 283048
5094 5124
401102 401243
360730 361359
150360 150441
109003 109391
483722 483815
423257 423389
418921 418994
258380 258544
60111 60335
249580 249750
391402 391424
67214 67338
195056 195722
382339 382365
384329 384824
372441 372662
182285 183225
222514 223122
239494 239710
358823 359270
233378 233473
141556 142138
213893 214404
367026 367098
45377 45709
342726 342726
337731 337949
61953 62021
285313 286027
308101 308220
482899 483228
423607 423624
252003 252163
278573 278717
417130 417242
324224 324340
27698 27738
155190 155271
321630 321640
477472 477944
209489 209986
456531 456573
274581 275041
422178 422259
188985 189211
356433 357085
53121 53669
433411 433593
81704 81872
287570 288301
132849 133127
298401 298568
418206 418423
26156 26651
189034 189659
51883 52173
52105 52207
490474 490535
365341 365463
119022 119089
485161 485181
294278 295177
300185 300399
164577 164588
66038 66335
253769 254379
53736 53838
83510 83764
463686 463862
440552 440740
321984 322035
158374 158585
184787 185451
148227 148789
328983 329137
154367 154463
188706 188711
423396 423468
329441 329475
495605 495742
244198 244624
425273 425377
479678 480221
338923 339081
310412 310603
449399 449492
349779 349972
362532 362607
353784 354070
197076 197882
110979 111186
76530 76575
15349 15597
459081 459110
32158 32255
420162 420536
292979 293011
248458 249247
232703 233165
426314 426861
395473 395569
82826 83049
220219 220219
254201 254440
99299 99329
484502 484504
339004 339301
330081 330413
316629 316629
358165 358261
165238 165502
112427 112580
477173 477192
149027 149063
428473 428590
469248 469253
84440 84456
152944 153545
382572 382587
350423 350452
132699 133330
439488 439781
5122 5149
63688 63726
101810 101955
82024 82052
195597 195697
270901 271180
427079 427106
315627 315662
254841 254913
346648 347095
217313 217944
186424 187079
167772 167807
476916 477149
292876 292898
101098 101148
189521 189678
358051 358252
271295 272136
288962 289046
292363 292393
291394 291824
383137 383280
418411 418880
341997 342437
70205 70308
485005 485083
380435 381006
30336 30350
257954 257958
215710 215761
209130 209541
156486 156957
321390 322071
204108 204467
297986 298172
164947 165299
239894 239980
150109 150599
458282 458359
319875 319981
278011 278048
254016 254384
411919 412565
292462 292748
428053 428099
476282 476349
402841 403352
92096 92337
141923 141964
49452 50163
494759 495393
339277 339385
434196 434601
135732 136418
241167 241545
143880 143944
307357 307833
215929 216026
219357 219425
90972 91131
271744 271939
406667 407249
330158 330885
114619 114642
319326 319482
155791 156573
296272 296396
8284 8508
248705 249098
112161 112625
333121 333189
271722 272328
409488 409670
123130 123455
132587 132990
245854 246446
391927 392016
25338 25356
314944 315325
173974 174153
324666 324881
261991 262368
54142 54241
45479 46187
389343 390115
375452 375708
412297 412588
399765 399838
271453 271938
229190 229264
5993 6054
172779 172808
289517 290060
195824 196642
495751 496082
173422 173494
414260 414298
494983 495216
369360 369467
402931 403160
298578 298958
248639 248658
213518 213582
436344 436854
427666 428316
355357 355441
390694 391165
169336 169390
386006 386146
330199 330604
390843 391482
416959 417031
376198 376339
318270 318855
358470 358479
315494 315590
342846 343073
237924 238053
478039 478348
71072 71249
451769 451961
237793 238435
12051 12219
373786 373790
285798 285861
457240 457396
126515 126521
104585 104683
160461 160471
357855 358235
102174 102252
166884 167361
135142 135332
440676 440928
329707 329707
499675 499836
89726 90292
57171 57427
91582 91586
196839 196926
193903 193913
359837 359847
181926 181961
442728 443157
158467 158670
318747 319351
58168 58209
452341 452760
321485 321647
116344 116690
206131 206216
470613 470641
375373 375400
128854 129258
227096 227477
218004 218005
207557 207650
88591 88662
234316 234976
497369 497620
63173 63370
62340 62340
25493 25564
17052 17078
138423 138964
424315 424361
435573 435906
314589 314725
156944 157077
413449 413555
291823 292229
376279 376279
237276 237541
36376 36538
110973 111027
115323 116034
480909 481000
201547 202120
487794 488217
328673 328747
50472 50887
7429 7892
107994 108046
276352 276529
95636 96462
100496 100514
20755 20794
450182 450352
337864 337981
204386 204536
435279 435297
348427 348461
599 670
222018 222428
377201 377488
410599 410843
245411 245786
124880 124913
187241 187501
25932 26087
273828 274222
248651 248732
12596 12787
431414 431665
28475 28511
69909 69965
42075 42209
137253 137965
486207 486534
64634 64657
262608 262687
57525 57962
390987 391036
9750 10037
91112 91654
345133 345790
330315 330935
198972 198991
368033 368200
218299 218300
287594 287597
140764 140937
222937 223003
388777 388928
170689 170809
99300 99526
196846 197119
498640 498822
418053 418071
43888 43897
428129 428255
412018 412344
224021 224098
329893 330610
114441 114603
236749 236752
298567 298648
54111 54389
452382 452727
250195 250264
91830 91953
438131 438504
17421 17708
264254 264369
132115 132185
52759 53533
424953 425099
100904 101208
497933 498134
30534 30976
388989 389093
336576 337406
455142 455221
160873 160897
423236 423253
242593 242791
108316 108331
488792 489475
158858 158867
261156 261700
372729 373327
136550 136668
89594 89706
495133 495309
468320 468477
424802 424825
328043 328147
387594 387606
206108 206639
391522 391771
267617 267703
174575 174669
294574 294783
470628 470761
366021 366931
276327 276412
411707 411877
163733 164086
222633 222680
157501 157677
321975 321976
471642 471820
451523 451526
295969 296104
65146 65447
341013 341189
475117 475520
110557 110781
292679 292694
274536 274881
271774 272047
303310 303409
224347 225083
307230 307273
96143 96253
130135 130165
239328 239497
339632 340261
362741 362747
48569 48992
433878 433938
159499 159585
103199 104037
457543 458076
30882 31053
278199 278625
388405 388868
299837 299842
409886 410305
481754 481996
252468 252480
64984 65318
398789 398791
4868 5407
170288 170683
142601 143299
207906 207976
157357 158117
376592 376670
366794 367364
325084 325119
17441 17476
218024 218067
218523 218615
342856 343268
313732 313942
418942 418983
116782 116823
320114 320118
408377 408447
40260 40386
77125 77186
137425 137425
175013 175427
414422 414583
92517 92744
302063 302812
125656 126269
387640 388391
324556 324826
285946 286339
440437 440589
314326 314354
274182 274183
349651 349677
53135 53301
485056 485626
54628 54938
490520 490606
433308 433365
456392 456507
343893 344023
82488 82570
396463 396603
92419 92435
145654 145666
287898 287898
305893 305931
486722 486889
404621 404671
346802 346935
429450 429569
38867 38981
131195 131531
379690 380381
124 436
68576 68602
161591 161667
404337 404385
221461 221463
174538 174623
237727 238167
273418 273558
485103 485299
331402 331449
192081 192632
289372 289999
357897 358069
4397 4683
434207 434241
90618 90671
274862 274968
327475 328245
286217 286291
137654 138093
418333 418652
281196 281412
441996 442173
341423 341743
305708 305763
457558 457564
288895 289631
425980 426217
4302 4568
260862 260875
215366 215844
401083 401161
277116 277126
48154 48164
85992 86485
21891 22198
426617 426727
121960 122177
199106 199585
67595 67712
40469 41186
170318 170688
53542 53920
140701 141228
2812 3219
477878 477888
181542 181627
3554 3557
432016 432268
18924 18952
89425 89442
475187 475929
111865 112197
207070 207276
17672 17687
85730 86166
370821 371159
200888 201537
166322 166508
194283 194517
323603 323876
196034 196412
260243 260402
342946 343738
438898 439129
386688 386798
62915 62945
293954 294096
44527 45376
197869 197895
371907 372683
371223 371273
159956 160650
78524 78703
203985 204071
19985 20024
465012 465355
148020 148788
369572 369607
175854 176106
229933 230377
2286 2827
339099 339335
105003 105181
88909 89096
362005 362109
253143 253449
210287 210331
19677 19967
74978 75048
412689 412776
127387 127885
339011 339027
39258 39402
9518 9563
437274 437480
69193 69521
72142 72189
12310 12424
326633 326738
57540 57961
382486 382726
267819 267853
249004 249105
212920 213060
251922 251959
394622 394725
50389 50528
148351 148726
67269 67484
149798 150418
364825 364886
377105 377518
347255 347339
357585 357644
357209 357237
377318 377364
9774 10150
176228 176326
265874 265876
3550 4316
159922 160193
124104 124216
421994 422193
78731 79309
107843 108006
5633 6191
469951 470457
448685 449302
101184 101199
193675 193755
113366 113433
362691 363550
482430 482452
62408 62671
140260 140261
351627 351672
248714 248731
455962 456306
311781 311811
91399 91853
425540 425734
205911 206197
302655 302692
228808 228991
108257 108803
311585 311664
172538 172997
267727 267927
225285 225773
75068 75574
131143 131332
323895 323904
73506 73514
159938 160049
78162 78165
21622 21626
192888 193041
415867 416019
341069 341081
38379 38413
295346 295710
349168 349342
400130 400237
19546 19861
263554 263743
459174 459675
82301 82663
65211 66023
386305 386549
287631 287784
152764 152902
141081 141353
179246 179461
160579 160579
70333 70681
107423 107433
52969 53141
229846 229848
25130 25237
383286 383300
234516 234567
485067 485592
8267 8453
482097 482106
340719 340784
484013 484471
472880 473205
311314 311587
161334 162047
391590 391762
300641 300782
214318 214461
22783 22833
98480 99208
90092 90353
448179 448584
160637 161200
442224 443049
239122 239543
333491 334335
451731 451800
471754 471840
155735 155763
350113 350600
436190 436883
242616 242760
455917 456128
12641 12877
23628 23846
467132 467343
324516 325130
279557 280143
476761 476762
111772 111968
65592 65668
138074 138388
231669 232165
176660 176681
232095 232493
143337 144010
393911 394258
317006 317053
379509 380237
455874 455999
116517 116813
294615 294669
429486 429545
286427 286798
125899 126187
241139 241172
91744 91879
96703 96753
42300 42963
104536 104607
415026 415684
111147 111199
445713 445779
423647 423921
359117 359262
290426 290811
91204 91729
339934 340193
48069 48205
251017 251325
434768 435369
62331 62413
174796 174842
419517 419800
283952 284025
490307 490323
143036 143600
181576 181682
170010 170442
25664 26068
462951 463272
203635 203789
492607 492896
82384 82420
298341 298706
451998 452286
168841 169328
168090 168297
352129 352493
226988 227190
39896 39921
169635 170246
82536 82975
243650 243778
344706 344904
135303 135390
180216 180421
388086 388476
391438 391793
446826 446826
189129 189272
200430 200850
252596 252709
78293 78729
213282 213666
41862 41931
342492 342552
477830 478024
185123 185749
343963 344719
192216 192304
488200 488283
445010 445068
334382 334727
284936 285392
499561 499969
298796 298797
60072 60072
51250 51273
3634 3874
153203 153367
217668 218451
362659 363438
325977 326403
111990 112319
399252 399438
123341 123565
21305 21571
369770 369979
388226 388271
384549 384659
242315 242407
66411 66852
182111 182127
170433 170514
462518 462964
10134 10363
242433 242474
22196 22289
468201 468638
264687 264995
166542 166545
139535 140318
451505 451574
287154 287271
93086 93094
32765 32799
248045 248098
448257 448663
480356 480367
460962 461020
369222 369406
380688 381158
21462 21654
317624 317927
41124 41522
303384 303472
11019 11319
281263 281384
449956 450454
315487 315660
177865 178318
18823 19216
475213 475395
432744 433029
8074 8160
116308 116911
154601 154719
291908 291960
25307 25315
466070 466260
425592 426036
453821 453935
455020 455050
392987 393130
467368 467416
379683 379820
321871 322001
244635 244942
7688 7737
121085 121302
249632 249909
151478 152252
230147 230406
297398 297441
41067 41245
148981 149033
204498 205186
127817 127874
486355 486386
236195 236279
332594 332668
4339 4986
478200 478993
46799 47294
102524 103244
396028 396188
11705 11793
229224 229737
411 982
451849 451929
7775 8098
395325 395393
8607 8626
31145 31185
416578 417219
257175 257848
3352 3391
405569 405830
47885 47913
220700 220844
452838 452903
160543 160954
123750 124280
364106 364974
221685 222445
440160 440783
285041 285095
285396 285461
200621 200689
188998 189102
263962 264289
373958 374095
284207 285185
5506 6098
411417 411451
179929 180366
149604 149807
123170 123927
456089 456365
424730 424926
457559 457754
122719 122929
322809 322827
405892 405897
463914 464507
10350 10352
275388 275793
321535 321697
328685 328760
137865 138387
400837 400975
300477 300542
180723 180731
157505 157556
436067 436292
248664 248689
187431 187584
498506 498703
143347 143455
201203 201230
216931 217330
161355 161984
49002 49070
301843 301874
139080 139327
195849 196185
460858 461351
363136 363512
242065 242280
470711 471157
34453 34458
71781 72025
207561 207596
89412 89469
25014 25622
187752 187928
285413 285518
339849 340305
286630 286693
366608 366701
15093 15185
43318 43455
389442 389657
65242 65755
71483 71521
497536 497641
242498 243202
83070 83255
40837 41061
342097 342419
360893 361052
74764 74838
273247 273562
184947 185097
108561 108700
455974 456370
194120 194689
289859 290109
935 993
387842 388227
338671 338852
316663 316738
449851 449858
15813 16104
187583 188232
168691 168723
487169 487180
441606 441729
224156 224342
302774 303383
136108 136265
426341 426406
294393 294580
401315 401553
491185 491207
155151 155499
363818 364083
25687 25704
109488 109767
442424 442760
338940 339358
251919 252635
114396 114521
495292 495488
354988 355008
