102467 412288
207693 76413
516650 604109
445970 183052
618003 166933
591387 766966
286224 398479
489948 766956
898530 860298
730830 281619
881440 666438
861139 989964
307984 164629
642963 232125
925856 112143
228524 500781
134657 248976
637399 372824
696155 450031
186550 596480
912117 37250
983866 9804
769689 9245
386731 710836
92443 822907
539636 827336
82285 377080
33027 884778
157648 206851
116419 75955
629137 818051
202565 265369
275623 60474
19478 778462
140243 456157
309722 532264
33731 232392
501303 853293
66705 240153
44308 34404
616153 15244
838015 829110
125373 525111
283489 334715
30380 968057
358715 130152
466680 698277
802332 806902
633724 550009
36352 748751
254142 653208
89255 905937
262492 163040
183201 489658
73904 73413
210408 742651
724484 623605
384925 870146
128811 425166
460901 632863
279712 787953
54207 190616
613904 278925
491049 362788
4757 40699
888298 252253
18842 79742
702198 14979
612947 623018
74380 691530
357656 769280
969424 332871
385530 324675
302468 925706
487352 725535
167332 767012
358282 893189
517641 259156
744287 331081
550369 542389
803503 623782
871720 787295
100866 106645
770531 313747
349099 985371
519074 352992
924965 754025
203019 234634
784469 810710
742055 959820
210676 640862
294347 555920
717166 532887
388647 727115
841284 229482
847618 190828
764812 185738
758214 683763
44070 703030
516108 36064
893495 402345
880813 440777
701408 574310
289003 222416
846909 443615
601359 57153
593716 376246
422081 883227
349725 368076
2006 219147
967272 627599
91321 475440
914207 814333
474402 190045
43485 143549
28872 165466
630843 509276
188079 855632
216101 417973
538501 300880
281765 537938
792046 590025
718999 242753
581599 529027
479991 615034
933702 597156
489544 949122
75005 694890
308034 83556
582555 845128
801172 657096
148360 253104
106168 132383
205753 703829
993700 701215
871401 562819
643668 772761
558283 920595
291036 964327
880540 99103
895587 442537
222752 624389
263314 195849
409284 310935
43132 717471
61999 635861
964129 516933
458479 583299
117488 500472
432333 478839
153427 222194
230074 519750
914905 232506
346036 138191
302728 676115
492034 551807
425169 123007
768824 789684
271763 571986
242228 702856
36041 132973
891295 439363
644211 72211
895571 186759
203032 460536
522940 653158
715132 381029
231389 405174
106889 576641
723140 331805
33814 114192
506910 822606
60411 437576
405628 791877
223122 424854
468012 144534
71735 361446
931206 250597
520093 220903
469761 201447
22981 197276
638104 180290
112386 966205
556997 950476
381161 838297
850160 897738
881341 496698
149179 46280
222508 835053
150093 184364
604772 1994
923847 504190
621893 849332
608442 695092
21262 824137
599574 81109
135744 956513
218330 406888
412605 7388
581906 133498
189925 351785
2021 382407
522175 596377
854798 876775
673225 844794
127325 679817
694386 524688
75187 166779
932697 637607
900190 326828
94034 561945
559849 151457
668769 272517
684447 895051
744201 194646
741330 399757
936111 309025
640434 360300
907536 504522
713720 404716
570461 243478
671343 615060
28102 77883
689224 679040
882162 420159
119418 211272
49611 730409
542923 14009
383875 199241
563734 654772
430770 364070
135821 856328
652972 444882
537090 847101
589565 586329
775221 172573
168360 475800
101605 76100
825717 816514
996665 617199
106999 981072
972 293576
994163 480218
833101 297581
637125 45453
541836 286553
332312 549815
874687 938370
203212 351400
447640 747954
879929 127659
716511 787485
661943 829054
675300 183309
872928 988248
841779 177338
899005 510825
588441 51924
340946 996629
594406 257442
733227 113786
940450 534166
893473 102530
657685 48325
497641 920951
836463 840897
340445 173196
374621 631740
676274 861633
215439 36776
360591 272619
320742 988408
370990 301386
421813 936040
904445 120838
771610 722120
174462 943682
120799 747574
398828 374211
94998 667761
233369 418287
152204 795446
105749 56028
641580 170910
900159 585434
914711 821797
181018 936581
408247 647906
392231 320218
525909 90854
76555 912753
604549 887867
304153 558257
312891 756010
935195 469444
265495 441876
651524 681499
154099 726334
537985 118615
222865 359644
364370 902167
815135 574537
181302 306459
72408 480207
793458 163191
699596 865318
584790 655173
255713 460778
844655 215057
370547 651210
560971 563069
13265 736655
814505 951878
789083 782414
713533 125181
759137 645116
864414 793569
463480 107837
873674 56310
377938 17550
341373 886399
605785 606385
332520 799380
51124 646572
829883 160730
952224 980801
182507 284243
482446 168691
902767 832689
119674 270709
241763 865500
811258 68133
27815 765531
242475 597187
102897 812691
77608 703686
982698 216884
162208 238136
821250 352128
834494 488017
432365 889601
627609 851853
637517 666905
390320 607652
31133 876848
802646 815623
915822 450094
208583 961888
525943 46122
877798 326846
170680 575835
191994 320171
857757 642269
732975 126077
654914 204043
934660 50027
184837 406154
410000 444572
485506 166658
538696 151411
84642 303502
618471 53306
695456 796834
260547 748385
930364 37524
620845 96124
917131 457221
77496 635327
583586 879288
620920 726575
626216 899433
246301 952403
96354 991420
214465 436169
5245 244048
63580 573831
73925 343524
551557 361182
521855 808952
331517 332512
713726 521876
607279 785819
259244 233571
482646 775856
306576 221236
360716 521462
884992 347495
923945 750234
162950 973270
741785 834867
899265 14253
923116 745205
510114 713904
921256 122620
464539 744455
278935 593764
895177 121021
891367 584811
686406 217234
92694 821104
24647 264310
312778 737795
688610 974937
189244 661960
772810 618
288176 724075
205385 463182
123812 525353
299281 721050
63659 26776
700266 276944
254742 475637
830309 510156
656089 376810
212948 942988
62473 119990
678954 512873
57952 352763
234393 820000
751540 145079
505992 321523
980796 416716
915278 729970
185052 629374
656412 493004
64168 903582
823979 747847
370080 172665
645640 885397
99036 787259
287718 171240
37552 830585
515124 363607
92976 883764
74084 67892
341709 819523
828664 565209
939024 519711
800057 955888
341882 966058
538903 840546
40855 593893
991778 110047
723277 915120
817624 185239
494083 390403
160690 707643
163660 182351
214022 968588
326726 463625
610330 527622
859284 238683
181885 527977
861532 408616
942904 199661
986083 948950
99601 247224
478597 354791
395928 62928
291111 851369
396188 565934
928848 576498
206603 539108
584402 961032
292052 477253
877246 700986
175211 550245
632864 8089
964911 463035
539134 612422
478720 919180
845520 280072
659362 488276
113992 300047
571897 878817
183361 527881
372811 630767
217932 579193
705630 786227
927252 716211
270987 157284
669555 825838
190787 888514
293800 751754
913029 374228
793409 608504
40814 519634
401778 706300
699151 378463
871066 375735
37422 420840
760631 466897
693122 913240
491936 163056
581082 972108
277821 191507
117327 894397
334238 620221
911685 997928
763167 426166
369931 813676
341117 527733
414617 468042
46074 248403
371669 148812
347743 371007
763612 852179
115464 341752
414038 114164
962264 471261
594137 107601
142418 477444
451199 571026
906816 634069
249714 279206
852008 481940
954615 683319
84388 269736
898434 474189
473454 402728
32509 952256
353118 464021
978075 536738
416727 249856
505431 592658
361703 533434
495606 92950
898883 386967
24774 823933
827901 186221
180512 762143
974872 373127
122811 540366
326696 528322
871221 237973
815268 815549
290847 998195
995491 803024
800085 631215
617290 583330
796320 611050
560789 933650
634730 935834
235705 553619
970226 680703
744128 650582
232224 730896
476625 914177
122952 906654
414614 227059
67394 263155
9932 930072
79665 815943
821197 622599
207772 868579
24975 997297
565610 833686
859951 138588
525003 285823
79421 752371
317219 575162
609871 527447
556209 790655
72541 984561
846661 81907
305344 865003
58677 237520
911962 106093
245499 147102
504210 395056
837349 32953
236792 975830
277340 579650
457436 985843
867030 785241
510295 943110
279922 241691
589737 799971
79785 875737
901682 81045
73784 960911
560043 272594
442968 479434
639299 712313
157727 966829
586529 516992
114368 625908
936453 495559
960485 329384
593018 832396
528418 736431
166282 536781
813560 988453
261848 75804
240997 699077
693548 217625
611939 354583
262912 277697
240251 950822
658907 691310
837380 134012
769350 30996
217005 224156
55172 286932
733269 985215
867485 863237
980697 585428
635267 384191
940496 849521
621896 13880
805420 143128
548024 673115
830610 314958
366080 781807
995525 336536
110661 97168
105491 170353
255008 882519
371382 28653
795742 193129
972028 385795
237910 60145
693267 722038
335589 987460
345837 115914
387984 536360
264996 92165
828588 86395
89766 964073
960264 746410
88776 690145
869505 105763
250967 668363
639717 211895
978913 105111
19895 126638
624587 574433
188700 330624
984385 96324
384850 434140
742585 745540
106248 325735
318897 206000
668822 399306
563007 326765
971209 589491
751970 146118
845904 997700
718006 828248
857075 181523
75690 815909
498941 123485
168182 321354
578431 296998
829175 151500
956994 553977
506302 152047
557260 107080
936423 135101
592184 147217
955251 667367
781911 492212
293091 198423
24566 613912
313028 623722
672360 838196
623890 943419
527692 995120
711903 399841
662460 245661
124677 573224
627683 798342
79323 872576
963211 215468
501929 677111
745080 597231
614946 830320
280624 115735
27192 45526
741452 783913
431152 96706
227604 510598
135223 4731
401668 77956
743677 116305
791320 736479
911922 355310
207938 342307
644488 614421
495875 948544
541784 374786
243198 234060
540812 84679
834642 228210
414494 501799
699066 226707
802195 280949
137449 241951
126405 257785
257573 580573
21775 594243
284895 372354
55039 681829
566073 909388
568411 180601
585359 204245
533364 55328
131142 93550
783117 972540
689867 741909
905506 975333
220022 424356
256205 254543
635784 757816
906663 898917
777073 28567
110854 312115
982380 228943
877394 125634
937908 818934
114281 774329
529626 903684
296072 811128
455334 443866
739489 661360
296157 660528
993182 12160
238902 968198
8530 821357
273162 469057
197275 951802
253831 307065
62530 395120
968017 444529
254760 663279
225255 756179
924189 182397
904806 699190
464388 921919
950202 314326
845247 300191
58455 436635
972104 906877
532384 877727
964408 321363
665002 9953
83135 347805
523843 800892
740482 160885
972615 470056
665520 6351
782697 764949
770991 337458
276288 467501
542959 218329
837651 371903
158274 879815
13700 239281
904701 879678
687657 392128
543100 69880
790565 811474
796358 697746
259048 132392
290086 419049
950852 479311
697899 749201
192643 963024
79703 759220
710588 88114
43712 386845
239809 645371
338419 96793
933518 631764
294495 319798
309119 734469
521544 925719
342723 209712
831905 255057
124213 996909
252583 24767
334357 439271
514227 833092
528660 480157
718420 374546
588002 6796
204998 716178
705065 597116
521424 721413
352694 159552
966384 595351
963350 348543
397546 488235
628496 589460
895251 570362
297110 595925
823772 186111
460573 340599
772233 826741
607095 118747
558778 216460
216044 84241
792773 785044
347375 42599
587394 969544
23428 348356
653951 929584
362375 108377
772502 423284
520378 62957
182074 337448
851968 167848
757246 25378
677404 88304
503374 523279
726971 237174
305935 502054
743655 229897
483808 591337
98862 417478
323785 378404
295369 612369
793806 843538
285198 387
253650 418088
958446 183788
489984 930654
506207 116465
412145 894310
623637 552546
448195 353606
398168 355783
98089 589311
876204 320934
330927 622723
575686 892380
982933 686227
921434 572652
26957 665104
737627 778196
375852 265007
503242 195933
662275 133657
230456 237044
445452 943213
185151 279611
348709 116162
557884 985530
375533 312825
891262 906384
810280 368630
57204 835342
734110 215834
789401 285683
907219 604500
850373 90107
42909 574215
439446 317982
863715 559673
221846 540094
648814 443986
626910 363031
697828 523101
775375 179283
519229 198432
455165 196422
950645 773648
78406 121890
510113 262125
79293 882055
316648 896146
15433 579226
988411 615282
930321 562497
188365 263056
740594 172787
429894 367059
400723 974866
445805 62864
944985 305773
758921 56748
740351 836816
44765 132335
135635 792793
748382 983456
346537 115341
88007 506943
760758 456254
756107 787668
722946 590537
99426 42308
309857 938025
438259 712228
128806 57139
163724 679172
967444 546214
850779 455610
343482 968526
442709 925430
5587 559459
526652 296940
30905 321102
334264 910964
863194 44919
699818 220112
904229 101340
201124 934497
778877 911175
835795 93409
263107 673433
164010 766413
919458 613565
24575 571425
504346 72459
927272 97470
177592 656998
593132 277645
891237 286066
985123 430550
199710 800083
502877 998939
207699 257150
842619 401074
749400 654454
711652 77288
920420 520635
77974 981442
211575 194461
700383 919426
125542 99386
171404 275816
899178 544931
791224 561701
865945 527446
30586 643808
836908 298485
717099 525269
371078 643217
53949 705103
865383 528967
141729 775879
393285 100847
390391 371785
234335 613790
474819 462832
92945 385009
777664 431084
334911 955562
378761 253313
859299 482432
971542 358523
858811 702157
821281 501126
44643 262941
314008 979898
465974 604413
392677 192994
836656 53444
431107 320250
992699 221931
876811 600918
396952 850188
399717 478978
338527 790006
741786 835681
953494 107826
977391 652468
432932 194489
299241 44464
750356 68175
650549 489057
101783 666432
770445 824616
630367 147291
323680 805942
228759 4650
392891 535986
554510 986323
445851 323543
338334 361872
2858 585824
546497 389840
250699 480125
614630 888947
237376 433091
391786 524687
572220 577915
414424 821622
613349 13170
917364 433122
391044 481690
532734 915649
262035 519247
831923 125891
864532 841802
835898 488599
23891 993311
915675 264049
98886 345812
389738 710458
