1 10
100 200
201 210
900 1000
89383 30886
92777 36915
204347 565101
634995 602727
56553 204917
893530 325579
532291 528947
756971 302648
819081 799052
218594 799632
418628 830858
561887 541313
788356 439215
720091 193513
59480 14413
858970 909611
152275 966190
47642 806356
925434 356621
77889 198988
524567 498339
27285 487771
790418 56857
372261 300607
100238 125850
473060 107206
648519 35218
990784 34946
228459 436874
967638 710874
620484 804290
770479 826608
149315 772758
645730 334472
533460 591101
89439 723619
211389 58026
631234 633075
933682 518158
160359 3494
110700 550271
101840 633418
668364 275570
228795 92623
319848 413174
217463 196432
539391 456683
745792 504293
355116 205058
796158 391522
631492 888575
462952 401948
35022 359232
393741 610538
614031 485055
35326 554099
187517 241082
33003 653517
746140 372232
785405 261797
974581 582339
39022 519219
539863 513971
235380 784813
692686 894978
299905 31537
433484 324177
10190 45332
18493 32351
20909 36848
48136 34687
46910 25302
28859 16770
14341 3531
42825 46148
15782 677
25094 48153
6736 33481
37977 42679
5717 12596
2363 40422
43181 46079
38588 3370
7762 7080
35720 45023
10280 207
29709 23541
25508 24920
40310 6200
28450 49486
2347 10584
16514 43793
25088 23250
27273 13064
32280 49341
42012 34643
39762 35192
30721 44701
4913 4834
1781 6984
49856 28412
7190 45917
1952 49049
20836 8613
21600 15637
8099 40298
42572 24612
34090 17659
14213 27715
30723 46493
27055 39086
47487 16817
24277 44559
11517 45541
49392 29649
18876 15600
24412 26065
11516 42715
41465 48703
1328 13064
14339 25778
3361 23263
16741 3803
40921 30954
31517 37995
43798 24923
27080 41284
41739 17708
2194 19608
13248 1585
15608 32123
17184 40020
24539 45051
32734 16003
43753 413
45418 24444
26190 48779
47706 9283
18933 4978
6588 16801
42973 385
41723 20052
8020 33462
37760 10213
19421 17359
28149 35028
49482 11685
25047 40372
6735 24133
6375 16840
24545 1792
41283 17087
16922 5340
42721 2206
10317 49308
19006 19641
16044 10729
39693 40415
10542 43804
627 29962
11162 45127
31341 26995
6811 6388
17367 29898
46872 23741
46737 37768
41884 4371
4854 25158
9710 47574
27363 36378
13233 46369
6019 29276
7097 12063
19690 33990
5866 36668
30303 33379
31795 11643
10374 4957
18030 27740
34854 31253
17832 47942
19021 26067
2312 40226
1224 28373
37800 28587
31103 17384
41307 3473
46660 14755
31887 32701
48744 37752
35721 29046
37482 17515
40688 47855
38823 25070
41946 40029
6322 9777
37970 41694
2196 6634
31920 3419
35006 36071
48357 32460
3454 39663
35932 16465
4417 17818
49166 3160
21921 34886
48557 9403
18752 39245
23609 7574
30666 15555
13954 3339
41683 1924
45033 43878
24909 26952
13649 26266
13022 12005
8726 16475
1668 11009
32940 6084
28827 48457
25596 17099
49694 24152
42853 18445
29748 16462
42370 10413
48368 6324
13752 6402
24599 25136
16632 49507
2087 30280
25772 31460
8636 849
14286 10303
11858 13577
32739 40684
12033 24686
24134 11726
48837 16987
46522 44937
49800 38892
5349 48167
11567 35452
4568 36165
26939 21199
2023 29025
17830 44146
26836 26466
44995 41122
3120 6852
4698 35858
13887 33083
26895 38020
44808 25732
5006 41330
37020 4805
46573 42368
19323 8139
44172 40243
10655 21110
27793 29029
16487 45623
23174 43322
38440 18168
34443 41559
41371 5493
43769 5257
38575 20663
43277 49734
12746 14634
41063 49765
35791 3987
8485 5113
28477 19008
45355 39131
40117 39500
34511 22955
35122 7685
16277 23561
42204 17071
15119 33575
22563 25239
38831 27489
45902 32107
27223 24999
13093 34637
24764 48883
38624 33248
20347 17100
2255 32054
22583 8723
21553 7093
31678 6674
14777 14306
46586 23333
47728 28056
6907 36643
3295 45737
14131 15548
44196 41353
40546 7288
42342 15309
22522 30965
14908 42868
14416 33514
24921 36998
8589 46473
10443 6618
19498 25219
20923 16083
14903 18650
44139 21809
21644 13785
33898 35775
29332 28093
43479 19877
1732 35820
1538 24253
33136 16445
8295 4511
3175 1124
4905 2201
9501 9966
3655 3555
5908 2498
7486 3693
4212 3229
2440 4775
6436 9283
4312 4589
1444 1831
8060 649
4799 9578
2023 8221
5361 5459
8514 3424
1145 1187
3438 9322
2571 6851
174 3739
3390 4356
7191 2428
8286 4189
4579 192
1453 4722
2035 5543
2272 2068
9673 1606
2632 6351
3511 7071
5415 7201
9451 6249
5186 7249
3171 6514
222 7458
8435 4769
9705 2230
3054 1959
1069 5408
9947 6102
329 527
607 9845
2531 9967
9606 8105
385 8018
1754 5028
6605 2301
8009 7181
9524 6463
2296 1658
2143 4618
9035 3650
1914 4627
351 7854
2326 2966
2712 2121
7570 8674
5019 9709
8493 7691
4104 8619
1383 1713
8969 2616
1143 7672
2154 8745
6929 4880
5152 437
1432 6970
4933 3598
4616 4842
322 5504
8995 5030
234 2739
6248 5103
570 4979
4394 4060
2971 5947
572 988
6561 1570
7031 9723
3305 8019
6882 702
8677 9113
1835 3778
1970 3388
6244 7339
4747 6028
546 9801
1715 9798
2424 9217
5576 2158
5921 5611
6338 2802
7073 8437
5958 6997
9674 8553
1229 5348
6252 36
1366 9814
7478 2245
1883 9200
7865 6625
3030 4688
6843 5947
9334 7455
2069 5887
6575 5946
6198 166
3930 9915
9224 825
1934 2037
5987 4639
1428 5572
2469 5142
4724 8318
5106 7327
7827 8964
4480 8629
1777 1789
8508 5550
1893 9661
491 9951
6028 3268
4276 2892
6832 6627
2137 6714
8446 5018
1009 8022
5041 1741
9200 5187
7221 4332
8819 4045
2386 9205
8821 4577
6877 6096
9776 9536
961 123
4258 3219
2528 9810
6113 4871
1761 3985
7740 6589
6961 9112
7016 2
1228 1340
4519 9498
750 4279
7307 2305
8098 4391
7651 7370
8082 733
3862 5624
9513 4781
5619 3972
3505 9052
8065 4159
7828 337
7331 5486
7286 4502
5128 7325
2065 5008
1584 3312
9579 6580
3588 4207
467 8774
562 463
6086 1598
822 8757
3077 6778
9434 8966
429 3801
2872 9354
5809 9430
6621 8122
898 3029
9423 8869
9940 7757
1810 6028
1805 9436
7243 3862
3483 744
1276 9237
2108 8270
7910 4049
3373 3927
2592 7932
6516 224
8140 5660
9913 1002
3290 6513
6775 5358
3549 4839
7441 2695
541 1962
3315 1112
9154 9708
7640 9664
1439 4881
9967 7415
2443 2218
4454 8686
5937 583
6934 4382
7334 3449
2047 3883
7029 113
9725 633
9834 8455
9750 7246
5228 3595
4235 2724
8739 9319
451 5225
6926 765
667 8695
7164 7531
1357 626
8692 6106
1506 1261
3259 9330
8587 1585
2093 8431
1218 8638
898 138
9539 1872
6098 7326
7886 3514
3687 6726
9469 9288
6635 1322
9476 3177
8097 8239
1234 1403
5383 5177
9918 6309
4049 9709
9641 401
2350 6163
2713 4451
3761 4204
4357 1290
9330 1728
2243 8640
2197 2229
7803 227
3789 3417
5503 4241
4915 9518
7004 2227
5262 4450
9421 9466
1653 6855
822 1
8826 817
1490 5606
6463 8051
6525 8196
2731 8292
3887 9459
7715 4708
2133 9780
9732 232
3782 988
3796 8909
3491 3835
4231 3569
5038 1697
2820 7466
7511 6526
9759 2842
8982 1747
7163 3848
5531 9487
3905 4686
4459 6304
6165 6442
3233 2390
231 7640
9851 4148
2789 4259
6067 8961
9267 4665
2269 4028
2586 3730
1626 8185
3143 8252
1601 6791
5763 2726
2919 4976
931 505
9617 3775
5692 423
8985 7056
4270 3079
6829 4489
9672 4156
1797 7306
5344 4358
2295 9078
262 6895
891 3349
1780 3756
4071 3585
8008 1468
9682 8618
5535 5522
493 8518
8894 167
9897 1671
5355 6934
5000 3724
2315 872
3078 3008
4859 8261
9684 5089
7917 3327
603 1148
827 4382
5255 1061
2107 1696
6158 2229
8765 439
7642 9507
7559 2033
7119 9876
5310 6409
3893 7920
1540 5802
3784 4615
9554 7979
2595 2465
1369 3078
7898 4569
7848 3606
6490 3896
7838 1561
4417 1706
9162 141
7504 832
9903 33
2964 401
572 1908
6859 3406
6483 7403
7907 7555
455 3102
784 2531
2254 6789
2653 8892
6477 837
2161 4187
1564 6774
39354 29797
3541 17098
63240 95337
94782 33550
66244 54568
75142 25394
86342 13921
61093 60889
25840 70959
73097 1117
86299 61075
8467 46303
28974 95779
94015 13898
81057 68455
43907 87632
87801 30906
79486 18262
18506 24591
77307 1353
70402 84110
99214 5190
78594 17366
24025 72803
32547 6717
44219 76089
19985 68537
13024 57130
67619 54779
27362 52083
24767 79451
10357 56382
40734 5366
13470 56494
19722 32082
92746 23112
98053 84640
26327 33416
77694 14544
31042 65897
67317 89334
4782 90276
27547 65208
68308 57149
90614 8299
5257 77253
26236 54575
2316 68630
55392 75731
72913 41471
71521 49032
7199 85039
14740 12748
28740 18841
58817 25647
54037 71079
12940 38935
44831 51442
10708 32131
15148 92383
57326 60511
5119 43342
32645 11119
61832 15694
2446 66750
73833 92741
73331 32894
90352 38694
37550 91307
18937 63325
93319 5716
35901 24867
93424 20075
62824 82735
70333 57879
59340 43782
9580 52230
57529 81023
94829 10646
16450 42202
27819 46090
6721 7000
34314 86197
44485 96395
3183 6442
81752 85361
69938 19738
25774 21041
48311 94961
4008 2475
33868 69902
13150 35133
52216 70385
90857 33741
971 46591
26970 10256
39500 90057
87425 50385
13309 399
58478 51627
61014 29505
31499 68603
40977 42744
39301 87311
31991 1680
23800 28933
7783 90873
61819 65974
58662 82495
894 18745
35295 56855
60195 88587
19362 74320
33024 75751
83775 24726
86808 24455
91163 64050
94105 35409
93501 84905
43884 86974
38024 57414
76163 10122
55008 20038
55065 69499
1496 96140
45480 13131
61753 61405
86690 66722
59978 89632
62711 64964
23728 60030
53558 31931
47560 17800
14229 45367
45524 41632
68940 45572
48451 86669
26987 78581
97382 39562
23588 95471
8015 43432
64133 64869
32721 24870
3534 94136
26436 82558
23669 96180
30687 77629
81422 83507
26011 99624
87403 18839
67205 68673
41148 2556
8112 74495
92469 31156
43089 45880
20573 18130
40804 90489
22676 28843
22688 44140
82075 44419
43159 21187
41952 36134
61613 63156
45705 1440
57267 41510
17151 85491
27036 82210
44710 87944
23964 44707
2490 33790
39102 6038
88195 69108
3293 71910
82869 27884
86948 60964
40680 4432
5717 85868
98362 57424
97851 85411
53327 66211
25085 45533
97125 57828
63035 83956
6602 23981
89396 63112
88992 51307
48625 39048
49125 95332
70336 50242
97034 38808
45289 99546
42494 88470
17646 84920
29329 80793
35072 90204
46831 86925
9302 55833
18227 29732
78937 11256
6824 51801
33545 65728
99363 2195
53530 22230
23027 41941
43767 460
27689 3445
90690 29142
18192 77419
52265 95364
52790 42422
98213 19202
33384 96729
53893 55585
745 99996
65384 12179
13662 83084
95615 12006
34809 38393
81803 22563
68070 60192
32971 19433
92174 64683
23007 51662
13730 82920
39489 28642
19067 86207
81418 53783
38781 73219
60046 88971
51477 20857
46120 45623
43935 76719
24189 63059
13739 50078
59984 53032
47426 40371
60450 60400
32277 27494
7667 14264
63105 36525
77650 21339
86749 81047
12983 83875
86447 83848
4219 8156
45862 71534
49178 6405
48252 40465
1549 84876
60138 95445
90608 53974
20778 69704
92392 92442
8870 44978
59358 46950
86102 3861
70310 50905
23564 63132
45294 1812
1448 56342
81216 45257
35109 56762
3074 75364
21266 57605
92993 76550
16950 55496
54647 99429
60821 15267
94230 84955
21530 29390
50724 25170
11054 23788
88079 76382
32267 3224
218987 655923
868618 262354
237025 551817
320978 471961
403209 463383
361884 955092
112959 886906
495702 467113
140278 492857
735042 665376
514171 88994
534661 261265
788692 776066
135070 93870
586 792
249 944
508 841
145 647
27 375
370 781
65 387
740 840
746 895
553 879
129 207
258 650
337 587
43 469
434 946
449 832
6 727
91 957
596 691
230 396
532 767
78 149
355 505
234 264
103 454
22 894
182 568
484 875
350 804
774 926
514 673
102 757
784 954
755 819
67 930
371 842
414 878
60 729
322 647
115 444
510 946
378 241
