551031 336767
57661 199916
262473 49883
747791 729704
632895 599004
836558 181802
171540 954934
400588 655904
457202 559175
988163 238002
653609 940576
2770 280095
84475 321908
478885 473013
938132 893596
431220 269996
410006 331716
594082 326304
786579 15414
430981 395370
22292 334593
934469 85658
680086 189253
317533 448082
341396 624094
970047 333506
332287 665707
678356 188923
273355 723962
982689 158898
85667 174481
822981 539860
348221 110043
596575 983936
182023 956462
310668 431526
175553 570997
195598 57722
657316 426623
878280 785108
262016 637475
501605 305895
777507 689485
153689 962396
868725 820330
999679 280842
909409 946732
682338 692116
942254 510010
412695 393888
620972 210935
882311 718255
239753 596014
766603 567134
65987 682071
324976 753912
786680 938184
579802 698933
244569 504891
556612 330324
51389 48120
557797 395792
12817 561951
97582 400578
96878 569364
322032 147091
508803 279751
386331 645339
15217 202014
953186 553883
220278 480066
626874 917267
371008 259
177984 722049
800163 43433
130874 280632
505446 153112
435765 191961
649592 814815
354190 288176
426944 955613
709581 390253
347026 321680
641772 441981
252221 75515
177141 142980
100737 48115
8393 895738
97246 295111
64509 229855
103559 920778
696542 725276
289461 939839
306709 823608
690969 266975
532838 384691
500777 372041
481426 194498
188316 228935
470813 970664
146545 437880
258346 685934
376680 464608
405378 492927
243412 484041
381747 140834
683528 552275
441365 82964
359151 398431
495848 189313
138680 199892
841113 580447
941614 746700
726179 234087
719845 639775
874194 177905
357456 450058
730787 642412
812464 110267
271240 622199
65063 101115
80136 455262
649067 527352
948418 742516
450709 695342
224913 790537
859993 873010
198731 817800
521360 168219
971556 935280
618610 270221
797488 361965
675487 352099
869062 789202
962972 459384
729536 842101
342171 664466
178014 326760
543026 853804
587402 410319
550254 57183
470646 951907
580993 959916
523746 598722
46998 251752
752121 517040
208005 150085
680987 162862
696290 464825
748918 981941
154864 272780
76429 725967
883891 310659
360155 216723
466019 264740
174928 854779
691196 2086
113786 170851
3827 257143
723199 426400
722947 768105
288519 501883
131684 407034
502326 918409
209693 246398
534615 498856
306097 548779
145940 807512
987765 210305
402081 487923
441345 107988
416697 600267
821381 594999
832961 312606
51379 54599
97352 464824
953242 55825
896112 602214
779603 275105
184486 677138
496724 792808
382092 519040
547554 457673
57784 426020
503971 55808
351318 211805
148305 749103
651369 436306
96267 788871
387182 483624
981189 745935
670369 99677
423456 827284
701337 76804
665941 233006
45582 93597
989002 975018
987195 280848
166599 936089
795294 500358
984834 10228
148893 865892
151254 524138
892675 392613
143762 18696
963367 586835
430574 198660
32685 848034
236889 241382
309478 44521
657325 785108
966867 980542
705284 987320
716999 694956
320036 362960
100522 267987
145046 466641
524121 761245
627860 206009
140523 45721
304160 848752
461519 849653
429105 847834
757009 522204
330504 788476
976379 104682
505762 921288
184280 259848
534022 852487
660 284713
134398 411745
879295 632672
701474 366732
166128 778267
723919 987919
88454 775104
325367 741874
426698 739490
276882 451396
646128 356832
879731 56392
215228 45466
395381 801213
347266 570321
489300 567049
205254 548442
26584 271681
243585 699199
843819 460696
783109 996083
145740 143905
936568 932655
540 12738
336892 950125
971926 150839
103407 742976
532060 759616
809166 826254
212140 986665
135732 692460
551153 170676
771137 550932
895478 274212
96534 47621
568501 897448
503740 15799
58958 461155
247972 830842
875475 321428
537673 939114
987008 709863
302385 670737
629512 551447
873427 131673
827338 414654
627923 277292
642787 324858
930409 100394
148380 437502
485599 194502
806916 919666
551865 46526
675865 29320
296238 676917
251232 965469
114517 725358
981140 960263
642587 33575
259899 779201
741552 715920
71379 16688
259138 326758
224876 397457
103138 56497
885839 89090
302146 826390
769756 340073
714271 561369
181874 285253
70844 874868
354630 581327
797444 15692
991319 40268
291857 706582
780600 407922
417482 769734
368524 497076
596774 847343
346896 540204
327632 191164
150226 184613
429027 154889
151104 638914
310676 872799
252379 251213
708207 338826
738571 193440
901434 977177
42571 291050
563958 649970
654788 403486
884419 241167
349304 273726
542691 537
995413 919232
531991 278559
234602 704666
652837 11251
515893 326319
727867 343393
523226 806486
482605 10701
431985 672707
266459 273000
656502 396628
127982 524878
825572 284218
12289 401024
771099 28930
515420 746681
317629 611519
708891 639727
440857 100566
409709 226087
547135 344102
37816 163125
135219 439889
666 389263
319612 575212
651531 423949
359900 796415
595166 14272
853529 164601
642086 591020
932730 69811
961589 501987
592846 465055
898944 981823
159781 883661
557406 552379
58274 412313
245359 114862
68712 2997
177753 8742
591538 357711
775534 204573
124543 210334
846314 172507
43114 483854
465048 216615
717335 684294
879891 936107
242698 494098
208106 208355
655122 296242
301085 488065
701794 800766
489028 488161
846591 689524
483343 667236
618773 489696
197608 561131
127205 18343
573109 283762
946905 546735
78713 209990
841849 208622
223322 553956
942133 205454
84605 942256
751330 93306
596301 158287
122818 561672
485915 432225
765692 819203
99104 670046
898602 393171
942429 982476
604369 817931
10979 429018
309676 10832
641583 450269
669345 868385
150445 581604
769173 557958
80861 569017
356123 405913
385555 482743
227207 121835
380632 973507
111073 782421
731502 920936
262453 795357
350577 392723
59848 607105
16665 627304
324901 87971
417244 653886
646228 585808
416561 603710
553516 787566
874926 541715
108736 780802
213971 566222
796533 983132
289247 439770
931444 501920
304416 897494
349754 39921
222857 980500
887244 374267
206523 391150
429192 528605
302630 25984
851351 625970
319561 955973
714879 349307
391381 75281
124629 105386
547695 694376
381072 684429
861781 130554
666616 989845
437080 121596
697148 582211
287815 582692
25187 764526
21292 117953
860123 581939
762096 512756
235374 274681
498265 999951
718418 757535
18228 749832
767775 970629
282126 167129
539675 322740
506972 394104
499633 291051
671226 317742
93697 639239
217936 37463
896592 22094
818897 862837
751968 91864
778333 429296
841243 838938
285447 407598
699753 608464
537712 405131
970337 304838
240274 286389
710491 532036
21145 303527
913764 103508
548971 262720
231307 892849
296073 960959
929752 205326
959117 816606
27548 568639
692755 459464
394788 548232
684404 106167
543559 853825
185838 976814
645343 830882
730143 985168
944916 759665
493808 837532
104980 399429
988943 675974
875871 445749
852564 140466
945214 514339
785477 296015
278931 396382
62709 678414
196556 941944
227271 69310
680817 838566
745936 107398
163101 441485
935642 839934
501322 713007
100997 274858
984837 43633
316937 383059
529856 798024
967062 834884
477318 440320
213468 341022
411529 114409
342759 398104
932823 124894
678882 735831
405035 655091
418108 248102
306144 430650
202983 44498
524033 972914
691709 380709
587899 994381
405501 68861
33844 462045
490100 44488
543284 125530
666935 922462
924225 768978
746316 2746
402314 410861
269545 503574
292665 614364
271764 19107
418731 479646
997097 381602
712892 842799
196666 421346
651323 17805
173713 107670
45053 826792
682192 335186
863309 381477
620794 724002
403841 691727
735114 287111
998567 932379
773377 491215
273311 131670
310525 897104
518530 113581
466117 639680
594432 913560
346529 487028
886408 468452
326694 179251
716448 980701
852560 632055
462804 532244
40967 920063
459403 126482
819844 490452
206133 605785
533773 218582
673312 278291
185628 488321
988394 879834
708574 863810
169169 700643
794199 610416
651238 34376
4386 445417
605664 816624
517270 985610
791053 915996
365253 207882
99683 635601
504990 545843
852405 95262
916210 391358
974529 551625
136148 899915
328422 513434
452441 378874
873075 127747
415742 160617
700826 97386
571945 832714
653699 128021
458888 823711
705661 564465
897750 253781
34191 805631
897660 25147
340589 583068
126420 571613
62854 56491
381512 147777
37178 856993
985945 385277
718953 82668
146236 65395
338343 155969
352094 555499
655051 19969
18121 208907
391654 285895
293278 393589
253905 281552
624130 652221
89248 22407
37654 534470
675571 257709
355294 826232
906026 636770
180099 294175
686584 238034
928819 407139
676561 601727
499110 810528
601405 245990
705212 646817
309903 213393
357250 681854
731694 682105
279572 675279
567442 745557
350620 477900
305739 594819
456696 814147
540731 640466
632186 413236
168868 42282
133257 101708
751324 336472
396516 868541
131229 794298
879815 220086
465721 371203
517286 776964
788010 712876
832662 225733
536456 587320
795211 467716
370835 315233
479804 46710
296176 169380
253795 110288
757937 942822
734880 663619
326989 579330
516541 729813
303855 628784
528588 920541
674089 673683
159341 273179
543561 258591
399852 954418
690884 298340
17735 604866
256655 169532
109581 487142
405645 957709
757793 876551
734435 132284
864926 86811
4839 514479
417749 980478
414070 966844
398705 274219
726820 360435
439356 123287
651727 91396
556282 399594
218892 924687
222515 75098
207235 612615
775502 745830
555927 784449
975385 514925
60285 821279
604902 66472
474414 743379
786191 696458
294711 228306
843545 615539
556334 609432
671990 671691
52543 591057
114468 887041
794532 673515
884532 339168
540979 579574
277605 121419
591569 552436
424943 64341
263940 321667
734107 532671
649575 512228
271 613583
979894 652007
958888 752457
752329 775605
613120 778125
490078 179257
661647 710989
678543 483372
216429 721768
196450 218365
450037 763071
190809 972549
849173 58044
623644 655779
557748 431124
162132 641018
312607 19767
518061 914946
182658 591419
970943 254013
453679 116784
569585 408285
10655 61904
793160 706563
657350 669781
615440 146082
236689 6117
893797 613506
911871 300521
463198 825441
862937 805115
968983 754995
735824 25086
972378 709706
249777 936007
335466 574674
750983 279480
411499 82675
698701 968814
950321 927769
851022 249040
641699 580816
90779 379208
699275 763784
956200 171726
752574 292472
927684 116768
238754 480863
620468 412366
5921 987302
785259 646129
486185 357922
3175 941372
135517 38581
765162 271594
719579 449876
965523 91159
78826 642403
980506 368811
952704 770556
190053 145969
533806 743886
83721 196421
596265 814114
296416 960620
101622 794041
853763 311486
271409 413586
349732 285694
741433 285063
986123 330442
110780 473879
419499 661229
62170 11967
144224 82
561784 998081
195208 760852
262564 824838
211835 79344
209248 382623
400680 856092
421581 464871
304333 529137
186677 732613
192850 406339
787765 369614
655043 294161
143749 53511
130088 530712
673190 735751
61955 815106
201895 518203
631270 697340
262227 732420
456110 126629
173178 778619
537952 777505
727323 833044
974174 566798
514283 312928
940677 827279
324228 248876
653415 509379
30381 103879
752352 923546
848450 89505
358935 525886
730496 827151
581011 977772
730287 667948
959095 805350
831404 901465
276187 887553
873042 282788
312649 539097
222533 751686
33937 396389
541786 725255
962313 943589
261030 448444
59237 784696
118050 542320
490863 600266
585016 846817
729891 703530
692972 693345
327017 255353
157930 922270
22831 250430
384744 347195
428962 289559
137655 960220
357514 622538
234924 642177
127744 494650
624485 169418
687564 433077
431674 300121
880351 104362
455106 854228
990761 845240
414079 766153
854296 31649
657255 226605
334191 384541
324944 312637
338046 47179
613815 325254
33540 936130
694060 161599
650525 601542
66846 29204
57257 835031
395839 14014
769660 412515
840275 146445
675323 409115
588506 211335
92569 731554
424984 429994
203566 45026
112446 466510
950257 690617
319158 312935
952274 778449
828432 963686
780919 257934
131140 31742
172944 527584
631459 715460
655449 75640
849183 248111
78060 368406
833395 953471
244416 764737
529264 887867
520898 690513
45926 57170
677518 721574
291051 100899
684490 712571
71947 914264
754143 392404
6924 381933
82453 900629
91676 720079
374410 236973
596889 207263
476111 454639
636925 185749
287135 844481
618405 860034
158333 212397
11516 675182
44905 976597
623688 685855
197054 781315
232081 589051
979691 167839
422249 774277
734028 455929
303773 372739
221860 140806
647542 48256
672441 517736
768236 668525
19341 334438
980136 620579
358132 897403
247028 215940
787863 368202
588418 470143
15427 468527
507286 429169
122478 582064
949392 112297
425033 261522
800282 728580
237563 574152
55018 862007
471295 909446
628660 111852
255835 316597
663536 640515
484859 38207
741123 263609
824043 527945
641165 323814
509486 358337
480142 106272
588733 471308
702005 818813
263839 768482
376071 558966
204385 564918
579816 406184
49779 952013
64074 89460
945311 769456
568943 781253
210726 777341
303580 638193
874297 413399
91484 92985
273425 332349
795373 649771
518187 945720
60492 282663
641444 568366
403800 809726
487148 463956
856741 859062
876202 848385
536800 585770
534444 729053
764058 208014
163337 762680
786867 749456
990998 849783
11556 747227
596289 628329
231848 136501
148301 515128
592584 994376
716266 865850
753346 900670
845936 669159
386005 181445
8184 743077
340396 74354
673047 978432
539108 536066
294008 356341
782588 179387
121045 970093
839512 711601
412114 371399
524850 240612
103030 424846
649310 400071
974086 441098
540663 444699
573248 929650
377003 181306
970225 610111
788449 196720
198323 621851
819010 827716
839303 720568
698155 136916
510795 589886
804461 66654
536920 803228
164095 378587
635386 903744
90753 346181
219405 745569
611437 324538
376688 161209
899164 957561
396585 422417
