82 49
9 68
1 29
79 9
61 32
22 44
52 98
69 30
94 41
23 95
70 97
20 9
27 26
38 64
65 50
14 46
13 1
49 93
8 11
26 31
55 76
28 23
8 23
65 31
17 34
28 38
43 55
62 80
20 28
31 33
72 31
53 86
30 3
80 38
14 5
67 68
79 95
91 87
18 55
18 35
90 46
73 32
2 35
11 23
61 42
54 35
71 8
11 98
39 23
4 5
91 83
2 82
70 20
36 88
53 27
33 26
58 35
61 67
56 23
11 11
56 80
19 76
81 28
75 19
52 79
24 42
62 24
25 33
42 62
20 96
87 53
23 44
86 84
13 44
6 22
53 63
3 71
40 82
94 23
93 55
45 19
86 88
79 7
85 68
58 9
13 46
91 24
88 97
46 42
61 48
14 1
29 13
18 30
63 11
51 57
67 96
75 54
85 55
60 69
22 19
76 34
65 68
58 54
65 4
95 25
52 10
26 81
23 42
10 87
54 61
43 20
57 19
74 43
73 35
12 95
53 88
28 19
58 87
72 22
91 68
47 42
76 72
24 1
13 33
86 65
92 28
85 50
46 59
92 20
94 5
14 46
93 43
66 50
29 37
72 19
4 19
61 80
89 83
79 3
15 64
69 9
93 53
57 40
13 50
58 7
55 70
53 48
12 18
96 39
55 68
58 59
87 18
39 75
3 17
78 18
82 46
25 74
1 83
15 14
32 71
19 86
40 73
35 53
91 32
92 48
98 50
6 86
68 43
60 69
61 38
86 44
84 12
19 83
93 32
96 27
2 16
14 42
89 49
95 80
79 87
29 79
38 33
64 5
77 24
75 39
62 62
81 45
72 1
30 67
31 25
94 33
39 7
75 30
56 70
9 34
58 38
12 94
69 75
84 62
36 66
8 10
65 36
75 96
59 68
75 5
28 30
73 37
64 32
73 75
25 43
51 25
89 51
14 36
38 20
44 4
55 20
2 15
88 30
13 64
33 41
94 7
78 58
37 52
34 62
94 85
86 84
35 84
55 47
21 93
67 64
98 21
82 98
37 70
27 50
35 61
90 29
66 69
85 5
21 18
65 16
2 50
98 37
35 54
84 55
47 50
20 46
72 3
43 8
73 68
56 8
30 47
35 95
18 19
98 37
37 62
53 39
14 50
74 49
3 59
5 50
10 23
94 80
27 36
88 98
6 44
5 34
91 40
30 8
59 27
45 94
90 96
34 5
45 9
52 49
66 56
97 75
79 91
54 5
28 44
5 32
88 8
67 78
49 95
87 7
24 31
1 13
29 33
18 74
41 68
22 8
25 21
81 6
11 37
11 37
79 14
70 66
23 38
45 70
32 33
75 54
65 76
247 938
801 65
238 518
575 907
56 931
8 390
604 217
409 731
677 182
446 522
671 485
558 210
285 346
989 782
436 449
442 684
388 244
468 345
762 762
253 819
695 261
928 19
197 338
750 594
239 916
835 629
402 395
558 407
460 548
190 896
997 351
300 386
596 769
732 78
251 704
616 946
685 545
966 601
602 436
196 841
353 33
190 475
147 749
882 607
298 791
504 16
143 524
402 458
13 853
537 264
278 154
212 963
419 897
565 22
334 481
864 407
514 773
601 661
242 203
269 260
994 492
276 856
17 397
35 748
252 572
14 249
445 944
213 864
842 497
887 895
978 471
22 212
963 623
873 207
826 861
467 540
355 462
117 91
859 152
840 830
443 854
80 888
799 12
473 361
229 80
257 208
270 280
140 234
622 14
160 450
876 627
709 950
808 826
42 669
978 882
500 141
456 581
31 974
593 223
336 822
303 313
750 573
312 890
526 934
623 687
385 219
315 814
170 125
641 213
513 340
814 14
481 272
314 231
247 627
454 303
450 476
616 919
50 928
529 577
582 154
265 968
373 299
502 544
143 144
476 375
203 291
390 685
282 704
916 249
51 91
552 502
567 887
141 337
535 671
633 118
544 617
805 917
635 308
181 498
172 657
873 375
668 264
61 950
688 697
200 739
507 471
960 793
359 821
131 613
493 483
732 38
101 538
674 456
566 856
954 738
233 828
832 901
812 613
853 220
311 772
959 537
245 640
331 323
462 463
937 674
665 389
712 767
927 106
224 213
962 897
951 915
726 504
817 539
118 390
759 148
882 439
685 846
798 17
170 261
199 826
654 865
216 86
352 863
192 295
77 874
193 748
790 919
253 327
179 371
437 657
519 320
815 205
167 614
940 337
594 141
883 249
725 100
335 78
963 247
373 42
122 285
790 631
923 762
958 103
134 396
480 372
716 296
296 602
630 237
659 225
97 543
194 822
643 248
900 608
495 992
369 336
278 878
967 203
641 927
25 494
43 505
866 479
802 163
82 433
119 460
377 217
4 290
40 367
539 660
694 753
653 64
91 932
661 777
136 303
705 161
516 468
386 383
947 189
265 748
341 384
210 437
320 932
728 361
300 986
22 994
740 675
777 550
327 439
329 182
461 753
63 977
222 449
80 888
357 64
638 698
168 848
854 488
781 302
849 801
289 590
796 749
985 294
19 313
452 348
215 914
103 278
611 44
727 411
933 85
475 572
502 643
140 357
133 640
379 701
161 668
12 958
137 997
971 157
30 424
505 245
339 327
242 670
91 969
82 25
55 557
316 557
920 175
634 772
534 14
193 696
401 205
374 539
921 346
415 671
770 920
916 829
967 878
219 777
848 301
521 904
2206 8154
8542 5626
1316 6060
557 3200
3804 3775
69 8535
5922 4610
1062 8221
2668 1774
2259 9152
1738 4055
4590 1535
5554 6544
2427 5186
9410 9176
4218 3199
7331 4343
8826 230
1987 9383
5013 5791
4741 5082
4327 665
1276 6971
469 3944
8745 4310
3097 485
8365 9269
3602 5503
5814 6030
690 5225
5207 6490
8425 4122
2416 8834
4352 4403
8218 948
196 4543
6031 6105
5208 7307
3078 5677
1252 1824
1570 4350
3891 9935
5202 7494
7021 1018
5107 7711
6243 315
5784 6251
4437 8201
5086 373
4187 4888
1321 5965
9431 8934
2072 6222
7824 5150
3482 9077
8556 5052
5010 2449
6570 213
1526 3593
2813 6633
2887 640
8530 255
6891 4551
39 3561
6506 4226
32 7827
193 9463
8345 3847
7268 6170
8997 751
6830 9136
7385 3423
3168 3956
5219 4694
9131 8032
2910 2020
8672 1442
2275 7147
7575 3896
709 4082
8122 2323
3492 9897
3369 1838
3745 638
9591 4325
2971 6422
3463 357
9846 8213
4313 6648
2909 5028
4681 7401
7048 3355
426 906
503 8001
6384 2794
3666 4507
5117 7159
5988 8486
580 9733
707 172
4060 3678
8177 9105
4035 9606
7319 9930
6255 1811
4959 937
796 3590
5874 1222
6078 7959
807 2463
754 6055
8553 7453
3215 4542
5940 5378
5858 6647
7132 9918
326 5310
607 5943
6499 7927
7457 2755
1321 3999
5275 2117
9172 1150
4922 5251
9110 7311
9297 1447
3367 9433
8901 8165
3976 4842
3544 1417
3073 677
1337 4981
7570 3526
2508 4070
3036 9965
8408 4358
5547 3684
8057 4720
6416 4562
1555 7109
1874 2435
8557 5242
1869 7459
3408 7427
3884 8534
8844 8539
9211 1764
3522 8364
6873 7612
4018 9909
9160 2427
5850 4708
7693 5491
9429 4110
54 2567
2803 1929
5002 1361
8753 8453
403 3744
5881 5869
2279 6308
4410 3073
8073 9514
1439 4947
7127 7039
6439 6288
9466 2291
997 8742
7782 2009
4435 9418
4576 7238
1348 1161
8599 1684
9614 585
5428 7078
6455 7707
3388 866
782 3044
381 3803
9573 9090
843 6013
5379 1892
9886 7958
635 7669
9968 5070
7089 6127
2310 20
8871 2492
1705 8486
3078 7133
5566 9533
6424 537
1982 8788
3581 2363
2592 3155
3036 3435
751 8415
5327 639
7956 7544
9890 7925
2615 8562
5636 4925
166 4508
7418 1871
4577 2079
587 1726
1613 8593
2263 5177
7382 7426
7540 9974
2164 2159
4992 4498
575 1902
5137 8531
9446 6610
8040 2063
5174 5259
8570 5340
1350 7571
8793 7509
9650 963
9236 2846
9557 3082
8023 6940
2092 7146
8498 4256
9305 3491
8754 1463
6976 5474
1578 6423
2086 1201
69 8842
6460 223
5765 9392
7794 4559
6902 9028
7104 7721
3457 6662
805 3064
5186 4479
1793 3685
318 2682
8758 9073
4145 5735
6130 7305
3742 9798
8506 3811
8641 6549
4034 5989
7524 3412
549 4428
2441 9236
3732 7480
5899 6119
545 1086
599 2339
6353 918
5021 5113
1574 749
849 7704
8055 4591
9086 8144
9985 9310
6277 4020
5301 3802
9014 7432
9812 1456
6669 3546
8937 4152
9665 1065
5238 1848
3404 3175
2766 8
8288 4340
758 720
3627 396
6894 4296
8540 8462
3608 6400
4065 8909
1786 3081
7924 1599
4537 4595
6727 5057
8747 6394
6123 5568
8242 1110
8743 2591
1119 8614
8513 1877
9335 2141
3855 7812
8020 3978
6275 1629
380 341
2121 2166
3422 46
5347 9542
4641 2076
6182 4971
10475 15770
85600 54051
63679 67109
90759 69163
92041 84296
77968 82294
92033 14971
30715 95211
8365 5227
14292 66037
22704 46194
75376 62712
27260 2755
24723 2838
74644 86741
33091 85119
97389 18692
34048 61069
80678 24808
25110 67597
3982 3079
44769 96015
12927 75484
91228 16169
75588 398
82207 98293
46593 52461
55883 68730
55216 80606
71568 29861
67348 99536
14981 64738
18229 43906
20685 93785
63591 45795
61383 67573
43751 1031
63590 56678
71392 49696
72848 46982
50094 55056
45276 91564
7518 1160
60295 62735
81766 26742
87473 43992
26279 97332
3609 39386
41239 24294
33172 99708
70090 89432
67282 13842
90463 25750
65398 61857
75446 33124
3717 25542
83057 48993
11984 85452
45030 72280
43065 26797
93899 30540
65666 15056
22750 69275
54442 63989
93570 82491
58575 58538
66802 25859
67257 52143
51609 32656
8878 27057
60657 12595
47476 43715
61588 59460
29169 6619
26618 72234
28293 15395
97651 88837
30452 20402
58113 79771
79269 46561
62264 37845
5100 23944
63704 72358
76087 10192
99891 84966
32126 60550
97561 79602
99142 54028
33940 28312
55524 55436
95424 78695
70831 93076
67533 96160
8357 20524
75933 87626
67086 33075
25472 72186
57019 84054
39422 27984
89123 39315
12951 21250
94742 5391
95729 88762
59419 29670
17076 14944
79983 7378
88516 50816
95331 56050
46977 3689
76575 17788
91315 43662
50863 11666
10726 2760
90597 50149
30745 79721
84341 38573
972 73961
43964 91578
62724 3384
16126 74677
13206 96110
82055 1723
41804 77388
52651 88781
75954 24104
1448 67271
67766 47188
73814 73369
49949 64412
23519 75571
39011 2738
14145 34860
76699 58110
26439 39425
56371 42565
14103 69577
33553 91036
66178 75357
68425 13707
59017 39257
37811 60465
6529 455
7654 75220
73824 52480
34510 92221
28052 73521
94959 42198
8382 71660
95185 29698
5963 51557
67141 14943
16013 695
5980 82191
76053 69282
90775 29948
8541 28587
85290 9947
29042 87821
85168 2867
40303 14556
89965 68355
88078 84926
5431 91337
51464 617
21037 57427
52175 88178
72370 68188
88873 73228
45257 59804
42511 36033
84629 45929
59497 69920
55877 88539
57743 35923
86283 98046
45356 76250
61279 33435
56054 61588
24774 7519
62205 45811
59823 9258
33990 27071
72323 17741
300 12458
72423 37689
48491 57053
83618 7989
26975 34373
91405 84718
65173 77690
77642 10531
48818 33799
43966 4873
95387 63617
7269 57594
4306 67092
61729 33173
94163 34054
50915 89341
46512 23339
27031 89881
75269 5527
92747 2245
39901 84154
81840 99951
56722 59483
10483 418
88160 49327
168 83548
7822 7437
36020 12129
69406 97750
45302 63570
26682 91094
47789 68071
9311 74820
52830 84581
75225 45579
86826 10004
24611 63545
9956 76210
17906 15317
76628 6067
59521 71673
89616 67343
79110 25637
74349 48517
18265 19653
6965 39824
5625 54755
7897 14937
24453 55604
99518 99678
1184 81222
9683 20672
44768 14517
91759 57552
29834 68388
63619 89355
34939 48113
51576 14050
73751 25927
57444 86893
45580 59287
26719 51205
14043 29493
61019 33373
85097 60538
27930 81159
36639 37613
96708 81407
52130 88469
38960 76841
51735 97457
66197 86675
45571 17775
95602 14200
38579 53048
1095 79036
12336 22691
25119 21256
47061 86139
49506 32159
46678 77436
8196 83317
15051 4906
59603 62058
88252 93440
38901 39988
85775 99975
21541 31348
12628 17145
45548 51207
65070 41520
30244 72283
64211 55364
88416 11273
36381 37923
38310 83059
15361 41383
61255 25289
46289 15736
82224 29419
4054 16003
64285 89830
10857 85826
21179 23485
97848 61604
69570 62919
3126 94691
30080 62214
44933 18497
68365 81314
56421 6676
59252 66659
48059 15385
86825 89226
25998 63927
13523 30052
79931 77808
306038 972644
44754 229286
691486 951475
186194 659804
300668 792444
855141 843305
648117 901908
155717 914203
568287 710340
22119 327369
164225 270040
245183 255728
845266 167186
317900 656694
88338 199631
241940 908581
686480 800898
137868 377968
752374 838266
551977 567247
630711 921323
410554 793034
823233 566271
707238 391521
790816 243563
233095 955041
513603 478278
724974 358870
159669 42875
529769 248007
242507 771709
670793 928987
86813 322867
821160 839188
161134 887343
406436 306051
808667 331195
99086 631901
411671 320529
537627 202488
564092 770722
671734 77696
763205 396709
950770 922874
439585 994745
685087 196297
280660 870085
639489 367474
192953 974855
206663 868292
862199 127304
688548 670867
972704 787634
816974 384376
622368 354602
586865 186462
639530 258600
778362 916940
169515 729134
839816 609100
238085 39109
319602 518745
909194 473296
886219 616353
448152 607087
484646 310352
734392 173195
495425 221302
475034 312400
605678 97403
181207 706748
798069 820737
965349 90638
251884 134865
819772 605905
258170 572062
645014 91977
90808 68414
565273 977028
684767 13427
584116 683618
837983 832713
371018 333409
54016 360257
645809 173900
457661 341222
880648 769935
161960 360203
860573 413844
9273 194551
19750 267443
766613 178969
873624 857422
761588 438899
348656 446356
966530 446977
644180 804514
279692 15199
137925 847912
375457 297939
536017 347323
639161 416667
631463 315327
776870 492038
243376 300349
200794 777331
567792 967408
470505 955622
339036 232094
908726 687692
192656 875257
134670 836836
193977 928566
366240 846106
290685 255902
658251 826702
117430 811617
757574 748894
126945 48651
755137 884526
349000 955931
176063 430997
437545 646568
386620 776581
878663 295347
978478 71320
684809 113150
422361 878787
555921 788601
724894 360811
44505 897350
187515 676139
708969 459294
425034 350119
507945 694376
234646 856945
164514 410709
802148 602059
571483 188769
892846 450147
998321 871325
35672 683131
498680 458033
76124 54603
246635 315224
415414 805344
212575 117134
481485 921544
576429 420724
271665 598579
629306 20516
969730 793820
431226 771879
395880 2710
474853 288727
967061 473175
160054 2734
670512 172939
974971 746636
741746 221607
576065 157162
541157 788641
788500 536847
224391 879134
471776 496056
991919 101083
516573 961650
894903 462004
733530 290785
978918 722588
93717 945980
195765 767975
462919 866277
940915 437891
127119 682662
173703 217390
354029 229065
6032 656735
765912 230423
50075 237690
240685 41995
338773 757258
3646 747882
733467 251381
552872 712386
973970 646589
172572 683940
928770 149696
64423 383891
587587 705746
580758 275495
923136 448993
504561 929168
105729 270474
673797 155804
22369 914482
712004 875347
185946 229855
623230 919413
995441 176103
631800 969412
336897 804372
167558 265668
954068 231981
649559 55861
937727 230319
845560 375070
679312 350122
818443 299246
134802 492241
969254 157171
406724 681259
546723 106875
425320 169954
26289 420762
860261 172294
904379 197160
490871 71938
977032 959144
818123 626593
15006 270056
371117 860567
645126 564634
724894 463571
378085 859696
955812 347340
531073 876742
542805 592001
497822 482330
761956 524112
903092 136423
696406 807472
333583 187279
393615 310617
146424 211739
451415 675635
995999 336737
50408 641127
901371 289507
618903 279457
663409 88921
141002 708687
479868 198012
300689 977691
680342 576850
501804 583435
713274 712415
905112 46858
413899 812932
871679 74529
538876 323095
750164 534877
659832 314777
176005 75409
604284 309113
869070 267694
398034 10074
976381 877903
722290 791276
855595 402634
368127 871604
500274 81402
98225 919592
642465 512125
732525 514145
586654 271403
351446 851023
806280 11279
680005 496490
86689 798494
805603 955759
580394 717842
480038 70981
595746 202330
862257 965546
604964 230386
837151 619443
825992 449582
539036 468458
961707 271563
496809 62567
57171 848255
427795 377656
373739 622005
874146 460428
420500 193955
930393 895
911797 410432
71877 21750
126967 448339
987296 246136
678725 338654
865580 18924
788236 404617
1587 264149
190385 498396
840920 761760
346652 782920
139417 720392
