1808 250
74 3659
3931 1273
2545 879
2924 2710
4441 3166
4493 3043
2988 2504
2328 1730
3841 2613
4304 3170
2710 2158
4561 934
3100 279
1817 336
4098 2827
3513 4268
3811 2634
980 4150
1580 3822
1968 673
1394 4337
486 1746
229 4092
195 1358
2 1154
1709 2945
669 1491
3125 2197
4531 904
2723 4667
3550 3025
2802 1854
978 2409
3229 4934
299 3982
3636 3014
3866 4815
4064 4537
4426 1670
4116 95
630 1502
1518 4196
106 405
4452 4299
2189 1124
4506 1883
1753 1567
1717 338
4439 3145
1502 4898
3872 829
1138 4359
3178 2398
2295 2905
1610 1232
4746 4176
3636 1299
3143 400
2969 413
261 3558
1595 3009
1396 969
4114 4531
1007 963
2943 366
2083 4853
768 3822
696 4713
3672 4902
3591 4832
4739 3058
1617 4791
641 680
2336 2007
2973 1099
4096 320
3455 224
2290 1761
3906 1127
1124 4507
814 1771
239 4095
1221 2845
2367 535
227 395
1364 3739
2845 4591
1551 160
3624 4948
2386 2218
273 540
4248 2386
3497 4886
624 2421
3145 1969
736 4916
1626 3535
1043 1012
4680 4153
245 2296
3819 397
2693 1816
2992 34
2670 4398
4554 548
826 1211
4663 212
3809 3378
2762 626
2336 1869
2996 2777
2768 2440
4875 4332
557 1302
3873 561
95 3985
3756 4790
1408 3016
194 2770
681 3456
1856 2507
964 3503
1677 3109
3250 2332
2845 2639
809 4998
3652 4850
204 732
1532 3015
420 1776
2010 181
2930 224
4055 3261
1738 1546
2318 2526
4201 4257
1565 598
1649 2705
551 151
1977 1413
3555 2798
2505 3382
4749 2066
4379 2700
3210 130
3554 484
448 4608
774 323
4306 177
54 2225
4631 367
401 445
371 286
3017 3899
3156 1134
558 1577
3179 3267
2358 1712
2879 615
4820 738
3134 592
3721 3763
1634 1198
1032 3589
590 4874
3878 2305
4359 1201
2255 3961
4916 3948
481 2731
4956 4547
2108 1239
1 4927
36 4858
1114 115
4594 1361
3355 3419
358 2586
3730 1016
1564 1103
918 1644
4420 2968
2748 270
396 3304
4474 4104
1749 4386
659 3460
407 3931
4825 133
974 4604
1898 2921
3951 232
3481 204
3901 4521
2534 1259
2004 3677
951 3935
3781 4880
1833 2575
3550 4543
1250 2772
1311 880
984 4971
2041 2724
3651 2972
3230 319
2747 300
2231 622
777 125
3245 1959
2697 1772
4065 1561
1599 3752
4941 4504
4552 2802
2206 81
419 4275
4650 414
3321 4026
2013 1784
4789 4118
4009 1551
325 4196
1258 4512
691 3667
2411 594
554 4566
961 3743
1404 4353
2308 1142
4911 3201
2800 3128
172 2788
4415 1626
1642 4518
349 1843
4316 975
1446 1374
2221 4912
4240 55
1306 1930
2254 4190
167 4357
4305 4861
899 593
1721 1117
1581 3868
4353 1940
3699 4902
812 1617
1892 3672
1729 1672
1662 2046
3121 241
2159 4454
4628 351
3712 564
4595 2534
1728 2828
3796 4532
2443 1517
7 3516
1925 2602
2098 3662
2104 4325
109 4937
2282 2016
3711 3217
1906 974
2782 2721
792 1170
2866 828
4537 1729
2126 385
168 4950
477 1047
1577 3667
2468 521
2385 1992
211 3259
3212 3745
4519 719
1935 1826
768 3690
4819 3015
1826 2919
3029 3030
3035 1728
1241 3755
1541 3397
936 3084
3049 1866
2012 253
3065 2877
2238 2676
246 2711
416 3193
4711 4748
3038 1300
3448 4716
1694 4580
2130 165
3980 3502
526 290
4959 4034
1801 90
2671 218
847 1039
4544 339
937 3322
2720 1497
1248 3789
3360 988
36 236
3913 685
990 3785
3735 2668
520 2616
2046 977
1662 826
2820 1632
2904 2699
1799 2640
4005 4504
680 3766
2392 4108
4925 4366
2122 4455
2107 2451
1704 833
1033 2142
1655 1978
2218 3901
2290 3466
4748 3623
4880 4318
1517 4049
2763 1030
4040 2709
904 2658
762 753
1467 3622
4558 1997
1956 1931
1495 556
2222 4313
2294 1428
2233 2445
4792 2199
4153 4857
3571 4304
2440 2915
800 1767
1836 1922
1044 2753
4087 4720
4151 3411
3624 4670
4606 4944
2312 2432
2993 4817
3700 1972
640 1371
837 4892
2858 4834
3329 3178
4411 2684
177 3490
2092 435
4712 1905
1027 4892
791 523
4365 1891
4885 1814
1442 2128
1180 785
4538 4871
2562 2582
4166 803
2733 2333
2855 4760
4848 2378
463 4011
3820 3151
3378 942
3837 1721
2300 1113
4760 4957
4391 1153
49 15
4045 4919
151 102
1296 4822
732 4502
3246 4962
1058 3511
3929 806
2174 2138
4670 4097
4504 2422
3676 3519
4301 1490
263 2055
3264 3644
4890 251
1736 4416
1365 2495
964 2759
653 93
2317 1715
1421 3061
2451 3369
3742 1848
4197 4788
2502 3235
3129 572
2449 2876
2254 1872
4330 2294
3720 3472
3821 765
1080 2631
4411 3081
1114 3343
3139 3383
1045 3829
3394 3576
981 4001
597 948
2371 1088
1544 2734
2853 262
1825 4401
2381 779
1858 3424
4499 2015
2846 1663
3510 1611
1850 4219
4291 56
744 3556
1386 1535
1276 2322
1152 1227
252 4460
2784 1715
1438 2880
2699 4101
3138 4286
879 3285
343 4916
961 3068
141 708
3567 729
563 1364
1970 2891
2624 2279
2314 762
2011 4841
1979 1001
2395 4508
2657 1552
1787 3432
4545 740
3777 2585
4253 4109
515 1455
20 3029
1672 2371
1664 2948
4025 4544
1855 1009
4982 553
1289 3164
3360 1020
380 357
4462 3488
3354 3900
789 4245
4881 2467
3284 275
237 3910
3568 1835
2940 4685
4652 4550
4267 2468
111 4590
1328 2774
582 4296
2937 2875
436 3232
1973 3029
4799 4071
4588 1298
4090 2647
4091 3112
1613 2464
2113 3782
1952 4231
3322 3214
129 1951
3601 3960
4755 4993
195 3331
3633 3560
3778 2780
3633 3273
1384 4082
2154 2623
3522 2957
4819 592
1901 197
4121 2705
3600 2130
2145 4176
871 3417
4600 2081
4619 4289
4453 3129
2801 2663
4841 4150
1386 1584
4516 660
4879 960
3562 3383
3049 4055
4441 1382
3771 2029
252 2545
870 2596
2470 2711
3173 924
2126 1220
3851 1432
1244 2847
870 1671
1395 4611
1393 1065
4525 4362
4520 3621
1563 1662
3726 4435
950 2091
2323 1261
94 4929
123 1382
1367 1469
1024 2723
1640 3518
3794 4365
4179 1957
1772 3342
1356 837
3490 4729
2121 4903
313 4617
3348 3947
2852 2673
812 1524
1737 2606
4608 634
2867 1554
1413 2926
4041 4154
4258 1734
3296 3140
2252 1259
2695 4161
1139 4930
4876 4599
4293 634
4563 3277
3237 647
3874 4465
2485 2193
4120 3843
4329 3860
263 4146
717 2128
2173 3749
4001 4371
1399 1293
4546 3929
2301 2144
2193 3564
4784 4273
4802 4010
1222 4487
4514 770
2532 358
820 4487
1857 4817
4255 4755
4815 2616
1538 2967
2298 3878
761 2413
192 3232
4175 2464
4878 325
4785 2834
1751 4528
5000 2430
4610 2145
365 2452
2813 1980
4135 2408
3584 2601
4260 3311
754 892
4322 3226
254 3930
1097 554
662 4859
2492 2964
2921 769
1688 1527
473 220
642 3205
2952 3093
3446 1371
4475 1963
1177 318
827 3414
3345 2572
980 1036
3130 2289
4849 979
618 2724
2839 4509
3930 4927
4969 1807
200 2256
4830 3277
3489 2897
2820 1865
1138 2417
319 4492
684 3399
1121 4749
4962 652
1019 978
4947 3662
1479 2229
64 236
1507 1309
3969 680
4120 2324
4678 4393
3954 1979
1854 4296
3272 3476
205 1963
3033 3820
3532 4036
4469 2469
2611 235
2271 1779
1266 4046
3280 4076
328 2688
364 4038
767 4535
3084 3676
1185 4556
4157 2400
3665 2094
2887 634
4925 3048
195 1331
1768 666
1911 1683
1806 1315
4653 1242
3586 2592
2807 4761
2961 913
404 3431
1086 4201
3586 4468
485 3989
201 687
101 496
3200 1103
4429 2184
3918 2137
2803 4490
1579 4726
790 1723
596 606
2320 3692
722 2775
3515 4863
707 1284
4627 1420
3802 4331
2645 2376
3259 1463
3132 1737
721 3309
1025 1948
509 3412
4398 1001
3315 1897
4000 646
2534 4963
540 3755
3822 4287
1537 11
4663 3174
4494 1636
4989 4572
1839 4822
4892 3414
561 4958
4093 3744
4776 2769
414 416
1637 4892
3348 4370
4833 4135
3929 144
880 907
4055 808
2538 204
4422 2448
1035 1950
4417 2760
1939 3551
184 2187
1097 4686
525 2923
364 4182
3013 3252
2203 496
1537 3455
2209 1981
3032 831
2096 1715
3113 2137
4938 2010
686 2920
4382 4611
4909 1610
4440 2868
1120 1267
5000 4521
4516 2578
4923 2143
3981 882
1886 31
1326 2437
1995 3946
2603 3234
3481 3457
2835 1518
3882 3782
3459 2806
4993 4161
3652 1202
3543 3945
4636 2556
1873 2444
2323 2014
3442 4782
780 4519
2161 1730
4956 4083
4365 3033
4314 4196
4329 2505
4856 2712
3882 1611
4905 2552
2617 1762
3865 406
2123 114
4944 3637
119 2995
2189 3744
2640 4503
344 71
1220 3213
3318 4933
2783 4098
2860 2074
591 4820
4011 912
3016 4979
3543 1046
3271 563
3009 3984
1100 710
3214 3551
2952 4666
3503 1618
4954 300
2917 2585
1870 2443
3504 1516
4330 2258
3383 265
4353 155
2527 1028
3756 4260
2953 2387
2423 4130
3787 550
1880 4199
3891 3604
4687 2444
3828 3586
199 3588
818 4032
3477 2462
1564 215
1384 1833
4723 512
2792 2872
1143 4734
1554 3031
2381 3705
4916 3888
2111 1682
1559 3787
1434 4041
2660 1937
2563 1939
4755 4527
3527 4713
2596 3622
1178 342
4159 3055
1021 2198
4728 2452
4463 333
2938 805
1058 4406
908 4944
4259 1540
2344 3698
2282 2966
1458 606
118 3413
625 185
1460 300
2217 4741
1852 2847
2923 1894
3616 3050
1362 3650
2232 2797
1124 697
2445 251
1239 2432
4360 936
1266 2802
3388 2438
3949 121
425 3895
2776 2904
4990 1287
846 4144
2258 1333
3262 579
2105 4203
2032 3221
4687 3631
3644 2368
649 3845
2318 4750
126 1274
2864 417
1681 349
980 958
1815 2706
2190 3308
4906 4528
3615 3716
4309 3898
4450 2496
1030 4027
2867 4399
3986 1663
2519 3854
580 1204
3384 724
560 3222
1175 4035
2676 703
4437 3280
2916 4751
3014 3851
2493 2949
4084 2982
848 3209
2707 179
2307 3268
4115 3911
4471 2359
3618 4947
2305 2657
4664 3638
4899 1735
3657 3509
3013 4114
1281 1725
4105 4614
2074 4963
2980 4378
3270 1148
632 4754
634 3740
2521 1195
2598 4425
1872 4959
3321 3949
3019 2402
518 1393
2614 3581
1357 2941
3595 3869
671 2464
1650 135
1426 4872
1892 651
1218 11
2655 1526
3902 495
1393 3035
4971 2547
1188 1122
1566 3590
2972 4866
1161 2111
776 3110
4695 3324
1535 3475
4415 495
424 1876
3078 1358
628 223
575 173
3840 4040
3184 4418
531 3891
2607 4897
2013 896
1939 2517
322 4685
4228 579
4461 1973
3488 3636
1582 527
4195 2031
1296 4259
3420 2213
3444 2313
3707 1629
1594 3927
1227 2727
2734 2982
297 4393
3062 4010
1378 1125
523 4241
1053 2816
181 1293
2152 1053
4974 4678
418 2627
2466 1262
2740 850
8 2720
2431 377
2826 3582
3328 3660
3498 1194
3226 4830
3823 1349
2554 880
4469 1228
2425 1432
4278 1407
501 1273
1602 3931
699 4078
4550 2295
2128 3653
60 4578
4671 3152
2225 2085
21 16
220 4178
3696 1896
665 601
119 118
3724 1618
3755 4569
1 10
100 200
201 210
900 1000
795 598
123 837
101 735
312 607
172 122
487 423
897 934
635 114
778 643
973 355
791 257
519 146
768 944
269 626
480 822
417 394
973 156
457 675
450 254
296 525
652 267
87 829
772 356
1000 615
435 186
691 140
235 851
944 709
116 666
456 235
997 972
679 853
792 285
969 799
924 967
554 162
27 470
57 146
390 162
987 610
786 238
703 64
294 317
366 964
356 88
397 627
870 683
140 922
810 368
600 86
910 838
778 684
196 283
551 734
818 676
529 340
342 81
882 827
304 618
997 780
271 867
851 392
782 734
391 13
274 31
576 979
169 321
187 944
502 420
283 341
782 306
962 416
976 172
996 738
625 268
771 289
59 825
687 620
120 938
51 848
349 531
623 951
881 683
258 234
4 532
884 358
432 455
883 692
604 848
987 708
451 606
261 75
687 809
514 6
624 550
721 868
673 172
496 459
884 502
431 662
81 571
206 509
425 301
89 532
676 56
73 543
138 814
874 78
794 336
344 752
357 520
950 180
342 864
486 462
852 173
264 205
283 280
898 73
358 238
929 575
219 316
487 10
741 311
630 986
411 637
270 434
937 915
320 263
304 830
309 972
195 449
422 843
60 113
217 730
135 878
125 488
336 689
937 583
250 192
86 793
444 466
442 723
870 826
899 684
855 344
338 651
414 757
699 779
108 683
184 992
589 237
199 799
828 868
711 295
83 607
113 347
199 330
752 657
473 895
421 60
110 740
645 61
64 696
455 166
301 925
631 928
823 734
365 416
926 1000
511 485
171 367
279 35
107 359
320 621
829 655
583 371
77 888
759 934
683 78
106 834
107 227
651 543
236 245
279 869
879 194
675 946
494 781
622 178
516 81
408 260
294 860
54 500
181 922
302 155
11 845
862 587
488 86
217 938
404 869
846 275
758 297
736 89
593 627
811 952
623 771
704 156
869 844
102 38
89 77
311 633
308 777
10 592
445 13
738 282
24 992
51 21
432 619
950 892
374 61
504 729
799 381
417 69
602 597
201 247
36 309
791 869
874 14
876 256
493 428
27 787
391 580
499 969
52 970
211 886
534 947
202 260
746 848
680 33
852 965
32 302
474 155
199 641
906 68
455 993
341 272
424 682
535 65
317 553
622 114
183 620
900 60
434 500
413 575
276 936
438 655
562 69
159 680
595 928
980 15
682 556
945 911
690 441
24 416
956 241
876 696
484 938
661 449
560 757
773 202
768 814
192 233
700 514
761 724
859 790
309 857
396 894
752 79
909 179
257 563
20 203
563 238
644 703
691 660
22 186
40 405
814 896
180 617
514 902
168 489
477 109
325 775
277 367
193 562
726 278
471 529
751 952
471 744
181 792
615 760
84 476
392 416
316 393
235 188
519 604
14 428
341 969
228 573
523 235
804 58
533 518
763 826
631 208
935 882
844 655
197 658
443 198
468 113
315 201
269 355
65 902
516 674
803 665
171 142
10 571
945 712
241 551
657 363
910 387
917 299
50 882
731 249
207 449
243 820
597 114
140 976
364 586
834 711
843 799
704 448
854 715
560 191
599 303
871 1
511 292
955 92
801 173
122 445
888 120
735 811
939 200
35 21
42 900
55 94
497 759
651 844
402 68
68 539
167 307
948 582
590 539
333 434
33 413
56 301
826 36
770 152
154 34
631 666
554 917
100 295
751 369
281 48
138 934
291 707
274 503
367 504
942 878
386 944
572 626
911 78
372 660
982 899
761 191
483 680
939 836
46 808
657 277
643 90
311 599
801 983
448 916
401 964
623 398
926 573
7 272
324 758
727 151
363 606
761 367
455 860
246 981
266 344
674 308
371 110
418 888
514 608
313 50
249 173
28 967
80 351
280 936
114 387
98 948
189 900
637 320
947 888
793 568
765 673
435 537
753 413
431 389
741 56
647 941
488 276
505 523
259 263
429 862
991 523
877 862
711 532
817 450
902 640
511 856
909 921
176 396
19 815
519 9
337 652
533 337
250 775
149 325
170 819
631 300
104 372
197 292
48 391
604 944
236 747
774 188
557 290
207 419
720 171
182 273
857 965
222 274
829 309
307 515
15 367
765 575
982 791
950 137
442 927
897 215
303 877
172 199
619 159
303 993
370 327
930 740
370 630
315 978
403 26
537 753
169 965
688 80
179 677
77 530
131 824
745 530
508 287
503 171
358 80
141 492
329 521
647 595
749 27
65 473
185 126
842 562
367 175
796 544
978 564
837 693
378 667
644 323
417 73
364 358
471 210
795 947
831 990
746 755
478 62
345 173
209 985
428 296
537 986
468 297
240 239
491 689
770 9
314 582
521 217
602 2
561 335
731 965
331 193
717 969
323 739
273 886
202 625
41 432
792 342
522 89
388 826
683 938
151 55
427 116
719 658
192 963
553 526
29 370
840 995
14 992
770 192
536 370
16 605
983 634
930 393
640 754
362 360
312 51
238 408
886 923
164 602
806 164
519 466
294 725
758 820
413 884
123 649
481 359
514 880
268 286
27 27
864 211
366 352
920 331
570 796
471 125
235 634
230 491
31 93
137 194
699 460
266 571
778 75
267 32
683 939
316 756
581 756
646 122
276 969
146 732
938 283
644 165
292 908
636 81
779 913
852 556
411 647
146 702
363 967
892 720
546 995
356 933
653 572
355 953
931 397
245 791
429 741
326 667
115 112
573 330
217 712
135 823
797 908
311 808
491 949
969 702
174 134
517 514
64 985
344 495
290 712
180 364
444 599
240 953
388 265
701 945
468 399
687 854
248 328
744 738
377 899
166 457
197 893
53 459
72 921
19 106
553 393
395 861
562 933
351 304
951 851
723 105
970 455
903 35
390 932
535 852
449 267
667 384
963 512
217 458
487 327
86 320
465 293
854 554
73 971
463 333
140 144
896 360
565 869
799 802
802 39
251 671
937 927
959 845
255 803
782 417
286 584
991 912
139 585
866 175
113 322
469 155
462 618
620 503
851 323
388 429
329 468
570 488
638 673
115 844
269 791
835 680
143 946
998 995
754 640
131 734
224 781
943 252
928 88
304 636
486 35
522 448
775 169
959 292
447 528
448 582
942 49
634 251
425 155
936 628
953 347
528 805
529 980
463 492
380 410
215 871
470 781
164 582
764 370
194 794
246 551
650 235
377 405
402 726
344 230
859 532
743 712
855 732
587 83
327 486
700 161
448 235
292 992
609 364
781 182
274 428
49 640
330 352
447 67
944 286
778 462
795 463
38 682
651 735
539 64
91 372
986 479
374 616
109 608
846 17
202 180
910 78
355 438
144 259
563 318
215 18
533 304
707 176
657 597
889 635
772 53
291 552
784 475
741 658
73 242
131 813
174 504
898 812
902 96
933 202
652 492
943 757
452 497
692 276
323 30
15 641
174 142
769 456
109 531
897 258
871 210
178 858
734 660
672 518
9 685
107 407
82 620
737 798
656 530
259 735
223 288
511 549
768 894
707 363
480 711
855 576
72 730
14 669
890 669
302 860
289 659
68 926
13 76
831 937
512 991
512 806
896 616
648 798
280 389
340 251
332 592
440 319
42 173
653 688
225 674
637 92
870 448
443 144
913 700
156 119
110 510
577 743
3 539
291 718
230 432
506 527
747 438
591 311
206 652
921 181
919 76
945 840
29 27
731 333
787 869
520 174
396 329
392 293
388 88
81 580
743 789
536 975
258 522
817 812
315 63
790 410
844 987
711 768
962 920
924 108
3 949
908 593
850 927
636 29
941 577
177 954
989 48
872 719
599 721
105 432
565 239
655 519
541 202
326 154
511 977
577 419
220 500
141 227
638 575
179 547
235 547
696 700
664 215
254 85
255 15
698 90
749 790
129 911
625 886
909 23
86 756
807 773
354 864
548 313
1 201
290 180
890 540
974 951
876 439
843 252
621 238
61 574
385 92
487 13
342 462
668 154
572 116
400 651
438 872
265 432
621 673
259 919
620 509
303 175
626 373
278 967
745 23
806 711
463 508
328 649
664 522
374 655
184 383
241 386
680 900
4 360
523 313
139 450
474 136
732 671
663 767
211 483
133 345
65 545
4 113
980 125
638 976
607 279
877 234
367 672
292 791
168 114
477 900
961 288
164 649
70 255
614 796
298 854
739 160
984 275
400 700
875 748
627 120
304 301
974 431
647 285
742 817
535 408
165 727
779 941
445 801
6 196
385 642
377 383
65 861
754 920
593 174
78 446
630 440
391 171
199 155
397 236
856 588
597 604
890 78
97 313
774 2
954 573
840 993
700 821
677 733
802 114
206 849
825 330
501 51
639 484
57 30
173 357
645 906
803 180
861 802
111 736
339 572
330 261
930 263
504 690
296 599
583 184
509 379
586 46
82 118
758 798
560 737
121 96
470 784
844 411
286 926
480 175
482 937
108 709
495 513
283 513
800 250
715 982
169 888
86 508
988 52
729 256
385 306
480 376
781 601
690 304
462 432
675 637
285 137
67 738
867 977
841 635
502 119
846 993
287 934
995 406
853 968
304 290
828 986
186 649
137 104
562 709
1 1