1912 9164
57 215
47 4
4291 9162
648 638
76 94
1462 7397
82 665
56 22
5023 3582
740 818
82 94
4743 8745
557 891
93 92
4136 2301
588 765
27 21
1285 692
454 671
77 3
9499 6709
951 664
95 10
6016 5274
221 902
31 51
8563 1501
27 825
23 45
7929 8795
865 317
87 7
4403 3044
639 421
28 75
2074 7268
577 89
32 14
535 1643
354 988
85 14
4341 2914
525 824
31 29
5161 2744
607 676
76 56
3722 3132
988 240
87 21
6036 9861
744 718
91 44
8884 30
984 16
1 37
3098 3370
693 175
61 53
6157 9587
702 871
27 26
5162 3646
780 774
3 14
1875 5402
654 746
89 20
2682 775
644 804
28 56
7526 9205
133 121
49 16
6426 1788
551 15
73 80
3106 3177
757 694
71 51
761 9882
812 7
54 89
5698 9910
18 612
95 21
6946 9604
669 775
91 84
156 4486
384 504
18 9
9891 4214
14 654
71 86
4566 8787
550 808
21 44
6515 6964
845 222
81 75
830 4273
366 881
46 94
5017 8090
601 191
85 81
379 1220
161 95
20 96
2572 7962
350 736
61 74
1644 4967
915 299
84 71
7600 7795
310 665
96 27
7374 489
677 74
72 50
9513 7441
136 834
67 75
5850 730
656 915
33 34
8402 553
558 271
79 18
4374 4042
585 196
23 85
615 9265
628 979
39 68
9498 4260
333 993
88 4
5220 3565
115 778
25 48
7123 2947
793 974
99 8
2612 1376
57 925
53 24
9117 4299
113 516
61 56
5179 8514
72 674
70 80
2195 3418
655 987
82 45
6381 5177
179 119
75 24
9430 5492
961 51
49 38
9030 3156
869 483
87 33
7798 2285
747 88
16 14
1548 187
660 265
57 70
3034 4966
447 306
94 13
9818 7364
254 810
96 20
6402 1829
8 592
89 58
1004 7738
773 194
69 26
8748 2000
686 781
45 87
5014 1450
582 487
20 88
6981 1078
258 301
72 29
261 2891
726 176
62 93
2316 9363
230 729
41 67
7942 4093
467 578
14 99
2528 2320
528 479
28 87
7892 5007
104 539
46 62
5086 2600
319 756
19 62
3087 5852
421 397
3 26
3601 7491
732 126
5 62
6624 9087
515 412
66 15
5867 971
319 341
59 49
2375 909
84 546
47 77
3487 9230
823 470
44 32
8324 8052
842 282
34 72
192 6824
298 736
99 69
2870 596
168 424
77 80
8062 3056
611 591
96 98
68 3646
429 389
84 82
9239 4552
983 388
19 94
7947 3467
805 631
40 64
938 4511
54 202
11 96
3402 4087
119 53
15 92
6958 8396
675 297
13 44
7349 3543
376 461
24 75
9389 6575
67 251
17 79
5669 853
771 917
55 46
3687 6423
221 481
48 98
3960 5193
18 501
78 25
685 7007
507 495
6 15
9741 5835
190 199
96 33
5375 9927
287 651
65 82
6073 610
334 49
37 29
9632 2045
275 751
43 39
4877 5028
448 940
1 38
8673 8816
619 605
31 30
2109 4157
794 818
82 47
6082 6557
276 771
42 91
3937 8038
85 289
30 83
9738 3665
983 304
33 56
682 3054
765 392
60 82
6847 4221
111 189
69 95
4539 4658
736 653
88 82
1490 6917
849 782
12 34
1312 5485
674 999
86 93
3458 3573
113 791
26 2
5929 2730
81 341
15 97
9405 8892
228 895
5 73
7531 1807
213 753
100 27
9097 9626
614 689
53 47
5868 4274
470 330
46 75
979 2948
922 902
31 14
8940 6112
731 543
95 56
626 7964
992 981
83 24
4304 1172
326 984
14 36
3790 6859
317 108
97 76
5690 640
16 901
82 67
4205 4609
854 42
56 24
2453 7918
270 83
41 10
3058 2218
621 270
83 21
1904 8166
55 886
15 66
5396 1044
279 748
66 9
5225 6133
907 479
57 32
7786 1168
207 849
88 85
3033 1997
487 387
61 37
2086 3909
998 227
8 48
1224 789
706 640
94 6
2090 718
417 426
41 92
2698 1171
312 796
3 89
2509 2672
377 758
65 76
473 7503
442 805
88 10
8693 8011
718 698
37 62
8240 9001
772 721
44 33
7852 9379
891 698
6 3
8248 407
704 377
67 31
6964 6550
950 855
51 8
6520 7528
683 886
52 55
8951 210
454 428
68 8
4465 4813
686 472
81 12
6320 1526
371 813
98 28
8321 9377
591 467
97 12
6008 4866
703 99
17 9
3790 9944
858 447
32 27
3467 4867
950 916
63 71
3930 435
739 841
21 87
9171 1400
623 534
30 13
390 7205
690 853
76 99
3130 1466
940 507
74 25
6427 2173
268 499
58 44
4869 2570
706 938
47 25
7871 5830
865 543
99 47
4273 4867
615 806
95 88
7772 8459
565 32
18 37
7808 9476
732 416
14 6
1949 5043
909 604
34 8
5695 9785
776 432
65 53
9898 2913
128 660
79 9
6359 9648
560 621
22 61
313 6004
384 469
82 64
2437 535
136 801
23 5
3273 8493
18 625
62 85
7207 7424
425 808
28 11
1136 3977
524 127
40 14
1507 9279
207 713
77 78
185 3392
602 800
61 32
8784 6158
737 598
30 18
3181 1399
886 285
29 77
2310 6490
211 196
66 97
6543 5477
375 555
86 84
188 4829
169 831
60 12
3633 236
879 847
90 83
6520 4946
601 888
5 78
5425 9614
955 590
74 22
8561 7882
516 193
87 57
7490 9805
214 333
34 21
7705 2583
441 413
10 41
8776 6593
557 758
54 65
9986 6813
612 491
85 25
3799 3600
469 225
87 52
4368 4414
451 849
6 29
9465 4687
16 682
63 85
4693 7413
442 601
38 37
4271 7856
278 592
91 33
1555 5863
424 591
46 72
3024 8232
21 168
65 42
8862 1454
968 10
2 57
9474 7744
895 870
75 82
5240 1445
786 855
59 23
4375 1708
367 313
6 99
6567 2401
61 557
47 83
4235 3271
39 732
89 82
3349 4001
971 129
57 26
7657 1232
337 16
32 92
2014 5040
634 860
49 61
5818 5121
492 532
2 40
5928 9225
960 477
27 44
709 8398
639 64
26 45
4289 342
363 432
83 51
5318 9242
139 998
45 86
6877 3609
847 46
95 15
2399 3448
258 853
36 98
2356 9707
128 975
14 4
3842 7422
144 826
6 44
1421 1289
761 520
58 7
8858 2019
866 587
75 40
3169 3795
914 688
59 78
85 5898
28 337
78 15
7744 4171
331 831
22 94
9623 2
32 117
42 58
4284 6102
99 742
16 54
914 5283
81 773
27 20
6466 6611
620 744
58 96
8476 8942
267 257
99 86
2241 2927
17 160
54 11
3488 2800
278 883
51 83
9697 4498
148 595
25 30
7601 2794
559 510
39 100
2059 2121
299 252
51 10
458 4718
838 597
64 97
3089 2628
46 364
66 22
8994 9502
963 374
71 71
6504 4378
77 206
68 21
7246 4274
988 426
8 25
4720 621
391 799
44 21
4126 10
646 508
78 68
610 3685
955 926
3 59
1747 5773
540 460
22 30
120 4696
852 172
68 65
6181 240
702 329
20 69
2822 8223
34 594
67 65
5219 8624
571 350
88 12
3125 6641
39 791
64 100
4244 1155
122 584
63 86
5032 3689
929 960
6 43
4176 9143
667 904
82 44
8179 8781
551 94
10 69
2860 915
355 453
91 83
7571 9161
245 732
10 41
9231 9897
393 734
84 79
8676 5175
216 548
95 77
3219 8919
237 455
88 63
6528 9491
51 668
91 2
5894 8892
34 654
33 90
6234 2748
438 23
68 72
2222 1673
757 79
58 3
7029 2743
328 171
80 11
4503 7684
936 73
17 11
2564 9549
471 538
50 78
9266 9022
406 464
67 71
5580 4917
738 989
96 80
5418 6950
788 717
37 9
4859 3690
242 138
5 36
7826 5905
407 779
30 53
6656 8807
415 519
88 22
5549 5382
952 932
60 95
629 3210
682 98
36 39
9137 5110
902 753
59 12
1910 5982
847 461
22 22
6334 2133
728 955
51 22
1061 2796
830 763
17 96
9380 4368
199 753
55 43
2955 2325
251 435
55 82
2095 9957
871 177
92 62
7227 1128
495 340
87 18
5467 5772
495 897
6 51
2338 675
784 274
39 86
6961 4770
787 399
74 13
4131 349
215 205
75 94
7744 8958
699 602
76 75
8363 8878
627 317
69 65
1472 9581
195 815
70 92
141 7312
525 750
99 80
7665 50
714 281
35 73
1028 8611
528 890
16 1
6533 4731
951 254
33 68
7320 5239
10 931
40 92
4256 6008
444 134
10 30
7777 5032
116 449
48 54
8589 1241
443 624
56 51
5529 4955
593 170
65 38
5690 5952
519 77
90 17
3700 4371
357 26
42 33
6409 5789
854 908
86 40
8393 7709
402 185
35 33
3081 6986
187 208
38 76
6380 8403
399 260
83 37
8828 6402
690 983
20 37
4605 1749
688 835
34 81
2521 4028
490 909
7 36
9858 5665
949 466
91 93
97 4994
375 600
72 17
239 7549
315 180
48 1
7015 5584
496 737
31 22
8230 8792
822 42
32 95
1802 3660
682 442
26 52
7162 9566
323 617
67 2
5783 1471
709 709
32 13
3564 8818
197 723
38 21
8455 5143
706 558
44 56
2314 3792
307 435
98 3
3966 3263
842 365
87 74
356 8660
120 211
56 74
1150 2168
182 921
35 68
7345 971
357 409
69 87
5794 576
165 271
20 23
5131 9501
930 288
86 10
674 2946
782 803
83 87
2954 8261
300 892
41 64
818 1304
371 619
45 100
1910 4895
231 635
61 25
203 2001
468 653
67 23
8911 2425
718 893
85 10
1639 6801
986 149
21 61
1211 2971
103 90
90 25
2024 3603
669 306
92 41
2545 7774
381 990
57 16
804 9747
179 181
50 97
8978 1078
327 797
64 4
7430 2206
970 448
56 64
4013 8553
302 95
58 92
7305 2885
785 523
20 90
9778 2739
623 739
88 42
3581 4216
680 203
74 95
3181 1693
295 328
4 30
396 1830
259 860
31 73
695 9894
939 735
73 46
2137 5075
265 154
28 99
8043 2110
25 80
60 74
6097 7598
91 943
66 37
7342 5708
616 214
55 30
793 2106
944 726
65 96
3780 6615
404 658
3 82
