571843 691242
490761 970665
16624 412472
188459 795150
653424 747014
19200 742471
614887 736416
372955 676957
198821 811747
172787 793458
207246 786116
803375 956930
191070 633652
602605 776229
91041 411801
275569 535792
202936 309428
465724 581220
76372 445518
147982 840639
375293 386466
427604 992021
485237 831970
759843 883302
198415 660813
378440 920531
685503 978703
15294 201592
222041 789160
106451 572822
684715 767811
411833 649669
11534 978252
562640 672899
364008 776607
19524 151189
459950 923182
447041 598503
671647 950646
637015 848307
836992 851114
927481 963657
538344 793625
58443 478614
13863 900971
334960 991062
27961 677797
85814 802882
455292 630931
133858 722435
233858 589803
71093 948226
322776 725551
307887 492333
323881 833523
560756 910878
592529 780731
619370 912779
164380 826724
69374 198538
30988 647632
15689 875323
271697 849424
805679 865461
663650 943744
173151 707470
82254 602400
247392 707741
652046 759207
67737 430146
168754 274320
334623 340122
472068 572819
322526 495915
134385 195765
685525 978671
650 382444
45077 184742
278747 546612
203235 686264
752973 900512
139068 613767
7301 332250
565818 968396
183844 964637
12448 381150
99183 731632
218663 342576
117131 754458
165465 758077
100602 210704
117824 834542
864295 931090
191718 954011
48496 874066
370738 626372
496487 522399
761794 999677
109430 707428
53307 978604
335983 516178
457654 813672
452416 978637
134976 804036
378771 564283
378769 870055
149881 553994
57212 437089
212710 584022
730114 817134
95330 256367
766837 970327
507777 662788
299379 962695
491776 769847
496262 943092
497666 976396
865924 966734
225720 476586
413279 745595
133729 568394
730954 773048
530999 844339
96669 583564
287053 586956
7468 58868
524110 975940
319834 874460
300600 929611
599741 948558
354892 751298
388505 934909
245170 461070
231573 409373
33868 413034
364598 780599
113242 263927
130636 825155
368067 717267
103385 716050
197595 222922
414441 624829
395189 988076
70743 542515
318040 700607
503494 620036
469049 885822
346125 785798
799068 950226
626391 739712
158072 662700
430109 668923
459867 602111
216037 406609
118125 886452
286199 800962
460258 738649
146458 932612
588070 803884
162191 822546
764772 953720
134607 427711
132039 530369
152451 177222
305019 679542
121192 561711
449232 849584
777042 900384
457809 789069
820860 947603
350444 837173
58000 855389
444456 907273
119351 407526
149414 259290
663980 701544
233915 267051
560863 622803
642857 654579
748378 780342
128622 487027
383026 603290
304747 931384
219227 331640
642905 805403
751282 976641
97488 254814
113648 804717
567216 686769
407351 473094
139336 417720
195061 385221
315978 389573
191784 416676
490197 827765
399123 468589
635001 644316
391179 721985
270098 434838
815775 948213
126527 228535
119382 911394
137972 926061
587735 956941
167057 229904
479927 654366
70497 152267
128865 947082
409946 802772
752095 991125
68201 308928
57122 328400
551430 812640
111674 383608
5324 536471
553889 822379
223802 914560
279757 708843
368487 923628
285687 368672
318576 828185
289260 938513
421926 899575
272420 787163
120605 954559
614455 739210
810760 832137
521179 835298
294120 331012
373843 977856
847519 986575
170195 474176
275811 355638
400570 500048
847437 876300
221958 960329
871521 982737
475779 732810
453024 869448
724147 744604
620202 983560
261989 998824
633303 681989
543166 749691
357418 953492
481848 732368
82893 657811
491542 901738
537024 685034
252676 534722
284455 394534
858286 954807
495673 507579
154884 931098
25754 910990
527232 665393
151688 396797
7965 53523
789702 918810
433169 639342
83853 985640
375813 599844
612715 819047
571291 645203
439659 756507
83912 274172
539636 949523
158322 850366
122235 136875
957327 991095
766712 892859
114303 429569
284124 998995
230802 789614
211733 300641
447183 450070
144041 935168
47884 870787
181744 958893
68377 731225
669323 961785
904940 920689
308797 945251
721401 756175
436470 955627
186560 584415
34704 393682
201768 714089
222718 927627
6046 480697
70890 129484
486208 530436
204376 427802
95329 590128
414204 430235
399438 804312
461129 540469
535815 968801
386627 610538
505887 521574
270461 412480
584167 804889
240920 377525
70252 365649
31565 66460
380550 938054
529845 858306
2370 541811
694696 927103
138993 474582
11834 339230
628364 644117
289980 783502
11778 892475
413834 524477
411743 833440
357995 361446
699749 945756
23418 228817
39006 568638
201701 633921
186699 907052
687932 814166
288895 717264
216028 979780
276904 997410
679979 818446
168873 280529
103884 922869
647377 825763
292568 329329
667464 990599
286441 290765
190729 291314
914100 919872
225748 789107
541954 896474
536400 661024
653280 843198
308895 641356
664193 707574
36791 529657
211448 967002
18344 53732
111603 499975
79998 144743
783535 953944
501890 769738
21002 599354
343848 984092
479032 664107
440564 541088
14514 555501
610389 987770
60108 460841
330913 406782
686864 876530
15385 709753
7767 79971
200765 235696
191748 629259
505776 803193
241748 299591
89588 302938
624142 833285
276647 836303
304088 767252
173528 604294
254820 544870
547628 600385
138729 824900
466041 896460
795500 921006
478076 924494
37485 520221
66240 460660
319951 793094
767644 918843
709451 711762
775148 830657
273154 662328
733311 974953
508777 745920
190603 269807
88514 769777
202891 335126
305947 720388
8097 224146
620116 826882
283030 733527
203708 751070
23306 107825
668502 997265
606624 789670
565912 947085
299189 960205
859014 888268
36115 177631
214079 313459
605273 877160
142475 977320
264826 996872
260708 407742
304361 344474
785671 976969
170330 549626
673044 774446
14999 605825
437930 841969
662772 812317
18046 507980
455996 843175
120740 949007
429156 923913
518192 940846
122058 979330
31044 310366
89740 660446
388872 733703
19400 878660
98900 262858
24509 227995
88696 738593
12954 38796
820499 912183
173863 616165
213315 308898
246840 266290
597489 963267
215342 467074
327754 481532
730422 791739
640240 701799
716635 766038
634609 915277
637592 885135
80759 212962
173298 560285
382957 895051
441031 651955
196370 484729
247717 857326
193449 841125
446099 745435
62702 840896
260966 646124
714406 804828
925778 979385
401171 439960
178836 507866
394705 774453
313367 342163
289745 873863
20389 996910
11071 187959
67134 496048
703659 959885
76050 82601
701863 855988
193988 936771
194789 351444
517014 527383
706897 978584
727390 766993
335044 384498
389451 402349
65734 721403
278391 387960
203165 299287
870181 954774
200858 743571
112807 781169
396230 803680
168845 708369
425662 952874
155878 929959
322165 411319
501494 545762
304051 634082
38416 121318
147087 777343
261835 949470
481730 575555
85346 653098
341755 601546
57301 447946
43481 506906
120918 243068
467575 809977
264647 302348
384269 392700
721784 877600
508675 996445
70079 334829
686154 829905
303303 821425
200222 694065
69906 807622
269628 484717
17766 323061
661210 770824
804933 897746
634938 939879
275744 657171
593337 989492
60696 828123
176610 941302
276245 806763
647972 986057
866523 984995
400690 664676
62695 882216
62233 467637
410149 956601
320892 423693
437406 577685
85905 576339
145227 214129
321807 407231
424067 552976
102745 466715
678189 904422
206829 524608
276469 907433
3563 428608
744465 882265
22813 79744
563323 820884
280854 920780
569384 848425
637910 948388
486 188742
337643 403448
79307 840026
5421 648934
132503 753972
549938 853356
284216 370200
202286 643506
270657 289865
619820 876804
815539 904659
463366 482816
525109 820702
87695 829848
624001 710858
200439 847581
407501 832979
60813 371241
75394 660135
445256 692608
6885 99021
645744 869202
167277 178704
12884 552436
633947 760447
705724 781211
332772 335302
456851 627417
354280 993867
220070 561996
433937 735313
86311 497738
474295 659948
296983 848032
239110 891037
136595 140337
31436 947220
111209 983056
397507 554866
746630 768185
264328 857375
240200 438831
56422 851913
272781 737432
199381 757872
99987 260872
296370 874751
214177 382662
782376 980584
754403 846937
611594 627806
747021 950355
10321 115100
240319 246684
109539 698156
213336 995459
6345 731137
743056 840087
28677 797094
268726 905620
271767 525195
627872 676060
811104 954284
406031 538111
45926 782425
524631 623558
156055 872058
854348 865960
940489 947432
696396 830004
34013 411847
78359 714526
222604 966157
236726 552522
362747 437117
126823 179019
200493 413110
471620 690278
284624 832959
171497 453974
79816 925566
503189 728286
445413 545106
977558 990658
536893 901191
273858 852861
438081 844233
15800 592427
84896 451662
174428 316542
739604 915288
565494 670337
23967 665601
777584 879375
72502 216986
289199 711523
344971 722868
433368 601022
21714 580959
728618 936377
164597 813322
96445 715251
162229 563301
114005 693868
239285 516588
78176 609772
234994 623215
201334 536697
503530 971396
258834 920834
179937 771973
38321 51694
485004 974132
492219 494947
178422 282657
307764 322170
330866 666503
501683 774330
637513 982629
686574 815285
343880 600896
201770 446661
287741 826098
506809 912826
751975 848642
245023 397279
404601 799027
319767 733095
301806 810357
573818 992488
287037 820485
934232 998712
770544 819609
157132 371712
482044 703198
55627 62168
622517 941448
842383 946316
519276 544703
552855 847939
510524 599146
526573 933356
77637 320753
111726 702232
790676 956395
338329 855650
697686 907826
95578 991561
369679 843451
4168 197086
149722 258528
521304 899649
491342 495944
135365 873570
512765 938484
227099 497122
68137 740246
332013 784971
801142 956842
422201 700822
105548 541473
257822 718115
71666 214929
35026 573291
11483 426742
181074 927553
410977 751874
179195 727266
507520 895341
481461 611639
264910 698761
12039 90413
173527 472692
508819 770981
123916 640500
185598 353653
235331 414912
565362 778009
534457 681105
673121 856917
364996 495476
98059 591455
9238 420441
302211 843139
741081 996673
7587 779678
686486 762719
314317 884681
570088 645562
1176 846293
591839 844430
169246 484331
92613 109206
742608 954210
455931 918650
219952 425399
55915 295530
324731 538313
683870 746519
337912 583029
85630 167732
390073 584583
362490 934185
418198 959782
198156 788241
198090 997735
270893 695060
115139 636772
109979 511792
55643 349299
424490 625394
952076 974044
80129 454082
250084 505748
75440 468892
533781 719893
79039 314258
478833 730190
326363 467422
255260 699682
27012 377870
79389 862144
248963 763216
113244 766475
673721 857268
315278 490088
622491 733116
741416 960297
80344 490622
180699 255429
200666 421621
800231 932397
383236 657096
359157 403809
524331 650469
65523 916033
82807 128932
275978 394364
70204 93823
644167 990810
303813 542484
82302 929029
474917 648793
221279 859419
273750 833044
288115 836895
300173 782599
206318 659990
179540 558889
212316 691459
814452 954763
887751 996591
221212 370610
77890 238404
554087 760875
230523 295474
310047 656006
564670 704783
24209 325081
549749 614853
278750 861815
26880 936998
859335 997035
495266 630383
109009 149418
479526 917259
20910 368240
71331 245815
677788 766377
742044 795737
633772 640067
147627 746488
219805 468622
497417 691299
82636 304871
865005 959804
607707 993299
86423 917855
50044 128007
152046 756135
137215 344416
372481 700257
288952 306765
795237 876182
14535 600721
421511 741285
99204 284773
637722 992448
239637 753517
942007 964096
56561 361917
232749 718644
263476 841179
161228 233036
821362 857068
56375 334255
238341 617658
261491 910234
3991 840373
105896 890567
353685 898569
5879 174216
72096 594555
791710 951565
34586 815720
313705 777053
679354 853629
116961 213527
284022 363865
134131 463665
120107 686575
404008 833270
446706 625410
102655 746569
270658 467466
572063 940016
253763 767659
279846 519717
11921 222345
591526 680904
141243 234952
445632 668083
161856 407907
415040 702470
267798 663984
662744 984412
353466 780695
52940 111110
84921 710494
366057 412803
150874 361793
483636 851327
437997 557557
224962 284450
499020 565427
769999 894891
587714 683291
524786 753379
444696 710708
465469 898601
492102 514502
509309 886369
507841 932762
398776 959588
585201 967566
218742 312987
763721 963658
513596 578230
168831 270481
320066 947939
583759 878292
411651 954917
331250 984887
110026 268792
146169 767888
126668 366880
131516 613822
222760 744275
821975 859064
144256 610452
588389 799519
700965 867817
609997 676349
524987 704938
411789 819078
725577 901531
777599 947869
110800 866496
142847 592190
376826 428635
465407 545139
715518 984052
646571 728636
128797 461574
11538 174707
787929 959800
40563 885388
236982 707398
337283 517400
930205 957063
491932 689508
17471 554043
269509 806207
205688 732562
347866 389785
101302 808879
408903 774552
47147 409508
19079 146212
659102 940175
24465 301188
413683 667513
477226 860316
258849 396753
551901 830846
413277 857641
377599 613554
544797 712609
100670 401716
493373 552496
118952 234554
135874 946439
545296 697113
420834 918459
445124 465369
401777 996609
160150 243650
495431 875254
21491 821440
422159 731514
718095 823956
50594 544386
38201 97284
302130 550488
522306 997245
206628 676845
275410 460433
377847 865826
175500 330778
211649 872368
391063 696897
168304 941849
617829 885055
827079 942357
321269 918312
42006 73603
377103 597630
276956 439034
661047 661572
455102 500405
188790 806348
23873 859279
22198 150423
17371 459284
10347 629829
142355 686739
270706 768063
249905 808538
114466 313584
669466 918598
518294 713030
356145 923721
286030 881247
621802 713097
676392 754078
252870 830159
436380 650102
273640 391448
276220 586683
493296 834033
589799 654263
302670 425348
656695 903755
376121 687000
106312 172339
209306 528009
176522 768062
709734 865182
152963 599323
71539 818018
3683 978192
727095 846796
278436 618085
294957 515981
494983 578100
305061 903650
624855 724721
786343 790759
125581 497301