39205 407021
274699 424796
353149 616693
453993 218823
438749 379278
863469 918493
484688 455550
152315 482925
989273 573438
43132 430675
761238 5858
195173 14737
703666 816210
207513 19369
157765 496636
55322 196970
420009 846372
138117 289509
463064 592109
508331 418164
487738 371800
336656 972425
343701 5322
455350 849326
578759 14833
280000 856348
537042 991524
871085 240707
807733 594949
776427 965497
91584 348100
678818 27944
710824 333286
317453 173887
925394 342135
592051 413131
713934 445058
385556 573987
966732 357257
423312 61842
888441 703311
918190 425482
211186 789274
182540 18918
900574 475318
500766 508509
339769 695936
536453 50592
29221 853905
740831 470967
196039 849233
884097 426325
810642 786004
516663 777373
659612 939974
839215 64404
159636 757404
489885 370821
63029 188776
906090 963602
664093 406855
472110 520214
619142 524914
570805 648363
895170 311635
119329 607561
677219 519777
33885 487861
822133 550547
265233 998096
6872 104447
62500 682859
378202 68736
53679 441230
257512 959768
921183 437956
882974 909645
474521 18468
434558 45326
666830 329728
873312 302510
937288 550531
338638 487524
38391 160770
554422 819975
675218 561293
924422 737717
244151 818975
322804 814181
776557 96667
290300 697739
534623 689625
123735 525495
708092 558293
570820 891273
404372 444132
193782 341659
511014 48772
829182 549404
209541 899955
369378 401110
461247 810151
655178 221749
145478 977982
552281 922034
74648 842580
136124 125622
532204 259859
651117 756648
334503 221936
647920 738874
182419 358054
596884 209784
406825 942417
275539 132717
842371 161269
533827 819969
971419 189004
558069 116896
166985 110349
555281 757985
469280 691405
883606 517835
467615 534722
274482 318469
273010 922402
57342 971780
796807 170577
181564 203631
112993 457102
852699 471715
618370 386525
291683 106141
91881 849751
739388 775217
476451 294669
533201 945730
502425 416807
463564 486391
467880 738046
804859 740889
176799 862200
712669 489957
549128 894232
693587 662120
351333 546285
133834 486055
449162 941868
592195 57394
307970 331582
832610 784420
626250 365811
246501 645026
298969 710064
131416 766848
964461 936274
24089 657611
314825 736757
147567 863952
147340 357505
526071 15024
420142 176256
501078 385655
118123 609624
443048 426092
941206 275657
726863 83807
641467 973363
728833 456787
683427 376600
223635 164239
312874 247723
821850 627698
500831 969416
8002 164522
843273 534072
179545 263414
226680 196975
649068 344802
806598 92115
287246 747803
884123 14108
347962 41942
987471 76794
498728 187249
453393 722362
351487 282618
486436 689688
910316 503618
175456 434669
668139 18728
968740 847684
798493 711771
561010 447560
572925 367607
56026 860170
631762 940148
390629 979723
982089 894451
572868 480817
598051 26260
719530 465890
825230 722318
155577 251897
225935 331032
686565 410426
866111 171656
774461 664603
883427 335470
628514 456351
703076 200891
832872 334837
141039 223500
314559 639479
634303 887426
636647 232353
430038 872529
698242 255267
111198 853819
507163 853484
701202 193727
263909 567313
881734 38369
748267 765160
373838 376781
221510 593266
577671 570733
444454 235061
310585 275365
390892 944887
162790 543890
177239 109179
932770 391833
880797 43967
245651 904311
897451 463204
614389 677711
30516 496123
716080 295135
261282 606269
188267 999144
715886 282289
86228 160340
517350 396812
435704 424593
341698 114845
968482 35289
740376 901252
427121 621172
461570 672771
41835 359020
652326 656223
553083 199194
152345 785514
494328 929979
391782 682594
445474 107668
964882 531701
784359 998583
928513 220062
423175 270210
851258 908009
305498 591633
325612 732618
729157 303533
921740 770991
178905 574066
427213 731987
773259 95910
517500 783938
25888 425633
466531 471361
49652 947764
519413 834010
946347 447925
570423 885873
234487 421681
310233 56336
13313 152196
788954 742469
455729 227045
513459 634633
317462 457024
882971 607072
552933 400470
391009 578820
826102 373891
566532 875754
321655 602296
226115 784353
50221 796538
670225 284707
218218 496810
341042 747882
649005 646347
490351 104733
389744 520161
255717 223557
977184 138687
830629 530116
55508 737989
625287 881610
628232 708170
273715 466238
310466 499829
250590 877038
812718 437166
678096 30935
933975 19137
778817 582980
181836 785519
204064 87931
305679 976133
311487 799215
631171 658467
329330 686679
912808 470969
84640 57391
695490 874706
523628 5955
374534 774217
399344 187252
727734 77439
734538 661709
612928 29706
761040 794763
815224 481455
399045 637255
457587 226883
436469 88758
401702 765798
291788 314509
753118 376427
371899 448608
251132 411878
970914 142017
702446 370258
845620 430179
447696 580158
608239 60623
609863 369278
371737 941439
367085 770781
578693 824671
514016 15161
429780 915717
297310 721567
746577 50428
614345 634827
15387 865476
46704 986300
523845 749149
356557 369464
695679 320605
465973 303918
381227 592188
189547 752964
533626 556631
40096 628670
897654 70463
643830 327433
986179 457491
565352 732755
24270 179696
367581 39656
45172 930636
25956 569016
196136 898864
454831 891815
219468 920804
712084 117047
512991 901630
386362 562968
458261 426457
191637 355914
496920 351818
199698 999450
809308 765049
732205 833578
944745 616137
389585 506268
546773 415540
591635 742908
830756 562817
151074 50223
483620 863157
167269 512962
764787 553630
592281 739399
496439 783917
611664 509710
652086 811361
509159 461394
92762 757715
811323 553858
890204 200907
576477 436976
132799 684463
696235 479906
247279 847309
530128 247251
226817 213749
760212 991603
283730 352493
247353 296520
652761 859016
322581 304847
186729 348092
282592 795842
105806 610266
349699 512361
327524 442527
465688 976674
126989 161923
456579 374267
525583 503059
137869 752399
716807 898081
260354 516888
766925 507706
329760 936037
366722 652340
240883 69802
431 39826
865643 622589
166443 215341
134949 493967
657867 600637
470640 301207
278911 927219
191825 804493
430277 329694
73243 663435
744126 333596
696674 511050
841302 26433
447086 724375
195125 204321
794176 195555
760498 659818
334495 926941
391510 985796
937259 565728
586432 407898
866934 381694
851468 575110
186186 798096
904803 775780
977882 648928
109376 674556
676329 467029
217340 639767
707755 412464
360439 18282
124371 120936
678099 458865
564228 585960
444660 501486
668039 547443
425736 51324
929136 793555
626433 631673
591651 531236
923805 569532
696515 549532
760439 372844
16560 977779
12610 240666
390242 373048
258947 30964
10335 453397
489829 90915
39356 450840
592400 223746
514635 534487
275069 960122
328042 901501
591795 436044
949088 31951
5575 645603
581482 766014
534798 114393
260144 547407
355058 650385
436806 614004
197701 447140
67400 687529
54406 623107
654720 646806
846852 169354
697644 121920
645828 542037
539772 237622
978080 5212
269572 983655
167166 367405
266020 701963
481797 526163
765721 836854
692899 202526
450857 890599
166017 34608
94479 220423
657714 265551
383580 504565
951256 597575
142836 597083
139612 198959
351056 117691
204170 136979
617697 371335
504383 400068
589649 986179
442582 355369
339384 135481
74246 790240
542431 756615
341199 153262
493389 998912
935164 393320
19828 886419
507246 162663
999854 646857
361622 350909
764548 82143
4240 898596
969830 508622
298664 559478
11153 741245
431199 350536
393077 21796
657128 451860
294762 998326
121473 304502
513590 56636
214173 533417
459406 721419
212432 459259
368275 90405
326520 649174
688899 330759
547770 658728
355732 846433
734558 883236
104029 165756
233772 497106
703903 407251
948965 998665
921928 70437
819518 951869
643424 33691
485286 102829
755109 214069
78440 639735
820825 404959
805261 509723
735717 353030
168451 607800
715814 903008
491036 336194
585115 241159
833299 289017
648409 298615
804033 86688
885403 139903
38557 45178
173593 40194
148007 445053
770614 226446
601139 591438
147756 406399
101160 399824
275780 785962
7623 507945
205321 498658
844139 790435
256168 193789
595804 420928
8756 916188
507616 894158
56090 62524
939336 746034
102717 603694
707438 873330
346491 308577
981119 494246
231327 598630
894069 23459
384592 418043
531403 106264
916701 891893
896699 689220
85682 8854
110148 94437
925041 617763
504946 497483
196638 960633
243516 299354
564326 467306
689035 910816
775882 186505
921413 523560
785134 815481
547018 686077
233524 78421
792341 666576
486665 205391
355795 572346
214244 982294
183134 655636
116408 688080
669470 313045
648712 912986
612398 729390
380291 817784
156557 672524
4288 77970
712435 789422
893450 259453
991850 643325
854225 784190
826252 340889
989580 182047
913235 720175
680692 612720
375811 797100
300799 561632
110144 465863
474617 722542
195252 371259
56677 868160
560134 577317
946129 272569
883090 355931
48373 874939
999255 902597
659129 825507
243485 165060
523905 673071
885235 204596
285791 777397
1695 102941
339028 111839
85155 329997
350732 796758
217607 923760
664918 294093
501076 611046
83013 384165
966976 131385
259104 966231
33981 434584
308089 793817
599643 348345
466888 1229
552940 269030
294977 70987
371970 150357
182825 457125
996705 49908
253882 214311
973667 918799
24755 474743
46197 107767
375259 13172
239151 634362
495754 273131
585297 320194
66948 701292
668538 50187
218872 221478
319216 513849
292464 207537
664205 991640
664661 660909
41547 434895
391571 531565
870045 416326
522659 916241
524092 897918
445765 763243
48631 457870
552725 633928
778064 136024
851571 446601
186210 70442
184430 21777
100642 993245
229314 764846
501236 410326
942106 59134
361572 850029
590699 231617
782706 113357
664209 306797
527626 626325
586391 576257
84195 655468
726536 862258
791491 578106
825210 494053
648547 525992
515829 749189
519236 261494
30386 20472
671820 488844
79605 33391
855224 670303
781359 637929
300012 961920
461077 827637
588244 563820
920245 672438
219287 646780
51047 527129
741237 392609
537533 906136
918600 569714
171676 437835
831207 718413
974658 19378
723608 54263
569121 578831
240917 350479
216759 57280
828750 194188
401269 416994
758007 321513
605783 493645
484645 656830
20773 225881
565790 558306
132016 484389
128019 303691
922223 475577
538456 413233
494955 262063
467495 64075
840894 224763
930905 574004
282043 759655
768191 683311
693000 42549
521175 298782
536193 5819
471963 73318
748052 37752
631623 880067
38492 275993
700110 477067
751569 238565
890299 246523
500627 357793
826949 857872
98907 274206
431876 380949
550212 716418
580611 243211
275319 618138
58344 811511
140308 46659
884828 888359
600762 32802
284778 639254
825146 984887
116320 576715
739803 6618
339589 756781
880762 682890
614653 979668
957095 562880
876969 507306
795649 973931
266868 70967
592068 841563
398830 732376
404573 800009
137086 5335
832811 421863
160940 657956
406749 793611
751022 662903
316580 90611
419684 197341
289852 550688
693360 246946
629919 86680
270603 941919
576963 53822
529238 685382
895384 928067
934109 299957
728075 71195
821643 77237
493057 498934
251545 416158
292544 2566
79060 609123
609528 15095
322815 899379
82134 532526
662676 228404
619206 449630
170323 196168
503451 699560
397901 915187
143978 332010
731495 872052
403204 69489
465641 896260
568422 717185
828769 860965
719750 907829
986439 845630
439275 309253
745008 521409
841778 924036
749812 977335
373665 436486
689854 393468
136045 87755
825006 796374
419764 556500
668426 339319
142340 134066
751930 710761
367602 580699
88077 603703
488527 74515
449332 444153
383767 710692
965561 741896
634727 231725
235583 524743
184562 925436
918210 836959
529542 743215
633332 465657
816066 301757
804975 958405
952174 556905
185517 836127
653955 273593
439830 142481
348107 889161
102985 248225
599852 68546
990121 750930
816622 225703
792025 1183
667490 226586
838141 197032
486153 471473
179040 302218
289581 500367
776975 758107
57271 962491
594233 711225
236084 34062
370057 100542
439575 473041
348767 555778
57938 338887
823060 390911
80941 615084
908446 264782
841669 746586
461813 327821
734410 157205
146391 540343
657571 923365
814801 231193
402207 925385
458769 154642
959447 828825
255184 915373
818217 603950
471150 392507
459188 294209
783417 56480
425644 691862
321261 267313
954800 299426
111485 205561
456630 257875
262255 114200
697591 77055
345392 616150
2440 804160
770791 478238
149336 542326
393610 483904
662627 381111
876410 121814
191672 176179
178293 617315
384392 499554
400979 339191
798979 512464
61104 771960
286690 323358
886159 984281
400413 747902
600430 919204
68413 887572
397441 734100
946250 307402
218003 608876
688512 610765
730690 396535
303295 425334
13850 687686
441239 414828
543229 756569
443643 604332
528528 730333
927689 931038
230965 844453
195291 347746
280008 780055
235317 677448
514154 697918
501201 248509
306794 189713
375625 37483
586247 678919
979168 116448
882956 420407
47628 426184
176975 491270
30515 221855
737954 474556
669244 968918
835360 864535
316663 115368
644589 68332
309167 675095
766249 810368
439955 73042
516432 815579
626876 619030
10849 122396
735478 893804
542802 299457
836340 236128
790726 866854
974334 45032
857761 643578
13949 209473
24464 846964
841192 185404
431647 150358
860498 714247
477077 300452
303641 993508
632382 930516
612538 643230
569263 864367
53386 112064
163823 889725
864544 470900
272930 355229
515931 647043
998806 529880
856515 539621
893195 697706
725025 324841
364415 101874
39087 841492
918678 342727
351351 551059
789595 963888
710641 358857
344606 280378
987273 508428
170102 368168
979328 959383
723396 495258
606425 238554
541489 979291
778174 434683
193348 19550
759523 557763
121424 314962
915606 40101
657688 266956
107511 963634
747196 818151
322491 91801
98528 309763
116581 784981
677930 95908
744364 917677
107517 350788
156230 649006
330079 934404
600040 523426
470305 875915
597540 591728
190876 29497

