69146 97736
50672 97325
33183 73445
25329 13134
32746 6392
71883 39231
16386 65795
3625 83503
88877 13880
45812 94337
45312 68727
67288 10928
6513 14063
33412 119
79438 49731
72978 78502
16598 42842
64374 27744
17029 66874
4212 72981
91798 49249
34181 25291
79648 1760
44876 73799
12316 30011
13608 58760
71114 83262
47735 84688
57271 25338
58010 44519
87789 41119
69136 21277
77235 17562
20273 81282
10594 63014
16511 34247
62085 97030
85063 11412
41908 24083
78252 56080
92857 43331
58436 59640
55383 87258
33191 23896
82893 5385
37676 75425
45055 2187
16716 22982
14943 48543
14458 41358
61414 40420
59133 14336
9180 46292
64385 33490
33983 5589
34478 74333
1887 90899
25715 56713
49918 40774
11349 95166
37078 68635
98245 61657
62237 50618
10759 64472
59738 45189
63882 18144
63562 59945
41760 42708
80610 97815
393 40699
95699 48571
60884 63882
52288 16904
32690 20108
48052 41767
8107 28253
77778 67997
73170 93156
33855 74810
1759 16563
86585 18702
8158 48693
62216 53729
30843 96119
7398 94428
46007 51284
38433 41824
86723 62530
18691 47835
43974 76023
14078 76724
56513 99422
77179 50723
10774 50520
1574 35321
32727 59940
41108 48128
53642 11871
94940 89046
24900 37740
64331 59093
4701 66427
68893 85518
54218 20332
28534 82188
46727 42101
36691 69512
58046 1726
22475 25062
17822 63733
12290 16244
31064 52133
33203 43829
69028 98864
25001 26829
60690 83063
99175 55121
66106 54248
33205 38406
92949 60278
7051 42452
20163 71966
94895 13012
8907 43955
29062 34881
93179 91338
15459 94516
96014 82637
15375 33607
339 54243
71563 35315
23839 13971
56184 9744
58517 84001
67462 57969
77939 76877
8814 17893
6319 39100
349 28411
88181 60166
10367 88125
66125 35054
8407 27706
7675 64771
54756 72619
5293 46628
96585 20030
99904 4018
63547 79324
77321 88173
62093 16929
48488 833
85268 97322
53302 76891
46664 69213
23102 95226
13222 59593
8470 92859
74925 5638
60626 55553
47303 87418
47825 93198
83029 9684
79845 2835
62379 91679
68268 24717
43713 25177
9944 12038
74753 83990
48354 74423
79672 18627
66784 1516
4923 16424
10304 9338
75412 54461
67418 39773
57684 9798
94912 8279
13325 84247
28770 79782
11071 61168
40173 78441
67568 46872
82231 83039
4692 15913
76808 10931
61440 16921
72433 21342
21268 12256
69084 97205
1078 85599
17289 80842
38796 83672
84621 11284
81807 78859
32870 90119
20689 31408
75251 26260
43813 69909
47771 98931
80790 86856
74275 27204
3151 71867
366 94430
98163 16090
22055 42212
95325 58565
65471 56271
23016 55481
58046 32489
68804 25419
52700 4101
29451 30038
36283 40754
53916 83163
93352 72686
43390 24086
73213 39030
10964 82245
35193 37905
84203 80859
16567 23749
49738 69383
81349 14374
55107 52424
63312 97379
64599 8494
25198 46819
9707 82672
585 44930
7646 83743
87148 84276
31249 55515
37220 82338
4254 80636
35444 82339
64177 68710
91040 63568
40958 92317
55858 58246
54351 78479
78761 66666
43134 33216
2992 4817
39387 89200
75491 49240
27525 30852
72772 50898
89938 63642
89852 90468
49784 72238
27705 14979
13323 75929
68253 29650
12974 56390
6329 16377
17737 44559
81738 76044
16019 46474
48448 39111
3614 16870
16016 99035
12552 32020
20502 48947
71207 64246
10993 97056
51035 42517
75941 47911
63575 80788
44581 77171
29504 46694
3695 26409
14910 77959
10725 32154
96069 22698
47534 18160
49728 26362
75530 73387
89022 13459
25283 6818
12541 30006
99454 61779
31885 42881
80932 86478
91352 72190
76263 42253
87018 94323
87016 70018
5508 92110
85341 57287
27326 99519
51525 11402
94057 29414
91921 25865
79870 25445
18101 83972
19142 74644
51609 4875
19643 44914
87363 87558
87080 57290
67566 34855
40848 94675
6221 43589
93662 94122
99953 65357
58987 89555
36411 47718
65835 42244
13480 92945
70821 17592
91772 58095
15354 1444
38251 11120
64626 51261
6432 88285
75371 83593
4811 83606
23257 39910
49142 38903
36333 91444
65833 71501
96551 9570
35965 13047
63048 12089
1914 51784
39663 56958
32634 15661
62984 43522
1127 46936
85482 96123
39542 74289
42063 39316
59202 7097
6095 7375
19877 51711
68673 20256
93450 4168
17725 59409
40921 98264
50721 96790
13921 13226
137 32960
55540 80830
48933 43624
88428 50736
34583 2505
64816 69020
70865 72245
3896 35556
50343 23304
64493 73703
54055 44149
60060 71429
67455 97129
26957 77081
87710 33975
80759 54616
95701 52238
25646 12489
16959 84861
55966 74044
33445 43438
82375 20071
94398 90675
93791 48594
73717 16340
40207 76791
94631 77134
55771 49104
42020 32107
42585 80235
5992 5700
83829 340
31022 25354
77509 11603
26125 98223
25901 62784
77031 92430
18879 34002
51588 25443
18773 29160
52196 51493
62822 98302
58982 8161
73964 75043
21061 70072
95703 22738
80585 94389
87819 82074
98478 81213
36983 61550
11945 59783
92382 4416
97929 57870
10723 34262
1488 47194
89642 56074
16486 99861
95482 25157
51908 70672
63073 69664
80442 63155
53714 86290
74473 23677
87578 81251
25977 33903
48657 16370
28128 6900
13808 90017
43562 33127
9124 6474
75190 92985
52288 13979
47000 77407
24078 18164
61088 16483
34020 21996
81035 32174
61591 19079
10546 64539
40717 22964
70135 4635
27451 74934
97948 30126
43696 63788
12580 83361
41542 80402
85417 45816
85186 3419
83416 35988
68698 26999
89257 44452
4632 86458
61574 88315
32910 71646
16349 15365
88180 59983
72284 61582
68522 46283
50996 12197
39327 87518
19136 14968
50995 7385
19315 63071
77478 98681
93311 22737
10922 64703
42493 89913
772 32013
91856 57842
62868 20458
33525 83714
14431 30627
87252 40195
14669 193
2767 99278
65819 24686
6303 70715
55707 92324
24539 64521
20718 15347
3975 36154
92699 90006
60691 76506
87875 84986
18928 62283
33653 38976
96716 57834
69793 64454
98012 49219
98823 33420
89789 53962
87321 84435
89764 3715
36393 99621
63425 96238
81627 85225
16957 330
69817 94363
5646 52863
36225 36130
7196 12194
29616 71832
54294 38961
53133 93205
12948 49256
31190 75
12110 47371
93008 57793
98820 68302
46168 70826
45328 4280
84815 45869
12530 15091
24335 18784
63984 38749
72232 46885
26655 77860
73680 80180
80593 86500
53821 29758
7441 36811
89355 70983
42390 45105
10532 40107
58482 449
6052 53327
43017 60088
485 10568
75289 30449
75947 77833
8830 42200
88730 56132
32163 9630
36017 1714
58930 40496
4816 96591
45022 82825
50265 46053
14959 14008
44469 32627
47601 79347
25377 91332
53985 53729
14457 963
83928 85146
20059 36100
30866 3557
7304 33535
97404 8718
21924 87573
65224 15485
39847 43715
47936 4537
19542 65491
99463 86481
27077 53664
77010 55954
3578 8338
27250 40537
28969 76300
48043 31151
53108 6953
5373 40448
74436 40626
8764 64572
18872 29132
52510 49881
32511 35161
33799 7501
95506 10991
90032 9572
33167 20387
67623 13547
7717 82290
15152 47154
35989 94082
28273 13345
58366 50468
78674 20161
82057 88879
61591 7259
57677 95814
53674 74509
98641 70961
74688 49030
89320 14578
76171 11279
24856 48768
5956 25580
31929 51430
60316 90323
10953 57988
10729 89252
72218 85984
11410 68471
23703 71015
83794 83642
99083 11069
12895 97235
88445 50277
52867 90797
72873 71599
25120 33400
26278 82134
26047 65856
86707 61401
82959 99087
54969 36363
53209 84920
9112 79979
83820 47250
70150 67033
11020 32862
40866 78338
65683 59252
33049 46738
57571 22816
11330 8208
15618 88824
9839 45529
20728 75358
50124 54992
51860 69445
40324 19589
3003 85801
62652 11704
66380 21804
65972 27038
69116 71873
52994 15369
48843 25181
87933 11628
91213 67993
18155 13321
60954 31557
16886 5138
62861 10673
80331 50785
79795 70947
79777 45410
68992 43753
45408 68250
59857 43530
30017 94546
18182 60252
9782 97272
95534 42085
18354 20915
8150 81207
27915 27836
12079 73069
2420 53818
10228 76649
56972 34278
35508 16078
36836 83816
26505 41044
67089 47215
42158 30425
99216 15131
63374 10720
85834 47416
23233 82962
79004 17497
86706 24467
20067 50779
93091 56959
76770 6723
94513 24641
93805 83703
67107 1291
10102 31185
54231 16040
4947 35319
67443 89650
34043 36722
56700 30699
215 19998
23743 80174
88591 6236
33286 89813
25147 58999
59520 22090
6909 29971
21311 34337
58834 55178
91482 11226
13062 57168
62611 95543
84376 1283
81859 73966
97055 3833
97593 30875
64394 59044
68771 68896
21894 89719
67530 97840
22096 31521
17893 38580
67182 36356
26378 1227
54669 55744
15773 8185
51141 33299
10501 87739
7701 76127
47900 49908
26116 950
98632 97550
45868 81182
93073 63451
13837 593
84581 71285
43149 18939
82377 5852
59795 10070
55474 79884
11824 22608
53106 30136
54694 52504
61041 84048
98427 54588
61383 34766
65492 10542
45818 33887
13107 97745
23164 54114
60083 65800
72863 86847
27317 61111
12205 39117
86186 84781
39207 94023
52410 73356
62673 80068
45692 96557
44630 25264
60812 75589
54560 44477
44413 707
68426 79887
88808 24393
61517 9995
39706 75353
91126 59939
38041 8386
19845 41578
57279 55783
40290 84087
213 10436
3908 6801
91230 46746
91080 69306
15439 75655
50449 6745
55538 4786
62260 38175
66892 67992
48493 50095
44235 69525
7478 62067
84245 69260
82278 55811
80495 48544
66340 9785
73241 37038
7297 98285
52485 33940
71041 42334
47888 65881
87150 4661
90324 14510
67020 81042
2277 47943
53390 61354
71632 58440
37072 20923
41250 39792
15853 90075
2132 1531
1496 33239
32250 59360
94837 73051
69156 96077
31960 48946
53211 75657
30562 56808
32142 67052
82057 67772
34040 33973
78227 85554
29042 30049
66255 57556
63475 74236
43251 18657
42811 29613
98199 85828
28184 75042
82576 81808
27360 17987
97428 93458
40698 45829
27859 60403
40699 40019
11559 43399
14953 3963
18806 72720
30842 70448
55145 68194
46679 19715
25348 36658
80588 54153
34603 97004
33430 81302
64291 81456
92500 59668
59806 27903
15878 35844
68062 35148
44591 80378
94741 90242
34218 69612
2168 1683
60323 80117
9494 88316
40827 85979
32278 74778
55613 47019
90304 49728
41565 16762
40787 97853
47931 36824
21329 15654
17017 20369
35795 8361
51404 4846
83401 15341
76967 80244
50614 94649
30756 12631
6682 93464
169 44718
43021 97039
71681 71729
5853 76059
27663 44864
21801 62087
81264 53314
89429 63854
99962 58240
91611 50755
50889 56314
8240 27630
18236 91616
33005 18443
99007 17621
15499 88713
95809 5420
32624 25414
85701 76312
58373 42987
67224 93611
84111 39486
1103 72217
31895 8613
11149 37334
51538 10300
52897 99356
75637 5298
75334 47435
73729 49411
62412 47242
93830 77288
55832 30951
82132 64794
25722 4444
30652 16954
46237 65701
2939 84805
14866 46692
27980 68303
51369 19064
77022 94599
52154 35269
49690 55576
20805 93945
58583 46191
59775 7759
95299 30451
960 64730
7258 36124
11474 70663
70310 64006
69525 9721
45332 88613
75691 19762
2651 32258
35428 89385
12829 53714
84921 73042
24638 34007
27718 51220
41178 22054
80103 72045
752 84391
70743 44826
4343 17996
50156 88883
29060 4319
20397 4588
60948 50557
99125 19776
85798 18274
88970 10364
13573 44902
6329 72521
82637 77361
10230 31420
53931 31412
6482 77452
55292 71740
74181 91722
81218 93589
13102 85474
91387 89408
56388 50675
40403 84481
95242 6443
18327 44902
17721 95685
84915 70437
89768 58572
30316 16344
39968 57392
3725 15498
74393 62711
12992 53271
46681 48227
97733 23276
39767 88795
61167 27995
41753 44813
70341 87002
27828 89263
39649 61201
3542 56933
55416 12010
92409 68444
95811 38617
97072 88928
11736 12192
72552 41531
91084 84109
95803 61926
85189 3743
50799 10294
23686 14033
73982 55238
98962 97740
33859 39603
44745 60343
74196 6945
79438 26987
20550 15608
46682 61664
51725 86291
33951 91705
4447 96421
5277 54852
66566 45787
43796 64643
91043 90569
3857 86101
80952 51073
86925 60292
48035 3335
92765 60780
18772 22463
55110 13810
52101 67142
41659 39918
57928 23541
68712 9886
64202 64414
71136 68785
1244 90140
91141 40827
7100 60779
85474 54300
54936 94315
49339 88044
34472 45914
16431 71344
53641 68536
88701 32872
21654 53881
20617 91015
47616 10901
87219 37132
88417 39715
78492 16278
40182 9221
70556 13674
90182 7873
63158 81781
38975 33510
21507 69738
94312 35749
2055 55960
40525 92062
27939 16377
318 64590
38550 88618
54961 17682
15244 62064
73107 65971
7954 45654
77393 67784
