381 9786
744 1007
298 3265
47 6898
133 2527
594 6719
783 7465
298 8176
405 9969
914 7391
920 4734
240 9991
409 5022
660 1695
867 9714
385 7269
416 7223
736 457
675 2532
229 7768
428 5987
982 5842
132 6332
217 5537
89 5896
214 5843
292 2885
110 7264
54 4243
352 7396
556 2731
456 1107
313 3507
954 3927
430 8790
67 48
209 3967
686 5672
299 4904
694 4372
139 4149
554 3570
858 3230
316 312
171 9290
922 62
44 6958
722 4455
72 531
642 2615
587 7276
317 5964
474 23
821 8284
552 6037
314 1187
188 9645
55 143
467 8075
756 7734
875 3525
152 8897
922 9615
29 7584
588 7070
666 5493
735 1714
798 1285
911 7690
780 3068
56 189
542 7841
680 4910
350 9029
22 5973
109 7327
538 80
145 604
830 2340
979 5828
795 8359
602 9675
322 7957
143 4750
348 8184
635 5226
478 7187
788 9096
634 5908
296 4202
404 1614
208 1754
870 5811
355 4125
680 9215
617 3389
50 8174
82 3274
201 133
791 9991
456 614
791 6750
851 496
716 2665
656 371
943 9252
638 8224
661 6719
241 7752
865 7875
146 7280
363 9629
773 3410
379 761
425 9286
237 9955
697 4679
890 9912
670 3983
800 1763
201 8630
748 9001
312 2451
724 1643
257 2070
914 9481
389 9548
198 7876
333 1165
249 832
289 4516
526 3829
527 5879
964 3249
256 1190
136 152
87 6942
42 3608
251 1759
421 2838
582 5524
677 8014
40 529
99 6716
186 8315
25 6767
622 6627
6 6465
840 3216
836 53
360 7098
502 9694
256 3325
744 5186
428 4324
918 9175
19 9413
290 8728
433 4242
723 3796
265 3599
956 9289
335 4265
319 302
677 9404
777 9350
19 2393
667 396
789 5883
329 6912
138 1424
147 267
832 6037
134 298
85 4734
340 2123
614 2197
796 1929
213 2561
650 9792
168 3569
409 9396
664 239
950 2962
166 3640
43 4635
418 2331
673 7134
320 7651
359 4552
429 9102
21 8859
277 2809
649 8885
960 4277
226 8320
738 6455
854 3652
474 5542
31 3840
407 65020
677 74927
984 31858
449 26712
5 35127
783 27186
314 3662
1278 67698
1361 47805
1365 16253
681 60157
660 25665
863 3504
1104 5292
155 25278
1274 48813
1412 33754
1141 44941
185 12977
1243 66018
887 41457
671 31069
148 63654
100 25127
715 43483
600 50452
523 5287
1383 12695
403 15065
750 56074
237 48175
524 56209
1322 54284
438 32492
1151 15903
1063 28639
1340 53625
675 30465
1484 8934
604 18894
1338 34386
580 68809
876 65962
796 50489
1465 68444
470 70158
1163 6908
5 74518
1414 5638
492 16094
798 60194
1212 56743
1322 68786
522 843
743 45693
551 72378
325 22098
1409 31481
1026 3478
269 40896
632 37489
567 41354
522 2269
278 26926
1380 27059
747 2161
917 30201
829 27066
1404 3756
216 38895
1155 64316
1220 56193
418 973
448 20597
580 58901
840 15588
501 50605
293 68620
826 61568
183 43945
1134 62807
1489 67847
1408 9709
1397 46104
920 69495
1219 35073
826 53713
765 38066
1497 37312
335 67488
380 22083
405 40622
524 49616
705 37973
764 37336
864 72673
1491 25707
54 47648
1380 35330
1118 64058
991 39346
494 39872
688 9400
1426 51465
1452 67289
874 73650
795 44432
285 64761
217 42380
404 73147
341 49780
1183 29795
726 54450
907 63746
629 18648
164 32517
427 36023
1431 48866
821 10328
631 32979
425 13623
306 50473
388 45430
158 11535
1251 74152
643 30000
384 47992
1000 48333
504 39640
598 25105
1491 62111
303 5906
1000 62347
1143 31491
146 14469
462 3441
930 71006
1445 2710
951 37903
882 40057
912 67691
316 59677
929 64905
331 68154
185 68598
87 45320
572 43676
400 36670
1094 734
643 53577
1002 48141
1002 42813
846 35276
201 55696
927 22038
176 74591
938 57127
315 65519
1476 40995
381 45218
507 63911
954 54211
348 45202
1296 14218
231 6429
390 43637
587 39093
55 58807
283 1340
1469 1324
1196 48151
689 27865
234 65572
769 3717
130 41741
452 29585
142 40729
477 28174
145 49593
557 47613
969 19502
711 27898
787 43337
741 24267
1330 29855
896 62765
743 73208
435 43136
1457 1483
157 52728
604 43831
1224 37164
125 7815
585 14271
991 31693
1102 42012
679 45574
1103 9084
364 40724
1466 8295
81 1525
134 769
66 528
117 1403
65 284
146 892
10 819
7 3201
182 3079
99 3363
27 596
43 4632
122 4619
17 335
68 1956
85 2547
35 3223
30 1652
108 856
52 3545
130 1276
180 4776
130 3819
40 177
110 625
153 2600
136 1493
23 242
118 816
177 3627
199 112
112 1775
93 4339
141 226
170 3126
177 2576
106 4292
81 1958
135 1558
73 4376
76 1116
183 2174
161 2850
143 2985
132 1317
137 2366
106 4256
7 2033
132 2340
116 4995
129 3040
41 4133
95 3996
93 1772
1 2046
122 4571
161 3102
83 602
129 398
172 3881
135 4255
121 676
93 378
35 1886
124 891
46 1429
131 2767
105 2065
38 2036
33 2338
51 4181
107 1333
148 1424
24 1777
105 1188
198 1594
175 1874
87 4411
17 2241
106 656
16 4099
188 2847
199 4716
105 1360
62 355
80 510
26 581
71 4009
130 4580
92 3975
133 492
108 3472
54 1952
40 4224
87 2344
111 3523
60 2008
136 2548
93 1562
45 2300
70 741
4 3072
12 1677
2 3951
164 3344
191 118
22 4955
117 2837
39 491
188 4892
109 4130
114 2876
194 2339
40 2201
27 2517
53 881
186 639
53 4184
13 1045
148 3988
178 633
186 4277
180 1991
143 2527
35 640
152 883
190 456
191 921
76 3486
80 1472
29 859
43 479
48 200
84 4080
177 1994
186 4162
126 2629
102 4436
106 432
36 4682
197 2881
24 3182
87 3295
121 3527
158 3758
184 3913
149 2701
70 4762
152 592
151 4012
67 407
33 3698
193 1142
167 1498
121 2432
54 1789
8 1456
74 2357
4 4708
126 333
21 1873
4 4092
129 2023
129 1855
41 3554
135 2448
191 3822
111 4236
53 2232
108 4544
159 1612
194 3967
187 2051
115 2886
44 4046
58 1099
158 3698
133 981
105 1938
10 4758
154 2200
29 2515
172 1772
65 4307
172 1074
103 2341
5 2460
164 2512
63 724
106 3724
105 1420
45 3309
197 248
179 2584
179 2223
199 3009
115 3076
71 701
171 2372
127 59
79 9208
44 5199
75 3791
34 6920
92 3742
62 2595
83 2603
51 2499
26 854
19 9117
46 3129
59 8639
16 4988
34 8599
25 3896
93 5454
49 7818
75 1706
24 60
98 9441
95 893
7 6061
45 4859
30 8412
45 7655
65 3523
1 8020
81 7727
84 8133
59 1058
48 703
60 533
15 2148
4 4138
40 9040
9 7195
92 9339
18 4133
15 854
54 1630
47 6833
57 3627
62 2614
11 4716
14 7881
61 6105
27 6203
1 7492
68 7279
26 8963
65 7574
45 9340
60 1896
45 1276
38 1855
39 8831
2 7127
72 280
17 1977
26 7447
19 2587
99 3007
48 398
26 8868
2 2885
51 2019
73 5992
91 9015
9 1768
45 6687
33 671
82 4552
94 486
74 3962
79 2808
92 35
76 3675
83 5080
77 7045
75 6408
76 8595
82 7149
89 2534
34 6047
70 6030
98 1059
49 4207
87 2023
48 3683
55 9670
74 4119
24 1819
74 5369
44 2713
89 2458
7 8157
92 1853
19 7351
43 274
84 2154
11 1619
37 5853
44 8511
20 6496
75 2425
5 4313
54 402
65 8825
97 6938
33 8881
5 6805
13 8032
11 8282
92 8419
43 6542
20 8654
80 3816
13 5061
96 6322
81 1075
43 7966
5 6602
34 7308
93 7714
21 7424
48 7162
64 7909
53 7905
84 4542
7 5080
75 4852
57 6667
64 7234
79 9480
27 7119
9 5046
74 6213
37 9445
52 9819
60 2239
45 2883
74 2258
13 7545
24 2184
8 3695
37 9645
28 9322
42 9821
88 9306
99 3472
64 9673
4 4708
66 9346
34 4839
60 2919
42 2204
44 6120
65 3011
29 239
46 4891
17 3062
15 3144
43 1599
78 9455
22 6269
89 4236
18 7092
84 6701
37 9921
42 1260
33 4774
26 4913
48 8925
35 7921
58 4567
75 9243
86 4589
72 8976
90 284
62 2329
27 1651
70 3576
92 4369
56 3838
2 7486
14 3561
7 2402
14 9130
39 6812
87 3160
90 6955
45 9731
64 7705
87 9043
63 2854
62 824
19 7257
60 2166
8 8435
19 3435
63 7692
24 5360
45 9845
60 1530
86 6250
57 3097
47 7975
28 6702
40 4683
67 2401
10 87
6 5649
57 6658
82 6320
67 706
91 8139
37 3902
14 3932
15 8847
24 5659
95 4405
88 3308
2 1148
26 3438
17 8506
53 6396
79 2986
6 1048
61 1173
100 7258
27 2132
60 9261
96 1304
55 7606
14 2025
57 3383
86 1372
28 6097
26 4239
82 5736
32 3221
47 311
94 2201
3 2502
51 8357
80 2873
12 742
61 2604
44 3525
43 5655
95 8544
5 8848
94 4914
57 8516
52 3057
21 3988
81 6808
67 1507
57 9955
33 6935
13 2990
72 2001
39 1701
75 6795
13 1735
17 687
35 2292
45 4935
3 7697
29 2877
71 7757
12 7761
84 6535
30 4064
67 4467
28 5420
89 560
29 1187
78 9850
56 4113
80 6265
94 3541
21 2550
42 2211
93 7029
49 9773
51 1631
60 2878
64 6823
50 9926
75 6876
30 8383
93 3250
35 3954
30 4762
86 3818
19 718
44 677
62 7169
29 387
21 7090
71 3597
79 2416
15 997
63 9606
73 2542
57 665
41 3311
50 8424
67 2567
34 8285
44 7986
70 8576
77 4069
26 8245
17 2274
22 3676
18 556
30 6088
13 1693
68 7194
28 3010
13 3582
91 4952
62 9617
83 2304
99 4596
15 9835
35 2314
61 3599
100 287
28 235
37 1429
35 9191
59 3159
42 7034
76 7631
8 8719
92 2069
30 8022
98 16
32 8222
58 2745
11 4555
1 5011
66 1949
83 898
49 5143
68 3580
59 3392
22 7481
26 8666
76 2560
75 4491
43 8182
55 2414
12 8450
90 4428
51 1709
24 2641
86 4463
28 1990
92 3945
18 7834
54 4176
18 7921
19 7541
45 7390
60 7581
86 6223
89 9017
47 898
78 7873
16 5840
28 7935
2 5721
12 9793
39 6681
4 5232
32 3063
72 2827
53 6423
61 262
67 5241
51 5114
53 7031
23 8631
49 9329
60 6356
45 2459
85 5394
53 4885
98 559
72 1458
15 676
75 5961
70 1933
67 1947
63 7297
18 74


