1 10
100 200
201 210
900 1000
1 1 
2 2 
3 3 
5 5 
10 10 
871 871
27 27
999999 999999
446406 425297
211733 479964
209314 287919
105209 886819
768296 476690
624983 856775
507152 140767
894124 369741
680845 49683
803592 58531
161579 75886
496945 793052
72523 607511
838711 35893
118099 365948
453563 189141
434150 322544
697021 796972
923789 893798
145475 458136
439679 55628
441674 786721
889863 550225
659688 234642
951114 966173
578708 752885
693786 508989
93688 916179
585100 928938
534553 962131
867577 910219
230561 656053
900512 658214
317865 677429
971865 515473
67915 117116
429892 762613
933684 938516
31100 37730
578652 394082
921017 188702
727234 962231
242982 225559
343515 238981
102643 702085
664812 711245
6315 264747
440823 481324
457158 557666
589474 162424
830050 741181
937512 308732
789179 530815
194196 121277
264065 238017
361692 480363
812544 984265
375843 912797
463286 281520
598361 979770
915148 598945
460377 274056
367995 852684
70657 197107
799572 709882
290646 452163
650533 59840
672692 224776
435915 5054
799683 31467
621052 632488
363212 34838
391104 375396
173581 527598
262439 46396
968314 489341
621518 513004
442094 77944
116647 840468
158834 333195
419341 990844
558241 162422
924871 455992
339662 889448
187317 66856
925005 451276
178078 158081
3222 913366
35427 783770
369823 15171
940814 368151
500717 438323
617299 905434
944020 655778
822622 761285
508254 399939
742165 446199
815911 517038
93956 938051
605999 214635
193942 627559
207099 460153
235662 9531
315015 414014
182891 879797
19873 435845
176847 244989
489608 235588
518431 778593
422675 114499
952334 820983
31195 682621
861177 199738
831168 727858
640551 810889
368488 808742
959528 220946
168204 547313
407919 884410
410705 575812
472525 402118
431035 513432
986226 912173
640359 18492
894606 128697
988184 253342
276339 609281
759808 445379
167043 709026
701779 72450
153896 401509
863821 447685
446927 817985
507154 992847
550975 977352
240401 229479
567561 456119
970535 829591
609555 242150
758521 816963
888500 392875
400321 899967
602867 228422
35154 22641
637718 540786
892038 241220
885964 331062
64050 941646
998685 887424
347263 5313
623957 671486
211219 812183
630042 32703
55855 282828
591509 799072
149724 297056
921632 474270
201146 932291
615807 418338
104515 208207
413390 773619
343625 486194
215331 478923
517335 897298
425953 843471
523972 283706
776541 310685
390663 350326
47390 1008
911798 144053
564378 649069
9133 130024
654503 441484
558645 128202
248196 211090
708750 999272
319921 824674
521277 654765
584948 945478
197137 684510
327637 717579
496805 204357
555857 774117
411719 567156
402723 406209
203528 832108
409472 900621
905862 457801
213152 807404
277371 850587
693802 139048
632113 536295
974745 267491
24284 612512
951356 334560
696038 606475
197366 383665
101160 986883
202807 651604
470964 353710
835018 813826
199315 612377
585196 203980
393320 247296
838766 503592
228449 651742
352757 307855
405428 798909
994076 234499
787184 222772
2472 924457
232791 30847
128157 412378
401529 710793
536775 501784
3863 36182
390244 780688
44206 808331
637936 67164
284125 467036
616594 504493
699322 345954
747846 433138
143637 21497
246371 686256
565907 539678
777131 331260
819215 519834
346189 925899
525078 233424
180963 167956
469415 822205
892375 939938
5796 815525
271565 102800
202720 478061
848368 587023
367823 161750
323984 809394
123413 182638
996510 569111
274947 947817
142019 227019
997212 900831
595579 167114
634738 138377
762624 926579
565890 182763
142645 351486
354877 276079
514167 929322
441548 219925
537666 698151
935792 105279
429860 407104
194033 32272
529855 294198
624970 591264
436632 862952
703283 441006
26879 774580
255489 144817
286546 691146
255336 197964
453395 520030
569567 350
576138 868685
354925 248918
728277 273334
693572 282636
262665 598372
133905 819342
791734 267848
508569 484399
500491 787382
758212 510848
521623 392715
52132 990821
76366 669214
778025 58292
14057 875196
407627 32838
207234 968546
552929 953252
64798 84093
198187 217176
781321 839359
431206 164775
262925 436117
728259 843221
162239 785033
335513 971140
736155 853146
3015 36571
341587 66257
628400 633137
249157 659478
504658 433821
974511 80037
981950 70865
9474 480766
711347 883741
877170 887329
548021 843777
668601 832432
959951 688357
164434 631225
930428 998596
524839 542966
53258 278450
615320 563853
490998 819185
30572 491883
756457 600827
908930 388252
717783 580749
683049 409805
89222 206004
153291 589690
831494 346065
650656 959635
144494 480677
903296 502985
538227 611728
366255 472517
650600 956707
9323 60576
176622 335150
189427 847565
988968 929808
146548 842171
872067 947138
771752 469380
725435 48456
873003 182178
246643 699468
793436 735207
179089 100588
419660 992346
22474 465156
76920 580372
884499 689148
383801 965306
2998 100173
23916 147273
753568 928526
672101 517891
871422 851659
822945 399284
549196 708334
621067 452522
638393 310935
229194 436596
10288 350295
899621 895998
805719 393980
524272 548135
274639 679497
523739 284533
534788 748910
284522 217597
216929 675773
305725 473687
807967 502061
520761 180268
731185 611873
269762 865043
779684 487953
892844 67380
854256 584335
142806 455283
11417 896104
339254 426966
296666 170260
379477 669383
653404 60379
228591 658828
962218 609358
314518 531167
38961 362231
203424 767317
961588 741124
927153 779884
605765 646548
71891 186214
665399 260697
339333 187739
6853 97511
434885 372880
71435 205198
710139 673022
200494 790115
964125 83031
566937 49198
797909 350405
918386 522443
732516 806123
271849 649041
461361 220842
850414 513490
362690 775258
589200 333406
590598 354096
858176 336672
876938 645897
789668 773455
55349 707043
261051 995092
704140 304353
626891 867792
939884 988298
804649 918107
272029 423163
359563 141851
362632 380349
448287 565191
490871 750405
917395 818565
447445 949359
72968 511911
590810 740437
929752 102013
688003 281754
531472 405246
650607 892257
961620 235304
348738 555507
813822 855737
118208 802299
46367 787610
155367 241545
56667 447939
684524 283942
503607 709059
364793 572404
931273 46221
57197 504070
498340 39771
113554 528841
808739 152600
639766 675480
743615 819051
561657 61123
754513 74990
44987 723025
281526 77543
977532 353575
406663 65995
672299 730317
363978 377635
408834 173120
574537 486673
99103 930674
973411 230145
902998 953170
504549 500276
41170 69200
270231 961446
32386 90570
668950 328321
773954 358775
294924 525931
749497 835319
773685 324957
464240 415455
29312 934197
724299 581448
539123 567848
923538 725983
69413 397375
187037 525448
566694 645126
526866 906409
310112 285291
497399 930008
972399 175616
556160 611288
73743 208343
645866 30007
747689 84091
610718 824723
758380 50313
477296 27853
223935 503814
704438 845135
778678 644593
878974 859105
167045 905344
952710 544420
48902 443234
137939 354800
262695 565998
627496 306796
678355 669099
243443 83933
344168 735452
9699 301411
39400 502262
766656 171983
175244 831709
59517 465979
276054 496297
251353 69288
104404 708962
170117 708449
943128 269716
295331 765884
110280 845087
752742 33163
349101 121427
133206 139855
137705 12636
117373 602591
954485 250679
347909 79801
375606 413324
422988 992908
136446 289577
8626 928035
445477 569337
97843 595317
81393 791301
446039 825286
424872 891616
35132 887666
274008 962922
669303 757681
531385 357165
860533 736649
532411 43790
707458 209153
296983 925100
22978 361003
111248 424195
163912 140161
395632 171072
624304 782815
554760 321519
36875 490081
478976 375904
218253 858087
689810 635438
834544 421983
306263 680780
334869 973677
469598 23534
583524 395434
918546 681733
128132 965722
424967 857047
225937 613727
81176 682831
172767 395868
882378 80965
235739 872616
180283 707315
773500 695168
432609 31352
173391 863693
816639 211288
392952 722564
940169 746053
727773 244082
696766 29618
434285 290951
196299 958880
396666 549485
459418 240039
42332 525896
60679 932486
454426 642046
878408 550994
282172 826910
819645 497832
470743 268804
464812 386179
45639 347375
612315 206877
178006 565175
341800 468995
982014 3966
220394 708879
608790 946186
434237 291102
823388 630309
533894 124902
996754 730003
582806 839510
875895 111412
522833 960386
116786 304989
972729 481498
584234 158053
161540 770265
326615 213034
936454 197371
405965 386517
40321 35264
828324 209120
106191 90895
864632 182949
221099 427
126155 66744
143144 838660
65148 397854
333508 267590
764985 48279
96447 642073
352321 25967
784049 315613
352052 493345
805321 464433
391742 116747
727674 668152
575493 520036
384162 224605
962706 95313
36552 520702
140628 458215
18529 547162
634579 581756
330086 625375
730800 263030
161539 60740
933318 932464
729530 899573
595095 77751
530398 141958
61164 374912
359217 156588
692642 400112
752325 22639
934304 86280
795912 578176
953416 540751
210599 266223
669044 831656
665699 72790
53374 711376
858396 17030
189935 573760
919798 601031
156576 376264
454501 613965
427744 978296
118133 883501
48636 678413
319327 909957
246647 451100
509265 497088
738671 179323
740252 641195
291877 581454
312290 197854
583021 819266
852455 782516
164470 253274
956096 250017
866883 562306
304543 566917
197985 57291
809873 793340
698868 751696
369737 403594
478743 692563
144827 633651
470033 15757
589445 249270
947032 571740
137794 714902
475829 748397
564147 260198
623130 404774
567545 793175
709306 750623
5494 394025
244711 140186
187936 493302
981922 953273
27387 917515
697115 830359
641650 421606
728220 41607
712695 704405
556439 130186
308535 346339
955139 148452
159463 133812
659554 897010
663812 397392
208938 513671
449189 73119
417421 581007
967654 778468
315174 370190
760446 973037
555559 901439
255696 979430
540360 781914
849372 189111
30243 43661
223208 746929
840921 180982
231566 449772
684358 208779
596733 245801
670667 827072
205045 540908
747357 29864
574043 617722
193113 498029
656374 111247
39810 726590
120954 778489
398526 370021
469893 637089
269737 222634
502742 693484
498873 54032
519017 498974
694882 624092
815411 898393
230140 125623
784329 283817
353402 556809
910333 401488
989735 458619
734956 790344
664844 566426
70801 598600
910584 686974
115103 93402
531389 145105
890284 251638
41966 911103
335986 145778
757418 60668
966944 547372
28496 786329
62434 965527
430145 291000
313724 736172
617282 232287
254214 267700
558054 302766
142340 53955
516080 69020
614225 705488
345844 370217
271167 517374
951259 978648
449092 164473
439027 766994
78401 751377
220538 934029
861222 120409
309007 165252
70085 639347
181491 594872
106359 879211
232209 555898
105121 595528
668908 574994
971469 802551
35560 304954
641985 342724
329196 807103
909129 581243
696658 84991
718954 445926
413153 303766
965035 957488
176690 46224
915395 16023
895868 35075
887845 968956
89278 827454
435544 929011
770648 833389
408698 289102
757625 411540
950532 977913
410185 466837
359414 658287
14947 355843
125473 456660
551722 608066
231398 773791
509797 827307
268103 260460
924774 335513
156386 857408
923629 372532
204932 445015
572218 160679
601720 549090
606029 919948
589446 347690
965651 127927
88434 703029
779832 968411
347376 968520
94605 86267
226618 644686
71268 663368
838570 413206
696617 261545
80463 969236
297540 629923
878615 315478
689357 713062
520719 169768
481799 425665
787234 441320
334792 725315
537692 571158
33279 328148
432066 714435
204577 895417
725662 845160
358004 600667
217039 45464
139063 857297
576620 658038
986620 520050
793393 68966
360955 958943
329041 330020
574971 928178
106542 992925
327485 138256
651019 392154
846440 190685
727384 168101
338753 574719
393693 498165
266580 454002
599500 516014
353083 641530
39467 988730
893943 923897
918403 779729
463320 845531
832788 204778
760760 866190
806832 122952
367308 328877
776697 708037
528347 967810
803902 707035
244046 643886
959156 866391
134616 932770
754322 362176
949005 719933
862323 695740
161357 157045
216018 501556
970014 795687
423774 238071
111882 199627
949514 84962
9131 895682
841033 753310
409560 699737
425052 528293
979695 525565
219720 723954
903769 282749
396202 900812
474782 402691
699537 639498
257500 70136
724036 298482
98393 766304
130427 143528
748774 842736
236497 564712
891720 298683
348398 684903
531563 883367
548371 627514
731111 245466
342412 651199
312790 870442
800164 647897
898185 725335
516213 55217
184903 458718
452348 51045
552411 365484
911157 31853
495241 380097
622444 174889
986839 928696
285895 115921
418026 925029
765542 782687
932672 933349
336131 32836
212349 896611
642307 954637
496039 677955
265482 126700
135547 890342
428088 931552
696601 427184
620347 81587
528366 958318
127549 949087
593456 106268
406233 329993
475428 393947
25154 725730
487598 294374
24889 374942
805127 52298
206554 286145
796699 564975
650140 64317
209789 88772
637737 748713
37214 110256
540249 336510
183887 144395
546440 974916
521670 771570
418883 975440
749643 682857
32849 21588
936094 988627
916757 609243
875830 53820
319233 648071
586692 45030
189900 301758
865946 424672
894477 744959
442440 407569
714784 446256
388522 648865
330581 719726
518545 404081
343298 535451
205279 249828
599489 355583
944132 229009
991835 316056
425578 139490
194625 829518
47300 482324
132299 661514
453602 115300
516680 612284
61773 400309
941787 649040
756138 498079
876440 634311
70070 869637
21456 958738
634993 256288
291653 403617
655539 571493
590096 281645
530203 191435
151937 197587
326614 27290
479824 248362
192647 353008
645952 351226
823450 454324
626044 314729
617612 991465
539548 847984
907469 282821
931812 506901
334873 308674
921673 679715
594609 146666
18583 429536
44410 771853
504263 742088
208096 446985
449196 557311
308534 387503
338764 906271
41155 808090
512792 703423
204986 838182
539433 60544
538390 797065
843467 334956
827637 690771
641533 86832
201322 412920
652600 29604
717653 643790
88163 707724
751953 783847
285632 808808
