552544 692732 
150307 492409 
872161 660428 
226120 368562 
992460 311854 
592111 185722 
419649 274866 
545558 133397 
169374 896207 
112113 856186 
410720 665553 
425090 861046 
446613 373051 
409613 341786 
109741 855862 
583097 521556 
171389 774228 
338278 963803 
396439 35421 
583427 982142 
416238 671479 
781434 8834 
272630 541703 
608413 399543 
479252 823568 
667066 50610 
498742 140552 
258624 596795 
313244 13897 
286239 566263 
260540 645213 
79487 937265 
982473 764116 
438174 978592 
153255 64060 
566757 448318 
192365 708389 
83554 935318 
407191 772684 
772123 159231 
275074 165794 
866531 903319 
412640 519122 
456066 703282 
562652 877574 
713047 78633 
124997 621318 
537445 146933 
646904 106607 
80655 15522 
44680 18189 
476026 888930 
465810 456270 
573234 515717 
74524 463250 
428324 540517 
612758 414768 
144867 484767 
875465 495119 
737507 369552 
279280 950362 
691162 130613 
270183 9907 
583173 893484 
502169 666451 
795940 376816 
190188 995530 
511714 749017 
491046 646552 
692270 194945 
797949 250302 
36010 160725 
46848 834448 
300133 414997 
133974 780010 
906361 833110 
845845 64192 
583414 767555 
322979 15250 
41482 988698 
890640 757857 
503486 355790 
438066 826218 
295488 852781 
909433 81771 
972718 821492 
692181 146627 
340888 600837 
787092 130643 
252674 222510 
43042 388459 
826308 179970 
881017 843222 
281022 147329 
180367 479622 
729178 834764 
751826 890843 
317514 708488 
630445 687373 
109907 897631 
897951 105273 
712024 896368 
828481 32722 
464030 66184 
706128 681268 
990996 193931 
633121 216482 
502968 167273 
664197 246060 
679397 12994 
679659 356282 
932382 517775 
937179 548977 
212440 345513 
708616 80547 
287635 413280 
304345 109056 
399711 620006 
732341 433006 
974890 891088 
282080 325692 
362640 542601 
588285 368110 
672326 297198 
216451 418110 
606528 349103 
102264 111009 
310684 673457 
246038 198764 
632010 870485 
685604 886524 
890759 499810 
596788 251593 
10737 51077 
813426 177280 
691583 30942 
420675 572511 
910310 153194 
320935 175194 
522305 427646 
896976 139579 
174110 964537 
651602 50796 
343194 240174 
868790 358818 
929918 994958 
30046 442096 
568014 232506 
456216 500716 
422577 662694 
328617 718732 
121780 82893 
584434 366407 
751861 131056 
357669 451519 
63121 691025 
84686 97821 
609672 972023 
307170 666328 
286650 898941 
352303 872281 
555269 172113 
803692 208380 
588482 959292 
154771 571142 
383625 38932 
990366 365603 
3024 694538 
429218 929692 
849284 927574 
864436 39480 
860909 378799 
917933 184305 
883616 594749 
567522 160140 
189630 85381 
86205 753227 
867816 78494 
696015 773617 
652632 864367 
949065 130242 
605326 426132 
22941 740405 
568881 472824 
205231 964069 
807350 185040 
482842 991644 
218432 190951 
605168 729556 
930873 898091 
711454 673212 
390410 631853 
768830 264720 
13392 913971 
897655 620825 
308812 682969 
859001 841638 
692558 396103 
207721 67594 
886112 366163 
94364 583330 
231711 327983 
305736 101695 
491773 451204 
336329 705915 
695890 391038 
348669 725659 
70926 438928 
394015 28247 
886495 7123 
328366 800922 
203892 423804 
4014 762269 
425020 392522 
174686 717193 
860859 518359 
397226 6835 
960398 760380 
734986 499227 
453552 116145 
679950 297240 
115985 924877 
431823 728022 
780174 805442 
760156 879011 
380342 210429 
218006 484372 
453571 100579 
697026 463644 
820044 903436 
427273 633682 
943691 53140 
684912 498139 
854795 238313 
765460 707574 
820541 806915 
208846 35849 
13256 546831 
700102 735052 
527930 245274 
443322 695781 
982599 657712 
556224 875670 
247407 13796 
237888 733836 
432791 2758 
212847 907219 
875828 873100 
201030 635422 
577624 47343 
892669 708668 
685740 691627 
955248 334836 
66907 193547 
527367 326920 
390515 47935 
835228 632843 
743810 254570 
324184 406924 
144518 98468 
379287 205380 
122511 60472 
669170 315338 
191033 903469 
256884 798653 
359395 241720 
818777 385688 
856345 762502 
637153 445567 
410034 768516 
630794 704505 
144254 297472 
616855 184472 
705134 587866 
651784 407910 
175043 651659 
406917 734350 
371540 679799 
188633 978574 
787102 750847 
419524 874918 
723462 117283 
810686 143210 
840488 477942 
912968 895773 
48310 116184 
755112 397917 
868385 64169 
811145 194115 
985713 997198 
785332 998401 
976024 353201 
119398 762170 
184004 973522 
771554 529193 
710410 977219 
664535 294133 
770559 831410 
884899 763101 
881916 969781 
609082 409660 
789482 752120 
245752 245900 
118277 597155 
757127 153485 
985606 608039 
923904 456991 
275654 495782 
280400 772350 
565649 38851 
313155 822802 
981631 618496 
864316 396543 
822515 827692 
16607 494728 
615035 959210 
603571 223365 
966375 660356 
569170 874839 
153301 775057 
177327 45796 
219934 69458 
837738 897384 
39784 22425 
913704 815180 
955550 115208 
106868 163076 
205549 917754 
155872 303907 
739078 779813 
402829 895111 
310499 209485 
824879 368242 
841151 275755 
636864 562297 
592988 415509 
709223 450492 
725980 168294 
497360 307574 
395785 429584 
184111 613149 
324183 139424 
767124 668807 
193631 303005 
158290 406558 
565515 368565 
36719 389195 
141741 258317 
622541 948923 
547391 962516 
190204 543308 
642042 413720 
416352 21674 
158327 204733 
828501 382271 
562424 764560 
64452 276936 
737552 384407 
626992 97233 
399099 8638 
183376 811538 
253895 92269 
963757 9040 
613068 258081 
937531 303973 
940718 333976 
932124 215435 
914079 310931 
362881 26311 
885919 244331 
48766 374464 
270135 116377 
645276 545306 
73504 981023 
438820 210266 
222727 512420 
696540 750362 
857181 938743 
278085 509376 
8699 496270 
387284 104509 
359389 383873 
804869 786569 
596968 521473 
139434 571493 
348182 532007 
130084 626610 
644712 686768 
145423 635577 
147268 94482 
237227 224843 
329980 559352 
228223 118294 
711782 604888 
800727 34247 
974955 452741 
522485 591096 
836045 600964 
358349 821491 
330518 589148 
966582 348848 
870461 467145 
328723 35715 
981969 840429 
622061 589582 
17580 441299 
76122 348793 
782081 628917 
649212 916454 
578715 464168 
583185 131594 
151805 221875 
998542 436106 
733639 352485 
863971 231189 
968390 673225 
178569 153235 
252717 598619 
869486 453729 
585245 192763 
867437 429070 
301493 403971 
584325 744557 
550572 761914 
353894 768614 
858448 681148 
521893 546211 
423356 843674 
546665 429003 
804109 736756 
575916 618300 
424517 464341 
855716 975413 
817541 723545 
640647 766161 
922844 247904 
5076 8308 
527695 599849 
710553 149475 
473637 1141 
778971 940248 
164925 102345 
798048 533938 
675086 542402 
260189 730289 
128617 676233 
110030 693176 
59985 787389 
893887 726952 
203023 491743 
585695 505422 
933567 74248 
272687 332357 
526943 476693 
829622 438111 
595931 248476 
801709 889662 
572697 666281 
942503 667283 
741051 874151 
166316 462573 
108369 593329 
512789 389808 
40800 262164 
52181 138536 
728564 113931 
105810 685013 
595353 473437 
990332 172005 
488840 390860 
66420 869555 
921752 508547 
587301 236158 
138022 189287 
211836 676497 
886232 267750 
712517 412910 
223373 184637 
18902 137597 
693496 594171 
93922 776310 
306690 118245 
673350 625832 
585182 186853 
772107 431285 
342651 169536 
552127 705757 
980702 747649 
773130 916514 
121463 184717 
617881 182639 
851021 474602 
910513 901815 
355979 834747 
442153 804591 
516290 894784 
763847 203223 
555646 696283 
370854 489105 
315743 652379 
866263 953704 
3342 155609 
241953 57428 
948733 568232 
474312 159083 
970259 486883 
268444 466098 
487668 383445 
508566 47640 
995987 213695 
683879 339176 
46028 174181 
57448 744183 
57420 40657 
268882 315653 
520737 798672 
196241 24243 
856418 907047 
264547 72579 
439639 956028 
282392 646192 
115838 422608 
333076 183928 
15680 371898 
221903 427727 
297484 857738 
16723 54811 
866475 292600 
184457 938851 
560875 272065 
158356 771787 
216950 276072 
157980 310054 
22766 94818 
861342 923650 
479772 442177 
56910 65188 
846423 844323 
291600 151031 
326570 338262 
590883 248576 
673477 533212 
429193 70615 
43434 712229 
710861 140842 
529162 14134 
64920 915730 
672345 895464 
61312 610581 
32737 683153 
201324 23635 
96388 795372 
681708 248365 
80030 168162 
892948 984945 
393355 412145 
868899 512213 
299095 612120 
688705 480234 
729587 107969 
735975 205128 
118048 873109 
717233 642263 
750926 904365 
185601 847508 
680812 993025 
12991 126021 
975581 43787 
585703 729923 
269363 759393 
910945 814480 
243608 288537 
910173 950092 
496326 117159 
979616 591315 
539943 750426 
421320 321877 
842263 107936 
797281 204725 
434079 928332 
763549 977760 
317927 221254 
435509 196349 
503729 654860 
256800 519670 
150288 837064 
439946 451367 
37250 726500 
286148 152072 
998911 349507 
887580 464291 
781657 889825 
696615 23692 
357437 747800 
602001 329995 
948784 349029 
866183 231565 
267539 499072 
144437 482921 
108644 473831 
91305 609085 
593794 268590 
615263 540555 
222115 699711 
802345 948708 
868674 242866 
331070 979158 
369223 741698 
831790 339291 
415838 956878 
915912 439251 
242781 319216 
216001 532097 
221978 548382 
438111 529582 
583667 848556 
94430 722538 
844145 798324 
930266 716125 
737429 225836 
215414 389200 
36306 186632 
782389 229978 
23025 72922 
643478 978558 
738836 676093 
408693 546930 
94996 643366 
71763 467443 
333567 107573 
800325 873450 
339311 513064 
1518 457121 
374728 737106 
378845 164826 
894494 790922 
921657 543672 
7800 89512 
120515 933157 
809507 960552 
53339 377089 
290456 111506 
786369 151826 
402475 408848 
814165 929949 
629772 582865 
565705 656305 
410567 600573 
278779 11385 
587469 85780 
194533 766249 
705857 23664 
788941 815881 
851603 25924 
659795 106645 
851067 409543 
823469 59038 
896613 99157 
782804 834808 
815655 397498 
259411 594826 
779368 582866 
660803 807298 
505401 14695 
2126 873706 
644166 34466 
929204 183248 
434290 393651 
474286 793324 
237767 37603 
810474 362332 
405974 398926 
157851 487309 
694432 117665 
561040 905489 
837054 761968 
187861 807610 
611613 937170 
763245 823970 
351530 816447 
587114 42750 
141373 495244 
185260 358533 
647084 187898 
427444 837891 
757805 946965 
429277 469369 
632219 159041 
853045 774662 
498262 290926 
383915 698695 
981382 53496 
458541 197242 
387016 797024 
107608 581983 
541767 597295 
425389 721760 
488228 10581 
687367 188783 
376513 110801 
323353 355965 
867600 10353 
287620 417057 
692976 391439 
56400 711700 
967364 552760 
237159 434088 
714409 372384 
480780 183800 
48374 649030 
280373 572701 
620834 754380 
429057 686994 
471595 95732 
323046 406080 
299813 935088 
180570 865870 
997367 384161 
315106 319664 
546004 776643 
832027 283617 
289742 716442 
693343 697187 
538478 11966 
186470 297083 
538742 382494 
33772 967784 
784381 780168 
396341 874306 
123564 499513 
750072 179464 
195788 489272 
965395 88542 
369884 87091 
790192 335037 
674082 768342 
419523 532237 
982961 334019 
185703 568771 
913598 168458 
416274 818819 
670711 812422 
202349 827540 
705827 539522 
313560 324522 
347291 12684 
430116 94265 
679460 610873 
339377 463364 
499998 204278 
990801 453540 
843138 902704 
328862 793179 
782156 861074 
179054 318846 
668927 115878 
749645 721520 
519992 770386 
95793 764126 
60646 419150 
964187 346979 
217370 24229 
115570 110080 
383789 436136 
406694 573602 
373985 530717 
221079 701352 
886642 223675 
670648 306719 
272861 582874 
523323 663782 
420291 503686 
262994 473576 
427122 79993 
909261 347944 
664261 606515 
45274 899803 
524326 196291 
333616 38580 
362626 141319 
576516 681663 
224956 655426 
184462 756709 
31892 766009 
208915 831614 
497378 473801 
874619 786883 
364457 548457 
816887 169405 
523491 642841 
294641 713203 
193757 613288 
477294 873009 
135685 972226 
866112 485749 
369712 48881 
939457 975081 
130164 200824 
389147 551532 
167341 696900 
649264 947978 
249175 161921 
298914 751651 
593649 947703 
643568 440617 
266050 980117 
293040 133950 
236262 499282 
334996 389476 
544353 518647 
141486 228722 
529366 242062 
787400 979156 
175945 730106 
414067 200769 
793859 944321 
334226 476742 
397620 25694 
829636 249522 
843636 59907 
520318 805869 
638383 228416 
970831 228239 
779097 883540 
400662 236019 
634143 671039 
165058 199112 
226969 373915 
161623 793948 
816723 753031 
65224 945522 
803407 540778 
460886 559762 
528593 711171 
236282 226088 
733646 434524 
271550 117071 
761039 219043 
987963 590161 
969794 542272 
366774 113472 
689419 713943 
446603 787294 
447947 640959 
459076 355883 
457903 342880 
906736 852889 
455837 453776 
248342 370725 
930777 295530 
374772 327583 
868838 551384 
799919 671558 
196624 954729 
699350 592624 
488318 336556 
604273 102098 
763939 735734 
724866 809992 
364972 437101 
581162 552118 
661790 366026 
395311 728430 
211523 103291 
283689 458273 
412027 527347 
606791 282681 
576644 367463 
502996 278577 
664157 712436 
387398 132197 
561323 812120 
637042 488620 
66546 761132 
944991 256218 
316836 572740 
282706 444756 
605818 407912 
133746 100700 
219509 337547 
76347 691536 
603467 542761 
343483 19323 
392030 158255 
676335 963313 
962403 515166 
456598 487888 
617031 72066 
781415 152324 
819684 429922 
976089 724912 
549746 259362 
407186 234175 
78581 226409 
298882 389999 
775110 181021 
503985 465719 
494229 800414 
686528 287878 
719240 52900 
330514 824108 
759839 173040 
617198 664599 
667356 693834 
236225 540067 
705802 81227 
925472 640949 
921325 173528 
293744 931634 
327592 358969 
844836 862254 
290998 983934 
381571 396446 
425518 321825 
136777 990929 
185651 520149 
937755 214712 
678826 292821 
258220 364717 
131797 603768 
536743 544100 
587699 756161 
849276 648630 
795997 172717 
783518 199984 
959061 913404 
625000 110871 
751934 858182 
322575 759978 
857923 778388 
457068 19397 
799931 434458 
191944 878022 
646997 370907 
210116 901771 
101641 510129 
459166 968798 
15631 148654 
545541 326152 
332065 746805 
713108 417850 
604168 370423 
488183 238476 
853450 943727 
922161 993196 
626473 426416 
602606 281072 
202899 92910 
127213 291232 
571250 684306 
154171 256433 
960709 66433 
118525 928612 
437339 503043 
201069 506553 
159033 521974 
978943 968739 
123144 169218 
722496 793929 
911105 646079 
576299 396846 
454729 232559 
748715 263898 
180060 383295 
707303 820394 
364178 435550 
935737 102984 
361193 820508 
772823 405954 
595404 945656 
120740 462241 
761964 471850 
287647 611580 
689497 676972 
444983 295566 
538912 19593 
193867 469570 
385594 446694 
928752 305881 
408889 789384 
915541 342104 
151069 209779 
66831 949726 
212262 808660 
135961 112458 
826385 192131 
796397 210198 
855518 294692 
792654 275041 
869431 55055 
424204 938693 
640965 636051 
573089 845775 
13785 365198 
255198 314501 
354167 175189 
716160 532536 
942978 972712 
189378 707239 
481169 392930 
311637 138022 
891032 830757 
629223 652366 
950807 869989 
473635 819648 
981966 537539 
192322 517164 
115407 283727 
500524 350081 
262851 513276 
750910 306402 
454860 892227 
945211 80990 
433547 636461 
528964 970016 
865078 857096 
91153 761177 
734702 839533 
991671 322502 
340917 23147 
458993 166870 
596302 978578 
817421 415558 
385808 410246 
255846 826046 
