1 10
100 200
201 210
900 1000
553091 399992
882476 388596
743492 337399
841095 258402
786188 128490
417144 754368
487485 116477
31225 577494
252430 802731
978743 757108
643815 579373
318516 219705
348348 434308
119348 738198
507806 898299
569493 812272
293382 150210
20474 66417
714658 413606
189067 273071
841403 207116
720675 842211
595454 585313
401105 807570
253805 642690
413103 415653
615122 266184
533117 282766
327310 766579
563048 836662
38537 774092
303618 542209
938446 322579
403728 652900
675364 21535
381690 164041
785727 888085
31957 990357
552682 997276
499676 559781
909408 619439
744317 689525
261022 582494
559269 521391
525527 903640
58788 107326
850417 799656
775492 112634
738892 88055
497778 197661
987961 568848
503135 216119
412226 17157
445992 613020
891535 395437
783652 734641
333848 886260
478014 997385
801831 707163
596619 98955
10206 252746
772615 995891
583950 400632
915759 891686
292437 632101
712253 686442
994314 974942
324373 443214
583507 768578
212451 232521
500232 867470
39776 107090
413378 920288
401585 180649
460243 805068
27746 525246
249059 824943
620022 525465
687101 290769
668339 240477
628777 483062
145346 144565
368314 693037
62685 532016
896643 378643
761973 945577
194956 120355
552887 232859
55712 680617
745112 323949
892050 72438
611945 605366
871102 894766
724226 479152
971611 999167
987892 488189
258292 312000
385943 784713
682668 239338
640447 167513
218848 632054
252915 831738
970279 531492
842426 739845
858791 355477
546714 416102
737682 695928
792057 36904
210180 648679
352227 478681
150521 329217
260157 89292
644456 439940
904754 28734
482110 844925
864863 715352
736342 552049
140051 285309
920546 960902
495634 303143
500215 846302
986242 344374
418366 72597
273839 156775
656163 935260
772526 284710
356142 312341
849222 155578
838956 537785
335702 17520
50098 218277
695201 388687
633929 856739
870864 57376
597850 866559
699230 840588
831909 618448
480532 697942
853002 762823
370133 134160
689385 529462
435160 167554
328736 135275
425679 560947
860230 904972
2625 726839
529581 665137
412136 719666
724826 585449
40139 299097
87589 132400
54203 244493
38010 903923
498791 961783
232911 344867
911434 190043
817939 602303
209818 907130
26879 962162
142063 536488
64964 40451
666683 777920
464124 939793
776621 894725
872872 983041
658282 345628
33716 363346
864651 384401
56226 920177
670030 341637
570179 736350
328992 602206
5206 249772
496665 309001
606309 609954
18110 760002
850910 838630
991117 509076
375102 678979
812257 238162
335595 294271
76145 611888
886343 391208
603862 882643
51750 345809
746045 887783
72029 506685
211199 973689
819363 844528
918707 831682
591087 727139
227073 357422
329654 2978
736058 771555
810983 426005
31672 933889
26375 430270
472472 142309
888068 41067
94949 174527
314318 370600
889384 542231
266706 906188
524000 794204
510431 829235
244114 361978
422800 403779
406304 511398
295822 304231
447836 522105
321270 707403
722662 160368
347174 222733
182453 466034
17267 90112
252965 35228
264712 65347
952395 150610
301707 30102
9016 401748
728079 964158
578898 839054
107278 5483
282968 198181
667025 5563
525683 871544
913397 571329
203454 2579
674553 265692
516125 311895
548704 649553
430571 404706
873950 693296
160336 80844
801019 464306
731053 780463
457796 425617
890417 211472
307706 521251
392849 232115
348071 695424
279953 136233
861192 855719
501350 451945
501521 942741
278840 134404
228014 667303
473863 719137
947589 763057
19848 178479
270625 44624
250664 996328
525841 826397
413313 324761
382566 845461
114158 174040
296434 97499
486647 109307
324341 624889
527432 544981
687684 456199
120747 723861
599742 783849
725345 118839
725409 311553
595124 445843
836431 129270
385384 667009
148851 695111
601843 410747
228576 73839
51538 764584
935456 876924
113845 359422
673130 508229
446896 514936
240125 978547
172861 810069
407070 718038
278111 152983
592771 845569
775070 542651
160830 127223
74481 409529
649090 678047
432967 675750
624832 389062
514744 360973
902409 793074
62401 4440
278875 709550
971062 812101
656142 696215
8804 847563
800861 684726
628948 368420
220893 190429
402762 434092
987478 220244
936460 674603
265298 180134
440097 673095
375998 515187
88251 341428
52347 416319
909252 679206
248672 180248
503168 555575
91688 585793
188402 926452
829967 662934
670639 682857
881914 869452
927095 798175
878985 534528
831322 20118
464989 223246
562484 711216
681031 900075
21442 59411
956301 855464
854448 842641
387112 550122
232575 134631
949295 592151
457714 148307
954801 775934
503659 945930
562008 478903
841073 463307
423203 873347
18104 648145
45340 184671
75077 537612
465283 899441
799120 808097
894820 168981
577265 928810
497322 131129
849514 600562
300567 168522
285537 232597
337105 604816
958641 956488
673708 457279
482880 206387
931767 651914
527 202540
595691 195658
309699 656396
536761 128141
554458 979365
643854 97917
22479 447953
818429 438220
877489 348046
74667 76020
508226 254408
957287 149604
872053 447540
795178 940525
467047 219567
156891 303790
321139 844471
990418 493735
400767 72399
773758 843864
417708 974471
676776 607526
297290 120262
33277 151051
236650 99459
652841 477296
431631 509914
352193 449375
133530 837281
108693 777202
890208 876854
539931 861235
822085 381849
971759 647227
839898 917971
751417 805930
804765 595098
197543 207834
133494 457415
52327 557642
803326 325448
796557 569466
660216 847378
679866 196805
351002 439359
67486 146713
654621 942858
344364 737735
209290 197436
678218 516033
900867 354040
372031 607667
764902 204602
978425 484471
444652 59786
741358 144760
425738 228835
194663 904642
129984 171242
200785 162651
218050 65211
85893 915752
348487 280971
469573 325392
952829 730863
339050 672741
534502 895767
502617 748509
701258 847591
746551 696140
621762 835692
805667 622696
287696 605386
861610 247373
251952 862165
254720 747587
34682 118647
134727 119533
440291 206376
669318 453653
855217 117875
80593 940493
252141 809176
6500 454510
83877 217520
579229 908098
682439 755064
392642 580190
824274 392120
319310 392560
598251 256352
651751 53140
845584 408998
696473 493947
589572 333697
680884 196338
442912 626945
264693 704620
475348 208728
923017 825703
917000 726189
29301 444156
250737 974337
845729 841977
635899 12484
755295 421043
369300 619111
62542 882279
643527 296743
805228 189514
69921 270151
414341 672087
841824 294724
388329 51748
26217 119448
472553 355648
669812 475302
378679 582421
274253 993633
629589 599270
868386 77792
718446 383070
769457 983946
474059 326870
73794 680679
466386 842244
854720 776278
580496 519945
396379 185188
410082 185909
490250 422513
959718 369648
847345 884686
917917 392760
937262 845313
578667 316571
71758 103751
717233 296957
10781 972567
43883 888803
258993 766952
616957 240247
43696 170603
200203 990969
421767 52218
710577 267393
287994 131914
274098 602802
990206 907883
136307 541373
988377 723298
113966 647783
20746 675455
860480 753108
815696 273756
782346 777923
416157 825114
232850 31129
639638 979299
415108 764043
400968 797552
791534 374306
512077 336335
499258 397796
781678 506876
939544 787468
350096 600437
53559 395979
44449 302484
988602 256287
412392 674605
786088 91108
586031 293726
731664 65534
263664 45624
553589 354545
786231 721162
614875 27592
623585 553177
997323 436885
163788 819420
225422 852200
79893 929552
499694 489851
714642 487719
962978 584410
660608 771559
196383 730663
245332 873345
829402 568613
921837 91954
451749 834138
501908 40189
873482 464133
828953 185010
94945 205478
877577 666272
158968 299715
159636 944888
502704 391930
619509 54394
741738 95306
15580 25715
545544 910970
609957 859525
822650 415337
434695 222607
647663 921875
326924 558188
598764 440094
36928 758182
348146 923074
579987 662851
374850 650387
56628 804545
672365 706924
556937 654720
832748 338772
256188 586431
737347 231678
622631 780861
523410 155489
789023 234596
40002 625001
545828 519814
395698 510000
510090 342368
66542 864684
75369 401272
281027 154868
28964 560227
706123 226326
824057 378702
999016 65906
634040 919128
610377 274378
76033 955423
407887 245489
358056 837655
129182 401066
612327 844556
495524 935476
144465 918035
332389 797584
326750 803767
580548 428411
675031 311595
138658 857211
673284 371324
747689 15375
948301 65828
560819 926141
453692 47604
385491 938514
48870 857821
531498 577699
882318 893313
767864 720629
803573 469158
168939 624702
630990 292183
805860 28809
554171 473163
834718 598520
919868 601651
805963 929882
560501 970664
516651 923060
492194 177859
961266 740575
976406 406078
621446 439875
87928 367694
162686 466287
866638 700169
425856 538519
786433 360815
357952 740903
835111 198523
151542 112609
568878 376836
396115 388140
642307 110359
384399 241010
552712 327091
955018 582623
930602 226327
314949 206737
392097 661218
459309 439686
858618 768120
556210 453502
212274 8497
694662 472877
356180 284753
495784 379278
430848 996225
19237 942214
299775 752397
200866 515282
305610 583489
91992 987904
590717 589016
148154 461032
66056 522977
218692 870670
600479 257039
629781 631100
443745 868094
119037 385162
585350 870158
881181 416440
908368 652675
108164 75241
401956 297035
932926 889996
139703 340860
109238 980687
787931 573224
359074 591056
889319 428113
872430 214836
129712 429055
475681 419243
320858 913683
476547 517263
294018 856949
784356 677599
583625 135497
261471 935232
22223 777508
86353 124948
665744 217330
539581 193304
610173 411789
132317 707426
615473 352707
426986 773896
88259 685014
18009 196303
186322 654998
458713 432364
948266 534388
511256 888811
466510 437241
756237 825060
756020 696898
416613 818272
298994 233339
659033 773611
896120 224308
980821 453590
489929 679778
292366 700894
901859 222257
631230 695620
145730 354734
316062 91556
51606 661707
730293 881906
227389 603990
426178 559724
408753 389531
955238 952221
959105 560769
933668 157241
129374 666559
811273 472617
813323 499208
481073 944041
672650 650907
264607 43046
422747 611109
955194 405860
747172 502979
279566 877828
823482 596398
949219 19582
59446 833040
743061 823611
716952 386619
201286 420045
551809 269881
769180 131583
25758 695329
529844 701721
375 311628
928067 32226
324969 661406
822863 323110
658786 103854
508488 276004
934136 299688
222197 313558
667084 956624
65078 808438
694005 638676
768371 816697
441793 952665
663545 182559
647927 282199
625332 425691
278282 577161
265237 432713
405129 834136
809903 806225
261380 270549
892100 955132
459654 380777
904474 13857
429569 948173
176458 682216
631941 104816
99625 820065
8328 228764
549817 459978
622341 695010
467095 480889
823853 805420
209627 540255
499379 479583
367832 422883
324889 939779
541903 335888
857645 166768
622492 229559
467187 639632
473883 457016
14171 914208
540253 338433
926309 832434
36821 171742
113308 640181
429801 156617
497086 876262
128664 714263
66166 832673
670740 543766
908343 869108
647585 665402
354913 450372
233045 17018
745 270986
912333 47407
329472 477888
607084 360181
484691 195736
108600 65465
793046 43423
634538 616292
39405 246675
103951 699077
531520 967751
217194 230259
388461 233044
988577 155129
240887 120226
59366 227899
351046 279699
314319 732657
909268 865565
913776 259455
406319 607772
177252 921849
701853 279933
373621 120219
67813 246827
108163 40552
274803 474447
724247 106015
93014 160752
597735 799939
447128 447364
586003 894197
692956 891584
963623 363390
77904 982995
680171 126158
327003 654725
489049 773762
956330 706733
783180 817975
766747 964290
672133 3574
472585 550130
854208 522551
708693 995887
646525 559314
628731 932
665594 22965
283397 133929
552896 958292
614202 468203
82365 85095
135002 316816
362628 305975
659426 650290
323265 676194
794315 395331
558325 887279
906880 77200
826789 196024
222925 630822
305371 742408
801750 83615
359992 364851
879251 425914
690407 72319
548529 731096
252086 683246
472377 380368
895242 119336
263392 122797
791321 516484
811465 41614
460382 865834
812289 128645
452746 671166
990278 351147
107707 64031
759031 332204
336259 130044
580071 714391
40717 471439
495369 190316
34523 926211
775943 846667
899699 607755
366839 444751
59520 315435
947480 6079
311271 922172
120341 455262
35474 669388
162924 144518
124280 256420
972694 399317
417060 951481
619929 541928
844344 884232
988089 135968
868497 621091
154079 873936
729523 570184
419323 16827
843273 15262
673037 516559
602388 493783
23029 270131
132327 997754
781000 464209
398287 354533
800284 844837
879762 184639
658290 63962
759189 789560
104117 477228
11831 970071
537976 972418
91524 458454
537110 416790
821352 443982
586034 427369
125020 219902
384589 766393
132986 451903
588363 132757
673772 914029
773988 825440
553566 411314
904413 180858
211004 747578
676384 193174
56255 401712
333777 779293
943577 805129
5886 738902
807360 546227
758619 859566
443468 203280
825454 415756
541378 78138
950971 70657
580167 228792
153654 329248
293867 314219
247203 725264
846577 489595
855535 409095
709005 10606
430652 980217
544679 176317
911107 606034
315073 729861
355261 46493
730598 565510
798873 573569
355394 218596
803318 997205
328 448195
102714 629647
542267 432347
381716 372220
573145 592979
690594 170687
251033 939628
650773 462040
849754 227169
797342 20544
902300 790523
573545 189301
820442 21654
701068 673515
221879 110082
521219 399304
506641 94158
852054 874897
175030 517275
5575 859621
166358 617452
910668 552398
932758 759732
5690 999250
637864 126650
894270 832156
324031 768339
193343 406389
285510 326487
135633 484924
480880 86037
782174 224574
352031 184383
181966 23595
943626 841091
372620 690589
473234 463294
922399 313660
592825 202287
600172 245112
393524 125051
934235 405731
125750 860843
637634 159534
279374 781755
171124 990756
206540 892954
528723 140975
900865 684067
149830 158718
