887 9384
6916 2778
8336 7794
493 5387
1422 6650
28 2363
60 8691
3927 7764
3427 541
5737 9173
5369 5212
6430 2568
1531 5783
5124 2863
3136 4068
9803 3930
3059 4023
8168 3070
8457 1394
8043 5012
7374 6230
4920 4422
8538 3785
4325 5199
4371 8316
3527 6414
8981 6092
1874 9957
9171 6863
7282 6997
926 2306
6328 7085
6506 337
1730 847
5858 1314
3896 6125
546 9583
3368 8815
365 5435
3751 4044
6809 1088
7179 7277
3585 5789
2652 5404
2400 2755
5061 9933
3369 9677
13 7740
8587 6227
7540 8095
571 796
379 1435
6602 7468
2903 98
493 3318
757 6653
281 7302
9442 4287
9690 3866
6620 8445
4730 8441
8118 8032
5772 8098
676 4482
8928 710
7857 4568
2354 9498
6966 4587
4684 5307
8625 6220
2872 1529
8830 5733
20 9504
3369 8271
6716 9709
8150 6341
724 7797
2246 2619
3452 2847
3556 2922
7489 2380
8229 7765
2351 9842
1501 5194
7765 7035
4915 125
5857 6988
6492 3744
8366 2228
1937 9860
2552 1433
9229 6438
5408 3276
6122 1475
4396 8859
1238 6030
3794 8236
4429 5819
1012 6144
9530 5929
2405 8777
5764 4444
4539 4614
6841 8607
4819 2905
689 5129
7918 7370
6997 9918
7744 3325
2184 9471
5500 8491
6726 9773
5591 5645
8140 7506
9787 2955
8083 7670
8465 8543
9508 198
8805 9356
8612 6349
7829 3623
7344 9300
5569 5747
5423 4341
3811 3312
1802 7606
3731 5662
1306 4879
8737 9321
8627 9445
3466 8523
3417 6709
3259 8283
7638 2925
5625 2063
2037 2601
1900 3453
5551 9380
72 7469
7132 974
4931 3882
5895 8934
164 8661
7982 7200
2997 8900
3774 2960
9669 2814
1096 7191
6467 2927
1341 5085
7685 2091
5543 3377
9108 5937
9757 7446
8419 9180
9413 6888
2173 3349
2010 1660
5211 2337
7588 6343
9302 8207
7373 7714
1256 5322
4600 4820
9905 7722
9812 5940
5668 3941
6229 1706
9151 1128
6659 5985
9225 3921
7270 2423
4082 1397
85 5631
1973 9293
3851 7673
5386 7626
9300 1223
6043 6641
714 3899
6191 2299
2591 525
8582 8210
9337 8820
1156 7733
8005 5995
4770 380
1777 5274
7256 8851
8143 1861
5885 5580
3206 1994
9568 7622
614 2505
2755 1962
4260 1327
8203 8945
3507 3203
2022 6785
869 2843
5190 9529
9909 8873
499 9959
8809 8037
6249 7754
3334 3304
1649 2134
9755 2891
1747 7568
9530 369
8047 4501
9798 3789
6991 6250
3034 3304
2498 5364
4893 254
9126 7687
3997 1153
9189 5976
3730 9158
2461 5437
3922 3415
6305 461
8028 29
6749 8051
8903 7557
7698 4795
1044 8700
2003 1040
6404 429
682 4501
8539 7648
5152 6160
2135 2536
1693 4340
6128 2216
5630 505
965 50
6430 8286
6336 5344
2901 3178
7972 5239
290 6950
7989 5368
5796 2293
3145 744
8391 2830
5341 1683
570 3542
4233 3827
6043 2262
9118 361
6762 8024
6310 82
5426 3191
6368 8997
4235 4678
1627 691
6058 4525
3169 9615
359 8206
7387 6313
4347 5101
4995 2727
6553 4917
3530 5579
2291 8947
6971 2648
9081 9052
8594 9632
8628 858
1887 1313
8356 9215
91 3513
9480 4413
8970 9611
2275 6190
7642 6356
5434 6621
7889 8988
4567 8339
7285 7771
418 6857
2261 607
238 5850
3060 7206
8519 5218
784 4946
8459 6874
7638 874
484 4290
479 6608
9315 2758
5730 4472
3460 1101
9439 3619
1389 8026
1234 3075
3682 8158
359 3494
700 271
1840 3418
8364 5570
8795 2623
9848 3174
7463 6432
9391 6683
5792 4293
5116 5058
6158 1522
1492 8575
2952 1948
5022 9232
3741 538
4031 5055
5326 4099
7517 1082
3003 3517
6140 2232
5405 1797
4581 2339
9022 9219
9863 3971
5380 4813
2686 4978
9905 1537
3484 4177
9760 9208
9745 4858
9912 3500
3951 128
7561 5237
5106 7819
50 564
8712 1245
9935 1806
7376 3292
3615 8956
3769 3590
4919 8994
6883 2806
6983 4823
4031 6718
1575 3094
6594 127
254 1487
3075 544
4714 7815
8378 8180
5776 4763
2920 7089
6733 5711
1018 295
236 347
5692 1138
3944 5154
6329 2574
9292 926
4019 6711
6837 7218
5056 6964
3859 7091
4905 8131
2662 8572
9686 9634
3074 4790
6852 2605
9251 9806
6504 7869
9007 9486
4640 2196
1121 2950
227 968
7678 6764
3982 597
7561 866
7956 9037
3519 7771
6343 9212
5197 2533
7322 2380
4985 8271
4428 4173
2041 4235
73 7284
5831 7399
348 1064
2031 6951
3715 574
7523 6060
6925 4048
9436 5083
9205 1233
444 2955
5487 1899
4279 5641
263 9160
9684 9263
9849 1042
8325 1724
9123 6273
7336 4155
7458 5822
2748 9366
1777 1172
5219 270
1704 8702
9934 4654
3960 908
2807 6729
8721 5798
1309 7085
2699 5335
6377 992
2716 8899
5172 1053
1560 8190
4011 2507
8225 9017
6540 3110
3379 1
5054 8110
9115 5082
5990 1339
8068 9427
5224 5148
2232 6788
2123 6533
3876 1282
180 4851
2255 6591
1132 5351
7858 3814
9182 1495
4604 6082
2434 5721
182 7983
9416 7488
8826 9297
8723 5405
552 6893
33 298
3182 9135
416 8507
9709 7058
10000 596
2298 1963
5777 7484
8978 155
2588 1310
3383 9933
4267 5022
8861 3564
9212 3683
9087 7686
931 4286
4584 5991
1477 7315
5821 4117
7526 1893
8840 5529
7491 7526
1361 1137
7644 9619
929 338
6622 6583
7956 4311
4226 889
4571 6816
854 3438
7723 9
2351 1784
9098 8658
9127 3828
2072 1270
3150 6652
529 911
8399 640
6611 1889
8578 2394
8977 3891
4553 5200
6088 6932
100 8778
8567 658
7018 953
2736 2642
1299 9369
3196 8185
5806 6777
3429 5267
2529 8955
9594 309
2198 7279
9673 2556
6446 775
2326 5001
8284 998
6128 8413
5422 8383
9335 4694
7335 2440
8160 8422
2958 4986
1762 1355
2973 8763
7717 1542
1851 1853
5483 3663
6218 400
1174 5155
6507 9016
6365 9852
8264 4791
3173 2492
3538 38
8829 8860
7281 872
5857 6988
8342 6591
5353 3971
5512 7666
9518 3070
3084 7362
4113 1352
6507 9301
4668 1639
1490 9365
4155 1033
9876 6105
6142 3680
2539 3413
637 4970
1957 6171
2761 2845
6815 6650
4315 4466
3887 2327
6040 184
1536 6970
2622 153
1791 4394
110 7290
4674 9632
5736 4265
4296 4549
4314 1878
3199 6834
9356 4950
7794 5156
8157 8469
2934 961
3287 8824
5359 3172
141 5678
2182 3246
3991 2762
51 324
9955 4101
8365 1076
5625 2043
3920 2660
5845 6290
1239 3470
4977 1552
20 5384
6344 3134
1957 9305
2476 5982
8012 3667
6913 8968
1730 193
6869 903
5003 8132
9208 3175
5217 9719
2378 1184
7473 5488
8958 4574
6126 5063
6798 3934
3419 2497
8154 3142
5475 1727
5394 6981
5949 3486
31 2306
9560 4030
2161 6899
6425 4563
4281 7720
8903 1642
3481 3011
7584 2727
4141 8790
2724 3709
2558 939
432 2494
4221 711
7691 5906
9392 9614
8271 3639
7668 9422
2672 7830
8744 6181
3900 9096
7089 3025
2387 9155
8233 570
5711 9970
31 2374
9664 8434
7280 2588
9650 95
2352 1500
7465 7340
7331 1743
7516 2087
9916 1350
3882 187
5635 5012
4388 4134
3288 2723
9644 6774
6743 1520
245 5355
140 3125
2064 6260
6354 7419
5270 1713
5405 8706
6800 2734
4820 2735
436 4316
854 1088
2451 670
4803 6488
5563 6838
3611 8090
5961 5206
6912 6705
9830 2558
8817 3404
822 1893
3606 1523
6580 2444
1529 5362
4448 3379
4046 2701
3788 4883
5552 4900
1387 2590
9427 354
4795 6949
8507 3037
6093 7108
9665 5418
8821 5922
4167 8481
6355 5995
8438 4124
9485 2934
6313 6318
9018 3932
5166 6710
1609 9157
1746 7070
7423 2996
6296 1172
560 8570
5677 4802
6572 6653
8926 5341
173 1744
4090 3092
3567 6528
5813 8879
5197 3051
3334 2125
5187 4214
3371 8500
5569 6795
6142 5116
2640 9343
4264 2438
3591 3199
6203 9940
1632 6514
8258 5129
4572 1805
4684 2347
1226 8139
7541 496
8973 6422
635 7227
5726 4159
953 357
5473 7646
3340 3447
5884 8112
7662 7604
7543 5826
2340 217
5345 9175
7331 597
9295 6268
758 2014
8861 520
3293 4651
1877 7833
1991 280
636 3954
1599 9296
2742 6108
571 4938
2541 4977
802 4585
4801 84
5610 9493
6441 6497
2764 2940
1305 5736
2607 9874
4524 165
4350 2252
2531 2752
6705 6340
1987 3166
5626 8303
9592 1080
2408 2548
7132 8485
4920 9562
9054 1932
8428 529
9820 5495
7582 7544
3769 1124
7640 188
2439 4644
7395 1989
4681 1321
4487 4099
8753 3019
4099 6464
9011 4696
3180 6506
6067 6143
4426 8099
4979 1473
6967 2854
6749 4798
2273 4548
1087 517
5160 9913
1901 9878
1198 2554
3004 2933
5952 2036
8499 8108
9155 50
2907 3862
4 2335
6785 5326
6798 4429
3634 1764
6561 116
1015 382
898 5186
5098 2101
8330 2409
1314 3350
2635 5880
7915 4317
8776 8586
4987 2766
6627 7931
6617 7893
9570 6630
7410 9753
1516 6367
2834 7396
7777 4429
9614 3848
2301 5027
3787 1063
764 630
6509 5101
9417 3398
1983 776
3541 4545
8827 3321
7566 6519
9500 1795
1547 7135
9854 6909
4304 3063
3843 2687
6535 8433
9811 9808
870 8835
5816 3597
8697 7985
1383 2325
9452 4466
5362 9717
3038 9344
5862 4188
5982 603
4089 5361
8621 3880
3294 3942
6629 2925
7709 7136
6943 3163
1997 3871
7467 4164
8501 7812
6488 2516
3333 6235
5951 2291
1634 8694
2881 5340
2294 7495
2855 5214
5445 6383
324 1476
752 8739
5874 6952
6466 4812
8682 9169
9684 4814
8978 2500
5015 4536
770 5465
4108 8347
3392 3073
8412 5741
9588 2624
7837 7058
3440 8794
6621 3282
8372 115
3419 7372
8535 597
9765 9884
4698 3568
6068 5801
336 3675
5491 7434
2133 7458
530 5950
1691 5524
8148 5293
2350 7630
6423 2336
1969 2141
2256 3044
6767 340
937 2026
8261 1654
5221 7053
9205 2958
2984 1288
8722 9541
6998 4827
7128 7206
2729 3879
9171 5170
2799 7228
9564 1521
3661 9222
8617 7884
8224 2268
4293 5383
7036 5512
2564 2554
1863 8609
9896 1769
7661 1199
2377 4969
2174 1010
4888 9504
4674 1255
8482 4058
1930 3824
3045 4397
2281 1943
4210 8013
9748 6856
2367 4855
3760 3135
1743 1282
9402 1974
3172 1639
2959 3414
4423 1900
7756 1485
9091 5662
6072 8781
2604 3924
8321 8001
9943 2001
13 6953
3808 505
5359 9760
2895 2526
159 9118
1091 4637
2627 9561
2974 615
8866 1938
3422 3749
9410 6621
5401 8864
2787 1833
9834 8005
6357 7459
4411 6128
6632 6369
6129 4570
3447 8342
7459 5375
11 3606
3166 4902
1868 8990
927 2491
6239 733
3706 700
9563 2001
3833 5458
3462 2349
9808 18
2498 6170
2539 570
5140 9129
7471 5019
393 8586
8543 1281
2534 6755
5744 1708
551 4401
1486 3022
3721 6789
5141 5191
648 9635
1984 5326
1695 462
6631 8143
5064 4192
3321 5521
539 6555
1493 7143
8423 931
7686 35
8095 7309
1709 9781
2803 8645
1785 9546
1088 6523
6158 6926
8603 1736
8549 4493
8987 297
841 1531
7052 4050
6957 513
7655 7590
4873 8449
8483 2429
6089 2558
2338 6577
5221 7798
3695 5140
8015 7006
283 4783
2870 524
5016 5237
1885 1418
9300 354
755 2725
3237 6351
293 7711
6159 7243
6024 5165
7722 4642
7570 2112
6261 6411
7903 2791
6148 9956
1090 5917
6440 2782
8018 3959
5376 7807
4512 9902
8979 4675
7378 5266
2977 8567
2162 7670
2834 9135
128 4537
3000 6907
3317 7698
6840 9261
5568 7571
3487 2987
5768 3009
6967 6278
436 137
38 8694
9720 4947
213 5368
3935 7097
1118 9541
8675 6096
632 3951
7209 8803
2852 3631
9243 526
4448 9691
2677 1162
4170 7935
564 4796
4932 1136
6181 7352
2298 1321
6689 5901
2997 8862
8402 6975
3070 4115
4417 3429
8583 53
3683 1626
8503 1434
1124 9278
6791 2950
7236 152
4947 961
8448 7800
1503 6230
7550 4629
529 3800
9014 590
7564 9877
3991 3767
7195 6985
7037 4760
6385 5777
7210 7072
2701 1239
540 4685
4836 9491
451 7776
1927 9782
2363 5251
9879 3429
3580 6265
6854 6759
6635 8945
2712 770
4106 6978
1737 6258
2035 1143
4566 4473
5711 5596
6633 7266
3108 6250
377 1468
7602 3559
5161 2303
2083 9964
6228 5039
1797 2015
959 9434
6555 8431
5408 3670
9928 660
1802 3496
7968 8314
261 2719
6336 30
2632 6893
4713 9444
9354 3008
1663 2314
8629 4514
9552 97
2111 4857
642 7700
2482 3070
3091 7196
7855 7890
7737 9370
7683 6009
8727 5705
5734 4296
1188 1415
858 8365
7725 2252
4565 211
4724 5739
5835 3194
4402 627
8326 7946
7367 1395
8590 807
5048 457
9827 2796
8804 2785
4841 3861
8156 3883
1649 574
5291 5696
7947 2506
9068 9367
5105 8864
8409 3791
769 7291
5236 9162
556 9094
6252 2602
9411 9145
8292 7652
436 5589
9449 3448
3682 5276
2201 3957
9652 5330
7835 3843
9561 3950
9165 6902
7044 4665
1956 7573
6734 7812
3257 3543
2497 3641
9137 5860
3511 8259
3847 7429
876 298
1925 3295
7251 4557
9886 4126
4320 3254
3556 4072
7325 3881
4897 2720
6645 4368
8531 3204
6747 9730
3371 1787
7646 5595
3853 8859
6287 7509
7806 7699
7345 3514
4422 9731
208 948
4201 659
4730 879
4759 4108
3180 2054
2773 6008
9211 6176
5905 1303
9441 2309
7903 5627
4486 7087
947 8107
5805 7124
638 8752
4834 9502
449 1411
2070 1393
2272 1001
5109 3151
1557 3382
9389 8288
4463 4329
1984 4952
7260 6719
2346 1424
4862 1515
5973 3183
6658 5808
912 8130
7631 7295
5058 5745
7138 8079
9079 7127
6629 5761
9142 4187
8826 8185
8866 4883
9834 9640
6359 849
8624 3445
1311 5056
4590 3486
5645 7284
5413 1247
4894 6556
2301 3043
1121 9951
3429 5790
1550 6551
738 57
8242 7043
1925 5915
5555 3459
659 8110
1555 8265
3320 9282
9119 9217
6500 4261
5507 4764
1319 8264
1306 400
6702 9971
2112 8778
5329 130
187 13
7056 2418
4684 4780
4590 8980
7090 238
4854 5248
881 4996
4212 4525
8785 10000
1115 712
5327 644
1043 8785
5108 6633
1762 4097
4226 7219
7232 3442
2211 764
1895 4287
9618 6895
3484 2836
8083 3059
8054 8338
9214 5316
5315 8618
5681 7999
8642 2781
1565 1007
7639 6036
132 3024
243 5753
5546 710
7825 3826
4464 7757
1003 6072
8907 4081
3492 4486
9175 6990
8657 1545
162 8389
2739 3971
3103 5842
6849 1380
3767 1019
4043 839
2943 251
960 4285
4462 8489
2597 5136
1207 8925
9357 3599
4436 114
3455 2848
745 9963
4703 2111
2433 7258
9452 7441
5172 1887
2905 6300
3490 5290
5540 6947
7583 2785
1273 2851
7987 2044
7320 3869
3819 9193
5658 6677
5876 8254
8216 5464
3926 6620
3878 9270
6710 2710
4596 9681
2332 8233
3523 7501
4447 5821
4957 5414
8265 2030
425 6229
6449 6251
1795 7745
773 6619
4873 3805
9268 6648
9620 9440
8710 3194
2255 9849
9529 1771
6356 6851
4351 1860
4032 6230
1643 5149
7178 8989
1569 9907
2509 3955
1699 4370
988 4304
8108 2471
5470 2212
8004 3727
3272 1441
1289 3065
1187 5527
2377 817
9028 7542
123 3079
8227 3060
8400 1766
8024 5405
9359 9968
689 533
1188 7409
6231 1677
240 9295
9373 8052
9493 8243
1307 2645
4523 781
7950 2494
6387 6899
9977 3329
6388 6510
4627 8203
9959 1139
7459 2650
3182 5669
9429 8147
6175 721
15 5659
63 6415
4657 5740
4736 9555
335 2316
1161 9258
2508 4636
7965 7547
4056 2484
7038 704
1843 5034
7684 3349
5369 9301
7447 7217
7938 1150
3160 3622
6388 4304
43 3222
2776 1044
9711 4778
387 9463
4098 871
8418 2894
1729 2062
9118 8825
3859 8767
8467 960
260 7894
5110 187
1336 4058
4031 3047
3703 4496
7717 418
7814 97
4875 493
6307 7524
8395 5261
4507 404
8818 3164
8340 6235
1353 7935
8894 8550
6443 9819
6 5505
5914 7905
7303 7693
2188 9945
362 1005
1102 6257
6749 4527
2051 2328
3940 3055
9810 6797
6312 8446
4681 8627
2913 1003
9553 6033
2204 8158
3662 2347
251 8561
6253 5928
5872 7554
8558 8441
1049 2585
7112 6011
8338 4149
3555 5514
8662 2278
7075 3364
8343 1325
2327 1755
4140 1255
5765 1879
4226 6343
4903 5778
1705 828
8381 1155
5947 7576
161 3291
9301 6995
1143 3624
5489 3991
2620 4697
4413 4150
1826 9694
1449 2755
361 4152
2383 5588
1930 6125
1903 2960
3787 3184
4338 3607
7535 2168
1810 6637
3631 4047
7670 1110
1452 1126
2174 3158
3659 4071
3765 6586
9340 5484
5987 1565
3504 6053
2177 8369
1328 5433
4968 431
4038 1467
3634 9305
2293 1572
5618 1795
9256 2276
3401 9639
9148 708
4778 5574
2160 9158
993 4894
6458 7851
3903 6979
5348 9961
1745 2432
2862 3027
4493 6712
2369 6899
4822 4478
6272 4661
3288 6791
2781 1880
2587 6688
8614 8280
7437 7364
8610 7125
4975 8429
1760 5067
5028 5230
7661 3459
6485 6772
9836 6874
125 7330
8159 2204
3216 4946
8089 783
2662 6504
9543 869
5501 5248
8963 8156
1632 2937
7718 7572
2639 2959
8188 9477
2935 4018
7141 2200
9073 5771
9452 3328
1883 9197
495 7611
8393 5099
7954 8583
5803 1054
2653 3848
8356 7655
592 1615
5539 9987
2945 4661
489 4529
8546 7484
6035 3423
5545 2038
5366 5108
656 4997
2607 7248
8698 1150
6084 7351
8404 3003
6851 8239
5893 1056
9022 5206
5192 2836
7496 912
5440 4489
8324 7984
7758 337
8727 4359
9466 3303
4651 4092
7691 121
7623 3609
959 6389
9391 58
8296 9362
6769 6241
7798 541
3376 2142
3054 9342
3830 7224
1559 4845
1534 2153
6511 9317
8971 260
4351 2328
8801 9973
3581 2041
4781 2775
2832 4539
3900 4172
6764 7480
8020 7020
5513 4562
255 7747
4970 4918
9763 4084
2588 6529
2197 1296
1555 5451
4130 1167
1139 2257
4297 2930
2056 4719
5609 5430
9601 4888
8719 9508
2879 2716
3629 6738
836 8391
3309 3883
4318 5806
8686 9423
7070 3258
8708 882
8400 8624
880 2837
2119 5890
608 1528
6957 4174
5413 6216
2075 2909
1977 4131
7220 1305
6047 1957
5840 8056
213 5707
5129 6509
9766 8898
6131 2198
7173 8473
7662 4530
419 4404
2284 6132
6657 7378
9945 5592
4853 2070
2552 8371
6027 6829
8785 6124
531 2073
7780 976
7485 7095
5992 9260
7810 7250
2075 8474
3003 4982
5738 9736
5867 9773
3502 8021
3612 8875
944 3446
8168 4816
1644 9848
2323 4194
2618 6781
4108 9205
6299 397
6009 1592
5194 2290
763 3818
5151 7268
3355 117
6241 888
5260 5573
4447 9742
9539 5224
39 1743
1590 7706
8251 1683
4815 264
9468 868
7617 8922
6866 5766
4407 3625
7442 2059
9326 1521
7989 2592
9832 2680
8252 4229
3970 5091
314 2698
792 9860
3917 353
8387 8733
8996 2167
9386 3201
8474 4815
580 7002
6978 5339
7397 1338
2858 4419
3363 3074
2105 846
1426 3194
4636 6708
9406 1747
1606 4950
1654 6549
5282 1874
4040 40
9592 4277
9092 9778
3131 8065
9756 6023
7361 109
4527 7152
6578 6570
7416 4241
7434 8682
5390 5193
6940 2070
3371 1147
7695 4897
6771 5024
1415 2976
3605 7162
6939 1006
5422 2696
5070 70
178 5177
8681 2430
9000 1056
5297 5258
3939 2767
7959 9082
7503 5680
6826 1250
6147 7225
2248 873
3848 2917
78 3662
1019 7452
6499 7017
3438 6441
1617 1569
350 9967
1022 297
1906 9349
8467 2670
1752 2197
7876 2778
4027 5606
2831 1054
1926 173
3089 1430
1444 5773
9577 9519
2887 2462
8902 2427
3995 6324
6290 6871
3519 697
6397 3663
6333 5425
7621 4864
7641 4436
6393 1848
2901 8019
4544 9223
7005 4826
6951 3984
3502 8448
909 2879
5305 6388
9063 6163
3033 5652
6348 5352
5367 2903
8327 2744
3959 8051
8838 2299
499 7951
5970 5230
805 3399
4577 513
848 7809
6256 7879
7109 4350
737 7164
9678 8765
4416 6152
7855 2710
5613 7115
6211 3221
1271 291
8942 169
4472 108
1690 9440
9190 441
7305 2494
6654 118
4348 8152
8853 2909
6424 1456
6573 5942
2093 6102
5163 7340
4455 9947
9520 7127
3770 7017
7185 790
7250 2711
8502 1656
8448 5291
7784 4043
513 2104
6608 789
3697 1212
9020 1812
7753 6472
8925 5592
2931 6197
6144 4088
7566 3737
753 5663
2804 1335
397 4290
2297 6405
1695 8898
9293 7097
9200 5830
6618 6157
7368 2159
323 6666
3138 6387
1978 8075
4272 2062
2501 4909
4997 6767
8781 67
1401 5750
39 7936
4341 1798
7047 2335
9431 2387
8217 2691
8847 4983
3493 1186
7852 6215
8953 3815
8242 7341
5754 931
2191 8865
5631 8255
4673 7187
9288 763
8698 6073
4222 9326
1661 9390
1777 7621
311 7443
2425 9993
7530 5510
8076 2270
6084 5381
2721 7028
4310 4325
3189 8475
3081 6500
39 5171
5933 7753
177 9326
8652 983
372 4399
8371 6664
458 2148
8492 5033
542 9235
1504 6022
7754 8617
1997 3939
8264 6827
1653 6306
9158 7804
9327 4733
8837 9196
8521 5259
2593 9013
9763 3524
6539 2965
1464 8133
3166 3349
2583 6308
2329 59
5028 438
4376 6434
3260 7024
3329 8991
3147 4912
5996 2486
8033 2473
4083 4832
197 2906
6429 6676
9640 9959
4444 9320
2668 7455
3762 3961
371 1602
2039 2442
8876 5398
2421 6414
1757 8487
3399 2102
939 4903
7375 5746
6930 5324
8229 1457
8132 7126
3436 1009
6680 4123
1578 4231
8191 9347
948 1691
4133 4914
311 9338
5752 3008
1494 9084
7537 7508
2410 1244
6990 4827
150 6136
7592 3919
7396 8378
5739 5724
6198 831
1414 2418
8117 7775
9466 5956
869 5416
4754 9950
2957 1180
6615 6857
716 802
8398 4151
8977 9477
5612 1739
2009 9127
3856 3203
5278 9404
6586 9594
2012 1476
5602 7999
307 128
5543 1419
1368 1175
2354 6648
3504 4324
1478 8968
9470 4219
3695 6227
7965 8447
3925 9306
8861 9973
5728 7780
3726 4138
1965 8665
3016 5737
2216 7567
8985 3322
4496 4110
758 353
1028 3202
8521 4261
4832 8857
5083 7991
2789 8526
4184 3047
9371 6713
4492 3044
3533 1450
6467 8217
305 5498
3064 9482
9155 8872
2982 8400
8752 2
3203 91
703 6132
4988 8076
6066 5534
412 71
9469 5206
1918 947
3990 5192
2993 2761
7330 3874
9371 9459
5292 7634
2858 8786
3538 798
800 2191
2281 2289
4772 354
8429 9335
1221 9760
6182 846
6051 7984
8930 2002
7193 4320
7081 9271
3144 6538
2348 4410
8395 8867
4004 7640
4789 7604
9794 7541
6182 5588
5942 8426
4113 953
7064 722
1568 5333
3316 3245
5247 3970
8290 2245
1515 8791
5328 1722
6131 1010
9876 7676
1667 877
8481 232
7772 6455
2043 4626
9404 305
1258 4336
5057 3516
8848 4673
7918 2976
6946 8515
759 3164
1954 1587
3308 8625
9634 7282
1309 5790
3018 5862
6093 2975
9429 7850
2476 216
