1 1
999998 999999
1 10
100 200
201 210
900 1000
10 1
200 100
210 201
1000 900
10 5
587 194
20 9175
63 2056
400 352
8651 3640
891 8378
818 697
69 4551
1216 3562
784 267
462 5208
49 5722
154 786
94 5902
19 5065
931 917
7791 3246
85 161
132 428
29 9576
8814 9137
190 573
92 118
55 2348
640 805
578 4880
47 5266
96 834
3409 4869
30 775
251 134
32 7809
4428 8308
233 521
63 4524
717 8595
795 995
51 1554
49 245
967 601
1744 9298
45 1665
283 621
87 4536
5604 5391
996 802
21 5816
19 3899
784 810
69 4882
74 6336
905 444
4844 4851
66 4872
100 872
227 9425
5276 927
481 954
83 8472
44 4363
285 395
78 5418
68 9626
536 571
4474 5785
740 9272
989 598
12 4144
2796 7482
209 880
555 6718
98 9971
470 545
85 7588
88 5856
396 52
9924 9460
48 5745
781 717
13 2233
6401 5804
878 972
12 9290
48 2513
136 102
290 7871
56 7801
84 865
9834 4595
61 462
861 364
17 4124
4736 1167
26 532
5 9867
441 4653
495 543
56 3031
31 1148
994 911
658 5389
66 7968
682 286
72 2771
7561 2194
907 384
86 9217
18 3072
387 711
60 5118
433 2458
938 21
6883 8834
46 8242
676 728
861 7801
8238 6959
18 860
62 7628
73 1110
924 944
35 2377
88 5247
257 276
611 5017
78 4405
696 173
51 8618
3140 3688
987 581
21 8653
100 8845
832 74
62 7785
59 2750
224 158
639 2711
61 272
386 527
36 9397
5580 5850
761 681
97 7750
20 1029
996 21
57 9356
44 8421
818 338
3638 5069
3 9412
93 623
45 1390
4385 3953
308 416
10 1856
396 5818
972 966
29 8929
61 7716
203 140
2553 2718
8 9901
237 124
32 480
9732 8834
257 309
86 8452
87 9724
488 344
21 8598
961 7230
476 975
9852 4061
86 1456
247 212
101 404
1364 3775
208 259
10 5181
30 6718
177 115
5 6462
4 9727
509 290
5715 5095
515 4114
476 642
28 4588
6800 5212
633 276
194 3560
31 1911
67 69
90 5894
46 6123
965 818
3816 3538
45 148
708 26
62 2006
9656 4382
582 761
19 2858
71 2748
588 122
507 4985
96 7983
804 183
9781 4588
60 3398
162 463
70 5012
703 4683
636 501
54 2678
423 3142
102 855
75 5360
48 6574
866 139
9962 8098
99 2688
121 846
15 9560
6765 2062
820 798
38 5310
8 8477
228 757
1 2040
789 7043
336 1
634 9491
49 8522
570 478
152 747
5081 8238
401 391
42 1400
66 1910
458 916
37 8522
74 8760
189 48
233 9207
462 4726
493 836
24 9107
3260 9063
794 108
834 5003
72 4901
844 133
39 3776
5 5395
914 950
9762 7985
83 9226
696 590
16 5597
7418 2824
13 389
95 6557
8 7408
753 691
821 312
29 772
115 509
8959 7802
53 636
311 240
50 5681
3645 5790
366 125
27 4847
950 5660
964 257
58 5027
39 9063
790 251
8373 753
76 9831
357 970
22 5462
400 4813
349 463
42 1509
94 7961
600 652
74 6981
848 372
390 676
9948 686
8 8204
1 575
328 5292
1952 9285
937 500
96 4126
40 1428
686 466
49 8807
55 5262
949 191
1229 4900
486 6756
393 571
48 8768
5499 7253
711 37
88 6472
5 5119
309 742
29 921
70 4286
891 40
820 5705
13 2732
239 835
94 7576
7060 3002
537 810
83 6968
90 7459
680 234
597 214
56 1077
314 747
5207 4150
90 2955
461 391
55 5079
3781 5907
735 859
96 8884
686 8411
572 932
89 7407
66 34
842 897
9551 724
54 5553
614 191
34 4106
2746 2862
938 965
14 8364
67 9305
924 868
98 9753
896 2194
358 268
7592 336
66 4262
929 993
34 6859
8940 9084
95 315
75 8814
28 5770
611 416
78 8250
69 5302
196 629
8253 1380
924 1963
125 705
72 7364
7454 4606
313 808
324 2712
1 1689
646 570
96 1071
92 6668
624 732
9091 1182
38 2660
371 779
16 9410
7564 6258
487 686
88 4402
61 4612
311 932
216 7362
59 9852
675 302
9180 2639
45 3563
43 537
77 5387
8801 7435
923 394
32 9909
289 5552
8 389
13 8107
17 8723
665 62
6576 9366
35 1452
154 513
9 3969
1620 477
396 839
69 2350
84 8593
811 711
71 3239
273 4970
970 84
7954 9127
81 21
605 169
336 7064
7798 8935
345 474
9 3981
49 8254
999 547
19 6656
2 7596
878 17
553 7885
255 7354
627 607
39 8961
8169 9560
155 864
496 8442
6 5014
80 556
73 3358
19 5459
602 974
9031 9259
8 5243
69 115
12 3107
7811 6293
727 664
70 9251
95 1950
56 645
954 5344
18 6423
764 136
2360 6695
45 4499
405 654
20 4434
1313 1081
781 158
14 3105
608 7904
959 550
54 5483
25 9158
943 348
8374 8157
81 2960
605 655
61 7683
3232 8806
590 806
51 9041
82 5117
905 245
29 1020
538 6158
89 265
6084 5648
24 5357
251 715
471 4639
1356 6148
104 436
19 7012
92 1755
179 893
47 893
96 9018
899 830
8374 4352
920 6729
541 58
7 5711
2894 6674
653 22
945 1927
60 2257
128 339
20 3564
86 9537
458 138
215 8719
78 3566
59 863
99 3790
6206 6965
678 200
61 1724
19 936
847 364
283 4514
8 2698
746 966
9981 5281
86 9349
456 814
91 816
3199 1083
201 956
39 515
330 6760
950 184
79 5105
82 73
798 528
4020 4517
91 3683
428 479
43 9974
9992 3185
970 135
27 367
54 9753
911 920
11 6976
390 4717
636 226
7069 6566
54 6689
618 372
872 8961
5981 581
484 711
62 7772
7 1926
752 29
51 8656
88 1100
253 466
3645 8089
573 2841
343 803
14 2240
3913 2055
349 958
776 3354
5 8189
91 917
29 3577
11 6133
258 812
8026 91
66 929
271 877
78 2729
6089 8736
657 976
46 5884
85 5159
800 215
83 1159
57 9847
986 27
2940 9010
28 9324
442 238
12 5835
4313 7344
348 200
15 4138
130 8298
792 462
90 5159
29 6768
156 796
9573 5861
63 8223
268 419
3 1278
3703 8091
746 845
86 2664
95 319
704 150
90 5948
520 1558
397 176
4021 767
6 3061
392 907
556 622
2983 2068
716 433
85 13
98 6269
477 394
21 5909
98 4967
216 58
7804 2652
961 5763
557 273
66 956
6372 5402
155 826
231 487
73 3243
97 671
100 9628
93 8648
242 190
2546 6426
50 3022
856 969
65 7646
4687 9996
751 439
66 2949
24 5146
21 394
731 3062
31 9902
803 554
1459 2449
34 3271
9 658
20 1583
5780 3166
212 542
30 2774
660 5427
32 277
46 8361
80 9896
175 137
2726 5591
32 6543
556 178
94 8875
6919 951
427 821
95 5464
74 3227
542 726
29 3523
312 1411
68 394
2419 3680
98 3893
93 487
972 3392
4241 2443
240 625
4 3012
5 869
612 750
59 8570
62 4682
183 932
7058 7655
917 5553
944 210
95 5103
6881 4897
798 550
691 6543
55 3108
189 102
59 2407
78 2374
904 237
8429 8225
84 9516
906 630
37 9640
5912 1961
672 298
27 1311
82 1085
331 646
284 7063
80 7257
450 447
5788 6332
52 4718
956 234
41 7008
692 9814
189 959
95 2587
961 6406
420 178
89 8483
67 8633
75 504
3049 7232
5 5494
44 175
40 9879
7748 8513
695 152
31 3503
11 3280
646 169
29 5556
516 6061
116 196
1097 490
31 6504
377 239
630 4391
9821 8369
672 679
8 8406
94 9141
243 183
15 1545
76 1452
994 904
7826 705
158 9789
819 196
29 8894
5166 3641
935 615
227 7775
84 6690
270 924
67 4626
37 3069
456 85
1020 6258
17 8151
294 616
59 8562
9750 8364
332 10
41 3253
36 2779
929 171
215 6684
70 7506
668 784
1705 5892
66 1528
334 525
41 6302
7447 1612
673 604
19 3851
151 2080
684 50
14 2071
38 8183
960 728
8081 5436
38 5555
154 494
10 2901
5857 1989
810 241
67 6888
79 5944
703 406
64 486
334 1423
301 783
2649 9460
27 3972
893 25
122 1818
7862 3682
96 882
44 9701
81 9416
373 227
58 679
91 3663
836 826
7663 5188
880 9078
911 330
75 6580
1535 8846
639 406
839 696
9 1792
905 371
35 4133
56 5853
54 316
6502 8455
58 6899
267 870
8 1182
3525 3649
86 594
30 797
37 8693
291 67
418 423
81 3596
409 119
1105 4022
58 6256
782 250
90 6447
3528 7776
857 983
78 8828
466 6046
123 915
5 8427
21 4086
473 365
8066 5055
37 3403
305 328
36 7753
9968 9691
43 501
89 6907
55 8932
39 384
31 60
537 3401
941 397
8518 9063
17 6433
90 650
356 2076
9498 2471
415 38
23 4390
45 704
799 17
50 5724
66 199
67 89
9415 112
333 6106
394 549
10 4765
5448 7503
240 404
795 1426
9 336
269 839
47 3147
54 4379
352 85
6337 9611
3 2305
712 543
31 8982
2822 5871
860 302
71 5673
20 8399
807 689
448 3783
45 1753
556 752
427 480
49 7781
262 852
98 3247
9981 9711
220 262
50 8245
4 4619
819 464
48 3473
47 8297
363 887
4590 1996
62 3376
620 169
75 4998
9609 8358
812 698
71 7416
81 2434
508 501
52 6525
536 18
273 468
6549 5136
92 1397
636 23
110 612
4097 6584
720 494
72 1166
28 8485
55 573
74 4905
89 7012
537 3
8903 710
876 6332
22 348
22 4815
2946 4729
720 806
715 2108
2 7471
770 242
67 6715
62 2746
227 256
8781 5088
30 4569
242 111
90 4900
2324 3032
637 979
53 847
87 5287
949 538
219 643
60 2138
737 406
2223 839
27 7324
600 98
13 7694
9373 4967
405 766
65 6338
751 5895
469 200
67 5550
7 4478
327 921
897 2070
71 3427
653 231
22 9697
6404 6891
526 247
49 4291
27 9837
373 958
11 6895
545 9747
492 694
1276 6779
73 1173
346 999
230 3328
2582 3799
888 132
6 7173
16 4834
956 584
14 4162
1 9393
268 242
8884 1031
195 899
491 873
60 4706
3227 3503
130 358
305 1873
36 1390
118 698
59 5966
40 5111
775 996
2742 2242
25 2480
496 814
82 884
9342 4036
7 154
81 3579
50 8844
998 559
608 2040
89 1693
575 985
7610 1408
69 4407
464 209
76 6993
2496 1576
456 977
77 6910
743 9783
135 310
51 3754
56 2485
687 458
