819906 315781
273571 78679
609665 351579
894600 934638
452674 659710
341401 370052
934730 591804
919891 309129
544347 933436
657054 785138
13206 840761
867707 599037
677691 532954
105945 432098
400012 612720
540103 771416
385297 619467
616516 548608
634036 591289
431027 300722
53452 229980
603947 459363
235255 315239
44650 379760
798687 869237
778857 94025
402528 183494
236234 17405
290432 592598
339118 510557
623132 269468
3235 884624
970340 947932
210938 342835
660413 856489
78007 329642
238341 806459
395682 698312
679475 176040
480507 692631
651739 723139
952202 452932
329105 137614
349652 916842
66534 119580
850602 792569
99022 177480
50843 967298
987810 543371
271561 873251
394368 658174
745817 748810
794448 508205
267460 34535
877026 187092
912011 749042
983027 541049
224775 416726
600655 262885
300574 421497
940624 492928
127058 120169
344260 977928
981171 785764
391660 576622
326069 611779
813025 45389
301788 596741
595858 564488
633235 470516
205672 547134
498653 792886
838538 525932
331875 175987
132732 355296
206187 383645
496290 869654
621609 417376
791011 141937
470448 896104
919977 320279
881601 613898
802692 85545
223428 879568
470830 652766
424532 876004
113001 302523
634933 142679
872709 215793
964065 589903
443326 961939
631615 450187
959169 198002
841653 620436
774415 402710
33492 216643
426171 541532
114546 336297
815053 787367
456406 257502
337993 411652
589195 17129
388489 981726
703575 698121
233223 399450
700102 776670
389751 45904
932447 193527
199121 276583
726712 564857
328556 638860
381093 260328
367302 118159
678284 595541
669280 135962
931796 732004
91718 994574
274364 60409
918829 199099
636040 173695
375732 479228
641301 774292
438733 961262
963918 950549
130485 725131
424823 381761
500127 506726
873831 30476
347951 357893
854355 788163
823649 635926
66180 428310
821898 896528
722923 940615
929975 715047
113355 637614
452210 55083
129428 307942
891363 963582
545744 758680
121426 66544
875318 432801
921610 622009
552540 863843
821209 24594
501450 120933
825781 515632
208426 862312
364665 821534
821467 654471
359628 661686
508836 32521
596514 439291
133317 562311
59484 448790
555242 130868
88779 367723
757433 623566
869458 875928
748874 969760
910633 67786
249718 429617
265086 243323
36616 237389
573046 790476
525265 836461
552913 930554
438424 844933
299947 457984
915245 93227
331550 342025
612574 698719
379973 246417
794371 451771
647196 333399
239796 596472
709443 59009
427483 66394
387489 449676
712356 840058
885861 322349
320273 293166
219304 438409
503849 494806
102254 85134
71696 227910
320716 796588
328882 825355
627875 567668
743321 786780
937162 265739
884063 246367
380554 880586
913149 735508
146946 998646
625473 949218
780075 757783
529438 368764
647350 71415
839646 906544
470738 396088
599154 571788
804297 846674
342762 119149
490826 55337
100671 900261
862721 863495
998862 936648
668450 506747
105056 299475
50054 530189
26916 229754
455980 852188
786878 269069
631584 311191
656760 930950
962105 484372
236182 167473
778171 435600
756104 851768
881949 462404
617081 875338
731686 952992
87621 672424
695537 200678
300167 853644
273935 634918
899215 737846
275019 798610
676467 667668
820744 186429
139069 817805
56071 920053
281474 531370
753477 528633
456402 826145
501889 754457
207627 5248
359387 876649
275272 514291
752088 189473
674359 65649
675330 500628
937160 861577
561261 618315
218178 270597
65620 455422
918256 637496
239009 916654
819000 956905
782731 405089
256651 534300
926234 368315
737208 766713
491206 56886
290908 80348
239869 173246
351412 37944
171076 707116
27667 971368
220917 562844
453422 695828
802662 466989
319829 106108
890154 6932
804668 244452
146481 649501
470776 928604
480011 869376
4805 299179
517321 527580
928963 387992
158404 573779
844674 631444
264503 427457
676338 423943
529287 720281
296381 827637
51684 350430
154800 555789
770695 780027
109140 599758
220315 838401
855707 901142
183224 782203
250166 746185
639754 214510
606852 97434
326672 872050
201892 632377
623105 875687
965931 243417
833865 182038
615153 904029
187696 334822
413318 177758
864476 807352
905794 959067
649581 828063
341818 794750
385350 754431
375695 913287
815276 281473
80992 964184
565702 783408
522719 445659
802116 128243
43265 672275
588380 28327
964431 209854
6704 430040
438554 377892
403340 466333
531212 129920
57291 835981
293529 302023
699801 508385
559955 10137
281426 61864
30365 373123
132937 37985
146679 278639
888550 126392
7225 497577
426919 776032
97051 855822
81991 753481
871728 84819
564219 116415
625395 711471
641497 574239
460154 814247
849364 511542
200839 290868
694882 703095
929278 401682
117502 933337
730160 73383
971017 150539
423317 665294
412364 547157
225177 228608
283544 636748
306317 490719
547086 74801
940734 314142
789499 692968
489635 511119
942427 918352
734000 942154
467391 716611
205895 95415
54537 106795
993870 125561
882835 893759
206619 153527
226799 961305
864140 592264
169737 508854
98932 260987
710185 846345
685424 656896
65173 759356
583447 645685
241939 845380
682831 157009
746764 469663
788093 305383
598540 400173
392020 451864
803622 39912
614927 682904
921781 3458
556729 778971
91197 879514
856681 823771
635183 931162
568332 931145
762187 546735
812506 988301
717984 336038
747243 972604
915567 968224
418722 509014
284974 656754
837511 778616
715944 957339
159347 653156
257729 230242
696484 514731
68824 811532
113905 964853
184197 657463
639959 74989
732225 891927
541553 818635
707557 207690
509510 973695
414731 450841
711037 938039
998033 447117
28715 729869
589628 380780
76045 884176
21432 951503
67921 899822
900349 329761
201742 567803
3086 141174
540501 183264
877212 313605
900063 756578
743495 522948
178917 563854
19460 502558
620687 624511
428569 759956
152388 251147
68293 274285
715424 714064
449022 652251
231044 524182
622802 351852
856134 692193
147439 787113
576713 958742
400190 747983
976104 108487
72361 459687
469836 200413
440062 914372
723294 139425
623723 687129
318997 749031
269097 969780
525168 770839
659766 618843
942912 639449
589050 620994
855133 248029
991307 916965
434809 299140
654796 45512
605777 986926
374192 870665
100351 713569
309660 931934
196013 929298
853739 557361
825124 237460
84683 715541
983426 133850
646276 478499
972554 129450
31065 95030
41813 8225
807687 455167
460519 343517
818794 486789
754781 945738
40383 209148
358914 491084
176708 864257
702784 730886
825212 482416
566515 526917
180111 533027
995033 717901
308237 753735
952934 857469
590099 402972
376500 250017
115398 708873
706008 654484
649853 706649
560976 486736
300603 78742
128024 845268
237209 147072
630747 34800
113411 900970
958087 707760
426585 672946
819641 916259
558901 133915
658968 910087
398988 627081
792829 185362
828525 271256
60304 990623
581735 55704
452718 49012
809736 730985
819334 180140
973631 86320
452355 274438
784419 633075
422819 643720
95564 157655
560999 662609
860639 794419
740835 250490
262184 799504
566773 85672
459680 371712
983058 116594
837325 788311
960892 189993
632904 638091
20496 955336
344218 670756
634875 482041
974720 768799
224077 955778
358862 406437
540966 137418
513136 47395
465100 235660
609931 175429
653023 162839
289346 545620
99811 621695
947476 433258
574013 27108
141474 78862
569785 737628
133710 97392
675592 670080
660608 100162
161159 369040
228994 816304
751034 344196
756171 360254
427479 477616
811801 704445
370815 628242
39991 620202
171656 423291
253982 245603
770677 773080
339832 217991
440583 278109
887167 267945
553580 647053
32196 34415
379350 33640
674700 491085
704935 428273
108693 385626
142600 601242
133558 729356
57113 540750
934500 470869
926402 278683
367441 906649
193192 851963
168558 231242
439164 546173
521554 547170
437997 656725
991859 403452
657662 306748
627664 442384
983218 349125
136945 711881
736227 960638
504326 981317
749105 283647
971949 806248
460376 334674
576527 403165
835035 403134
558505 956715
875869 756466
134889 492207
198478 870027
675502 721852
811074 443202
426034 938827
48093 680757
779012 174176
449067 572176
123309 802428
572428 346904
809717 43833
370892 783700
597694 23941
16657 653464
657485 10237
337006 516143
362345 392869
819220 700388
647324 20930
406951 812653
822102 294485
201199 961845
810993 500532
308453 136901
164240 533830
871277 803790
575520 214298
328548 139413
54272 633700
793358 226491
226109 41302
77298 834280
831798 135767
706 37140
764575 967907
890290 378161
655712 838271
491497 75833
673373 805847
546197 763279
450193 262070
11545 92820
253075 570912
674530 938953
518011 547983
216919 934236
657182 871369
545774 218897
493364 10202
632412 236942
486875 626483
245156 348483
510068 257119
151633 566324
569836 2718
635263 681188
709781 698272
278675 297824
350514 96799
228810 162789
894482 70937
931183 760750
746003 256361
335974 250590
754056 903297
616678 549639
437301 502534
228484 640853
451511 250952
435370 662299
926272 256413
719782 721655
189248 415577
95711 445923
338656 848107
156066 146651
403624 281239
235866 106279
502465 629644
465822 211076
35476 175265
367333 818483
506128 231217
107348 223133
431563 946959
630648 205921
442368 578664
565775 369596
976759 153972
303361 303636
241218 613272
238700 531169
871459 480924
902557 608696
328523 371076
532762 606582
300157 185549
339356 65733
559185 133
837786 109838
223893 109319
891968 159355
314062 14674
454270 484199
231644 548806
760253 27365
60283 408186
847853 867114
584230 212476
458938 545688
655702 56550
165853 844263
321064 884633
102479 516146
270620 162969
8728 590364
343673 239045
150277 694045
754254 132465
497015 75949
413268 992098
423448 959179
870064 771109
648553 291050
453716 684108
290615 141241
366213 364422
771373 803469
468791 24026
962178 244206
142036 654592
514898 529339
665372 854812
554763 211834
331557 490968
992702 816704
62020 754012
429013 727929
98756 475245
388388 78613
875795 83423
662104 773008
935741 766200
804300 945564
274639 79075
222714 906412
900765 433102
543886 997279
121056 663904
861334 13959
607287 894106
689430 508310
645326 367945
972985 979300
158556 8357
322209 78880
220294 815626
71775 18576
581857 70352
169790 965766
60437 561033
899450 228129
764381 821462
841230 555133
319146 44966
254891 450936
41447 656333
571332 996834
759576 726716
257798 894848
682011 888291
916582 895549
563153 277280
460562 282478
232214 103202
536073 852736
697067 270879
105926 281153
633397 457838
191575 672903
956255 708289
412621 622209
229658 105091
584140 783704
527876 409674
788162 921729
171942 359993
510389 949218
180696 358389
434484 582238
112831 242946
620719 104639
978807 778873
341155 712063
52107 949288
341357 383923
116769 315078
223104 589397
892723 258257
270450 729644
353720 851718
634288 775066
610529 379388
287890 286466
606335 643550
79306 45971
443585 770627
94005 803894
289883 460332
549780 728592
64899 748633
457684 204020
267413 856008
295497 622952
713495 25931
507450 971858
354134 547013
626325 3840
580079 429697
404163 237329
514794 210606
501590 52674
433664 845307
521055 266648
174269 691723
566109 585831
906112 316437
126864 90110
303072 727131
255339 609584
860969 168965
539879 319551
116036 741786
32500 509286
408372 206362
128650 983107
266877 193786
445534 469599
318815 459708
470129 230812
263104 53931
232898 699642
585383 309936
921828 212741
607716 244948
797738 264159
525198 363603
664510 477157
648420 645465
554001 594113
243925 650780
304620 710924
569180 977045
439974 728541
665858 405596
176046 455283
654407 859359
420360 292603
790171 253310
411093 898878
781063 407879
330954 149545
459561 892041
209859 713210
206812 581847
868976 349765
90422 205467
826733 874848
88683 86483
766448 770289
268046 285037
304348 439506
617720 6331
883442 314334
716481 587731
769319 225115
347627 449734
606288 951876
82911 569915
585657 807857
248143 142247
107734 738021
385530 581547
401809 76468
371598 262025
826626 507855
307687 47748
270589 5166
234678 804500
855812 247192
118653 235459
862109 362898
164214 188647
938367 47394
170835 619836
823782 962366
741537 409501
648134 363478
55238 165919
360412 306747
880617 130059
879839 608810
11504 57973
209429 612665
913572 480381
482115 153629
385458 641826
965117 57814
777099 782462
666459 422839
41386 494434
927308 634454
707637 471374
489348 5772
981757 457101
137169 36265
885472 218859
598219 247351
220430 105684
531562 343529
258088 784715
601394 805153
351620 233155
342921 344539
412237 567006
984169 789305
264520 514623
907248 73963
597489 717390
945812 391738
45059 624391
514485 601330
857431 993215
57355 208170
452132 561781
999614 264753
391781 247249
237973 373079
521176 352572
43974 493973
595042 947995
846635 533274
996816 941033
594710 915187
220088 843311
919547 661909
94334 644771
306060 438474
266162 133723
642658 992758
649047 444908
490007 8133
120383 467939
541616 168180
608017 128095
38967 967096
723309 441226
344232 926542
356262 475122
42625 600352
771118 991880
910908 44241
394959 497715
967321 98469
847829 966098
129620 761168
197130 50509
757430 502618
968089 604630
918792 171051
520980 334978
607970 862649
302417 570174
604705 206027
644335 62639
833719 663528
246839 411882
124060 287585
587165 486797
96610 559672
890021 167864
457766 210796
466594 204075
368930 183266
698841 446206
580512 931505
568005 255735
489225 789770
264500 977291
63708 781634
591 741236
363578 845694
991862 24555
441693 884154
636554 619203
281513 758
791684 945186
514971 839677
205122 265948
738718 673363
64418 67757
215868 225978
137543 854547
309425 587297
335417 523526
976348 412138
675625 692309
611727 750102
664785 959262
396357 273744
714554 530282
483123 127507
803415 650595
615479 212216
387663 505586
587309 41248
168344 169337
278369 731130
213503 80170
357406 82481
420292 503426
649957 541813
638433 886054
887801 197989
239595 225432
429271 64763
