11866 275177
270358 768438
86506 901225
978882 353264
648836 711212
827482 780557
125286 97480
104985 773565
895071 415717
11176 189564
494146 355607
494387 448225
918773 510241
170625 442320
69373 911927
325687 299645
288445 119754
439440 498866
939712 798365
248161 622985
446431 900331
725088 406170
113215 389264
758391 43135
327930 656443
351248 275337
796400 31921
590320 909911
789079 513914
980358 609341
737505 760610
527932 580314
864291 615806
844926 761088
115968 892887
161147 218134
662066 678845
678293 55092
826685 615086
302473 630672
127973 612227
163624 14451
455067 255899
905068 645974
587126 710974
891685 459964
265618 882888
136361 903745
52942 368609
314264 592732
666007 531791
692485 477426
334457 170746
162879 403369
582319 926874
730284 955506
54558 180169
125216 53283
857629 457992
986595 216891
391820 517064
345472 516984
358150 962728
581151 184006
355035 770706
290672 364761
402673 985957
469725 542247
71563 337094
837106 729058
534761 306288
395327 477282
601204 920170
774771 566177
762487 563324
604806 146165
334348 829187
91805 685244
477278 963763
178852 409323
177071 263198
224961 279327
931147 23247
388180 965683
300922 782679
584993 279928
503670 441096
356338 505366
826783 796473
70621 162723
581038 955262
343326 989338
241475 709309
468663 560262
703224 246942
439069 893746
646430 643238
264736 272809
20049 965116
338705 12451
306659 645195
982218 561489
114893 190104
960621 238004
727141 316548
872151 39457
289086 506411
725665 715184
142742 537150
769647 763070
612887 308166
480611 584414
861712 85903
730178 185271
967087 817530
761833 246703
46497 13399
394968 900310
558826 797752
913485 388976
32465 104699
841680 53127
195816 213844
658698 220126
872302 508543
731540 892843
43987 717002
22938 123684
475201 905552
552642 379033
348652 873349
5037 624002
990931 900943
262998 564933
309214 751058
270593 175019
386898 253675
351876 228787
254553 547768
941880 646553
364864 593882
773013 282873
375365 377366
97769 796805
283049 975798
769975 860624
125314 181775
610436 54311
558982 214273
11748 204244
453029 894116
846825 663701
702168 520112
362684 566430
300532 123128
25575 796055
280347 404904
285278 46548
884489 52942
606079 622187
691058 802177
669386 40154
19242 599848
320759 434799
243041 685680
433743 639500
926965 658417
560076 416255
198935 243078
581427 157764
800484 575834
644126 103044
542134 808325
387915 707404
168972 350882
442462 218452
196591 579838
853967 995757
499282 525613
948713 544316
536429 476308
432796 107321
986950 408856
895329 627858
587078 336198
538379 220258
749978 669015
500196 646266
405536 900653
307205 506494
276760 747290
784426 369711
137689 433118
230319 307647
445470 733322
328965 771385
352531 748576
755704 780386
591375 679187
289894 828545
684032 853664
910186 956256
448007 407770
918692 303443
654832 371306
687943 207358
973391 708421
323447 677679
181654 937449
54800 775813
329491 543854
368844 254794
120198 806563
548347 609721
994467 49925
165952 363545
887724 959864
313339 40428
873723 499446
656117 600099
996298 893136
789676 661180
550467 751293
120671 459181
97048 136139
26437 426323
938881 965466
222555 440104
748397 283790
130446 446960
148765 238631
94184 732482
799348 482858
416034 1210
172532 851257
685698 768179
711266 113086
304428 687782
978767 801653
258178 767205
435671 120030
967494 580879
293608 331194
497627 832149
199231 333216
207105 371322
799375 749977
904391 448289
872641 585134
712089 604790
100525 299625
247092 622262
763062 946085
726848 346285
794185 540774
717170 567141
44074 244879
803255 100227
890841 912598
681402 668246
284019 439724
516426 869696
166163 500192
618389 68168
340527 992750
87374 642467
125771 934618
471734 520980
218834 775088
971000 655648
88934 781298
201628 806393
972150 253267
80126 587831
284147 216335
219624 592454
676396 128692
984623 281742
210481 664904
537327 325577
931315 826383
197596 872223
804703 302469
80701 830249
917529 24894
773355 715279
391041 396573
700601 204385
987413 83411
591509 185103
8974 810994
870833 55689
116980 753015
566274 629398
857552 959111
769030 106306
334889 262210
583324 811240
185515 933877
523026 578173
85231 460530
689775 747165
945758 915531
486032 392188
475386 164359
520727 122538
590341 239616
562691 51938
22255 562924
24473 576128
722648 814156
948429 750101
837099 553139
423445 922610
678201 71936
781512 899929
712642 380744
55726 996215
303441 985489
479089 259152
559060 867131
94357 513304
200757 118540
658037 706562
41320 741487
26582 665248
101270 935111
831701 389403
461903 76127
404113 288174
369170 359249
207208 63586
613034 611180
700885 405031
128228 175884
736995 501228
901019 271448
565653 647467
974247 827388
358682 375869
85179 424980
768251 868392
794033 810327
410609 381606
990189 598401
10627 983438
640441 489567
347834 257512
212136 322399
395730 408274
469577 718538
41302 586349
310309 41317
413467 223965
470622 284769
703181 446585
535781 989740
883650 768597
891996 451576
330572 36705
572347 11298
573784 335507
50732 309151
553779 196448
524886 88955
704811 791057
881920 213347
392171 982123
170998 221509
212776 350813
181198 448798
25517 807140
765133 461962
691082 419861
346060 826507
44881 205854
780479 857650
268441 499029
366946 201854
162128 419534
732965 168162
384487 38719
206763 261149
585034 998530
846187 273838
613002 612710
406166 252660
248874 148583
685965 162068
842168 840518
627619 594411
171722 767962
297686 530877
575032 115597
401587 977820
63143 838216
151166 402874
515742 626714
93298 33340
229246 434763
538529 331328
31496 367684
830728 486301
348097 803717
478717 846462
332335 114309
310594 472016
77899 72478
800468 809693
954250 36277
12952 969247
741314 597057
87685 840743
688109 323641
105473 353778
361151 342433
340659 299322
991991 101558
126568 915691
908760 842708
410917 664947
191703 116858
746704 48468
659297 133443
745006 75526
5256 398783
992052 55878
355479 653016
504117 287696
341555 142800
933675 582760
62304 473818
124562 342756
120124 989974
493273 55961
623660 682028
753526 175964
216117 266160
531790 785079
346732 881440
80308 642165
602235 913276
772411 93509
190849 878062
125804 256961
598440 978666
289981 390776
376205 834683
845918 239326
785096 871531
41687 957446
54850 979037
3460 846545
339774 775178
308022 715072
541744 140944
102749 702192
308733 178224
581325 687155
14908 160314
610424 762588
574141 750912
990358 9304
607281 568643
112539 300747
204460 591537
655884 728879
47335 732204
584517 674143
260527 668870
728846 688835
385282 804985
67172 14903
248209 444355
434351 476950
651365 498681
703246 257956
196617 269561
136187 633374
397018 354590
504568 981691
804557 769907
195022 390754
360507 684183
181609 756624
212494 644202
559915 457315
815382 374191
586829 386851
961449 840763
421970 426623
703917 87619
689850 490164
122254 388256
796365 433749
864186 341812
789773 140148
394447 815728
181120 326980
150721 732286
975200 861682
209015 625127
819316 884594
320554 985935
506530 147384
105113 410727
253767 433157
934556 165424
484030 95968
317161 926390
610042 630449
630325 896443
997210 189485
563059 452515
578720 175981
204388 307159
437527 53457
377653 595085
952997 58253
773665 991063
573583 806221
821299 351151
848351 909552
588670 832801
551358 253787
928595 557547
714658 633595
951018 505600
726096 97102
367153 229659
839517 277139
439158 659204
748842 778611
815639 604967
681932 298374
591464 586761
430158 778568
378389 819191
258990 668274
351525 240849
38132 798102
458898 912313
564483 16590
5710 677781
92678 60597
512013 859309
519839 931536
663315 287592
488620 331534
259125 639118
477576 394518
546223 169683
644599 421372
229944 373348
203782 451377
277663 740020
915130 700320
558846 687746
1245 654587
502647 364616
336952 273387
796763 248281
24391 964639
127987 305263
518181 936336
622607 151587
322354 692547
159347 223411
6261 912172
91245 203750
798023 398515
562496 815416
619568 27766
667204 193010
156940 926488
817779 808312
598151 545272
520670 927532
442818 431142
774991 350665
712464 171027
18387 279878
425246 235141
507477 428226
985386 902029
369894 314447
58431 383901
841511 676798
93250 322784
521952 831878
733438 691400
706589 161473
637816 893516
398372 61470
462992 594648
354023 69781
660004 101781
439129 151691
753467 198994
617273 296424
19967 93817
803034 968669
993603 639754
108403 746159
449883 645270
762681 776694
388082 181206
39837 559981
181328 896609
250516 824851
702522 354244
610990 956255
551099 736644
985364 884508
781127 441241
10990 632550
281613 144555
641950 967881
940437 940225
21298 624194
722297 141648
515202 551210
422675 486309
838838 673975
611307 737752
277069 316509
583599 271723
144164 852548
324231 530528
867979 353514
872970 175522
696409 797505
936569 125228
757955 13212
237860 293508
428537 247677
269934 323138
851430 977237
602901 592944
603109 563668
108066 770196
719075 663220
396681 77923
174560 454172
213761 716774
487670 489821
617446 744202
304068 717744
982009 753942
58359 958353
887046 185108
350991 642121
800367 790942
475623 195158
528855 991540
269266 513006
884627 407360
632965 924608
654520 899714
804503 757423
47718 85075
154612 722764
357779 128184
169577 19310
907349 64287
447685 307624
899620 178733
694329 534012
771949 809347
870473 518098
934218 856873
74995 636633
934083 949293
246958 620380
691342 383333
275113 357568
630634 416071
13979 916194
858961 419727
274225 185697
539641 353839
122048 527909
547671 219744
731848 619632
836200 437911
736288 147589
839835 548411
869260 773241
880214 530661
154914 811736
460849 79981
846811 154429
962865 21410
62220 502840
869635 718982
757747 214478
726322 33534
73088 597005
875079 240745
54975 176405
779127 670341
180861 812461
477359 731903
387604 131744
613827 660035
670831 480129
999910 271316
709687 728656
586775 554845
12375 525980
636186 74184
860671 115045
408715 854184
482591 748749
24614 806913
794112 821267
277499 565263
345810 131581
204816 39223
812759 934780
35700 44961
681579 152673
307764 190353
194435 919048
174378 582705
498837 607808
700759 605195
97155 228659
712174 60962
915507 745172
261635 161409
373018 215211
632555 515750
993369 678174
299168 395970
194762 703391
507430 455897
450904 293571
722029 363703
258299 162441
732715 388775
448850 300363
124519 488690
175886 956683
694278 157574
639216 495555
53619 855746
211321 400327
184471 969339
125482 186547
52743 521099
775012 413337
481589 937875
297050 57768
300681 405199
544268 705402
291211 544991
699986 544929
898123 352739
129269 264874
507905 847552
11693 60619
262664 893132
506358 173449
493686 309052
154830 681263
180815 677397
756571 701755
672889 786570
246052 661817
274571 303596
128721 497415
338672 277426
736629 94863
239057 731581
848334 965084
663756 698296
91295 751702
551217 219794
943938 403951
522109 668499
50438 109699
610924 12987
758913 551349
830721 631062
681482 412481
342633 720804
292514 614710
988749 981135
564393 8493
87040 259299
383134 631263
214609 758170
655584 515772
305209 748797
677836 655747
11103 439297
423208 225242
650566 782167
488087 290280
388320 587633
614292 923326
748015 369714
473184 619627
261361 583799
73233 204865
682922 781117
12581 789136
834058 181998
895242 678733
703837 797742
747778 444324
276168 229563
258878 509152
641478 393939
124063 408002
489834 989921
869431 320586
579583 817734
870493 604018
444698 506414
240703 745781
291335 758665
841222 492106
940612 986654
751399 139636
944559 545876
792182 657239
308444 332611
272836 931674
740293 696685
791675 797161
414640 718208
321189 34275
27060 215989
198583 586687
97243 94459
292664 931084
224806 184726
180124 353654
392934 571028
624878 943293
817034 737794
927652 518789
362722 717839
396939 206500
572802 768846
623019 529271
555194 244925
992429 325200
59929 950438
360724 954267
842352 533150
102226 423755
297756 81742
172674 942175
528366 700480
473456 887095
760066 887169
591022 91159
772628 207505
436280 203116
809923 757091
403504 87098
260046 694215
205220 326838
797135 72644
716526 960796
472499 354437
98523 368316
898583 340628
771361 752060
356483 837880
85377 293853
325459 463622
465275 127702
498174 576225
955667 624168
477137 94282
601522 787148
671710 941542
266036 813419
269807 835114
857110 983163
76413 988134
734042 768669
237843 48707
583423 353993
19435 95882
740946 908650
825044 964788
273098 200527
721986 481723
784430 802778
286417 785330
74131 30819
84672 371514
95825 249451
643839 987619
828569 306356
20784 278597
420199 84289
854481 90381
471311 419923
581895 494002
652282 970002
975182 1839
229285 314464
211915 193568
308013 250773
557917 515843
170577 938511
461126 190116
612568 539207
651262 743877
708362 446628
456739 937895
161887 86411
279970 75649
123288 819326
936388 110844
495784 151855
51667 332184
63477 92494
974848 576332
203296 223752
373007 18083
895537 59688
784468 529812
55196 202227
48585 551742
829355 826772
614716 515246
602255 971516
490804 329315
518737 947950
754050 354570
817953 526980
397569 465995
796405 539476
544196 901658
726805 623373
449623 636819
872747 834998
226891 821281
54943 514396
985956 327745
505042 430925
593429 330488
94224 177889
932222 940759
621986 676299
732521 772825
258015 963380
613080 964213
806474 6127
131989 626281
674006 873951
541082 570097
431457 959439
425443 819837
856742 319569
659901 668600
331337 468458
122556 81789
240728 277459
633074 170411
127116 844816
224227 178259
14654 794525
553135 461549
167617 336804
761147 429912
135851 364255
6469 63408
344958 677417
795035 949682
53080 755468
690126 974239
135479 518221
141398 719655
344937 931262
685334 129409
748468 504166
712637 435011
524608 79655
101410 500379
569377 427565
232610 476700
105765 292617
394525 21020
678148 260514
144471 315146
339679 844551
990743 325706
219354 349802
659420 451786
817146 700271
302010 44017
478957 38882
433496 893195
