706585 851586
308110 355999
943880 764268
791489 700389
466069 785849
672558 990968
671788 265593
524649 512547
584150 825550
658852 310796
108232 259342
615077 806417
21185 152005
542448 530776
35120 942816
241456 958413
232895 688168
39080 544175
133444 74684
985202 585951
861091 776127
104314 334951
656396 413026
448263 931696
914277 952025
601621 771415
658108 550390
300880 186853
816464 102868
253798 78708
541565 597399
999510 242719
30650 943292
986275 779528
564501 77164
153475 157524
200955 847100
489035 274187
409829 456562
469718 534591
947679 61909
895561 498141
631203 529103
35084 569173
245109 241421
834793 175568
947154 751263
241680 377102
875052 564472
560161 269260
476617 587514
542835 664418
497866 802046
464948 588113
67630 481336
807784 592504
115926 208872
468208 112480
620139 381969
252327 244288
478855 186324
615783 557141
467205 133406
882553 415346
801437 167471
455038 618124
564725 287886
476887 425114
258035 974408
786746 714072
191831 671598
641151 573230
628527 900397
801573 841350
273215 16989
977188 183148
835585 628070
395139 183327
192665 848522
66902 85262
222992 820740
662322 255958
921180 212640
809512 750388
630053 867052
758305 729679
127704 466560
774580 393499
458720 78268
546 305724
83191 355298
336212 869314
796553 835682
291686 394185
553514 683783
255008 152705
608304 955099
774733 532790
94120 214634
970988 686991
976233 566984
451012 428095
185735 229169
75877 794620
926641 341000
811191 865584
75315 296143
610062 177
852056 56887
537612 762742
328939 896578
820552 829948
546693 247093
109590 833317
727807 503183
850003 704983
132461 120191
747688 510998
55695 427970
307148 283759
128789 503927
577213 245280
455696 713267
637763 831326
188974 634362
461937 371082
51292 635790
252260 646580
616804 434149
141671 306781
788891 519757
310924 136248
446204 499221
277924 196756
705151 491095
196331 361791
199879 169976
528789 666219
144582 328227
124829 363254
714967 697727
475855 850344
169521 345076
89916 615294
760034 672496
392382 345958
543083 546554
449879 988127
902096 59942
986059 269122
32966 589477
825319 983461
181649 87480
555639 48588
499921 176683
256423 143200
207220 733074
664732 893887
842699 105268
667009 245558
473457 832580
375055 752371
905002 603753
69104 355910
274298 200445
730434 641691
944275 817027
608890 586458
912753 521025
916864 534291
873950 264859
600924 810882
455344 516491
64211 250651
107804 615411
972381 616808
19792 48275
587647 316986
333982 733348
448893 209692
493769 379300
987664 648113
579224 925091
276695 985051
48733 644336
548436 90413
617269 514081
897611 993216
397571 902551
196488 536148
891205 556924
906720 145014
200810 680330
250423 56351
217945 932269
161209 161966
884728 549388
585490 261407
380571 138956
322487 721565
949574 805182
410546 922950
271319 807081
563071 405350
437201 374091
559610 835411
402842 508899
722904 981934
155196 139896
331498 442448
591399 731900
817943 54698
958489 393271
174539 934130
497434 218102
51886 385359
883098 485409
373959 884009
157398 461101
766117 734269
556753 460347
624300 740722
202262 321215
764795 891839
904123 948584
686923 42470
904609 349248
58546 291224
128828 759265
37050 280256
57558 952717
539527 266612
314436 206650
885129 622758
50235 644775
384704 689295
492752 587137
133230 348531
766444 68065
41973 470578
132166 756415
933791 360525
718519 699285
493665 795311
342643 328156
700715 833643
332715 823687
358571 372761
442703 588708
452674 437183
102608 937350
604323 241569
423277 321575
697292 202211
114483 593575
644701 36553
347584 324574
826556 89204
220923 258123
588664 138412
32619 570122
30973 822012
656250 119806
82381 232223
229500 588847
562104 747849
987525 5488
38967 251780
939540 534365
941634 723526
328718 885191
106807 297942
6516 896732
549890 998046
69104 488818
204201 116314
621552 542015
481559 964422
421878 327283
558317 729691
310413 414879
344969 369199
335945 474298
141255 565471
94643 925169
869164 118547
573173 897986
288478 941887
452066 857886
962444 879786
770234 90061
967175 345842
437922 390448
228983 855498
995935 53213
15592 810650
150247 495596
1782 660576
87131 523904
232934 995612
343346 380619
125223 576478
166331 943137
446972 514593
120106 926706
753273 296676
70216 651973
897788 270933
507328 724059
606199 991732
873911 73313
953210 371341
842954 296705
261580 999423
523493 11354
598770 645515
781017 275351
683668 773339
502791 451064
686030 362206
805431 608866
949409 733784
319207 788820
250145 88810
273247 704424
958948 517085
385405 252603
385963 658415
24971 852713
801650 849673
163615 15426
720183 622504
86862 678475
392469 973685
760953 648512
204329 790901
466278 542359
460722 919835
879099 65864
99520 369814
926711 197582
896719 656669
149246 92440
813280 456308
925752 836605
622457 736743
982777 742217
842745 621817
565125 35990
443634 425793
269290 644994
911337 15701
947468 338550
424106 910632
247427 429354
849447 768523
444953 71157
20702 545542
138118 181118
31793 41085
386466 176324
426142 931821
335241 321871
610408 877698
107383 651406
537321 358706
237109 570601
698830 916401
423556 786302
458154 719888
547341 388603
700051 150111
854192 581620
195223 659331
123034 318585
860821 494096
723474 948197
356154 772705
234432 590379
916469 127229
358850 919401
475312 190809
949408 258877
727165 771936
61927 552056
630322 39701
707925 982736
671361 722676
35138 847918
116930 779586
694222 474031
542229 63043
254817 960681
371432 116049
637503 568104
1995 154372
113121 589619
593554 732317
453470 588470
33303 4678
905681 36331
248695 954325
284756 564253
832902 134568
445699 665490
57345 172441
673094 526131
293483 617618
106211 133654
495240 708888
782284 344571
870979 740035
245749 54997
741073 712570
309166 620183
205695 25843
187902 480414
667418 152619
488007 794051
184459 967809
958451 317190
896370 583333
920266 671857
7294 722103
484395 923996
98938 232638
372626 188325
66631 879000
568512 917754
331432 371907
631141 698232
120266 10503
527560 95586
454320 834103
548261 678485
882877 90220
875839 716588
30237 986596
971707 627520
235189 181541
481179 947253
101507 791976
406136 553415
800311 472146
565581 528643
275859 229372
718971 846953
546733 923507
293523 513930
10781 671530
542427 546937
313395 740871
30553 901487
330386 772663
597817 442314
823697 58004
834412 694423
962972 826353
286035 426750
263668 468098
661499 917857
795387 600031
759057 31116
914191 236165
188504 964336
721314 885339
359320 972514
649192 850890
49724 251318
534538 624245
775773 623902
324051 800219
318590 464516
208436 135840
132720 191879
214424 696035
614028 916535
941258 274080
935684 771685
437971 602996
93227 563356
45377 230270
37832 27688
828895 495970
245994 421858
908426 379157
670592 919327
740279 734340
420519 332495
938453 474290
460938 848776
656984 477167
710009 618411
237935 484780
163241 959710
393332 894525
22150 556096
274050 960797
426588 58119
465512 468837
810472 342519
865244 888496
668070 664895
930850 84455
37189 598305
19257 144883
205458 295051
277135 668293
551879 980908
328079 456691
822533 399639
794575 722981
120716 248132
935835 537742
480568 38519
522503 113461
451001 219684
407490 565877
943322 788594
269523 192959
232774 282380
575323 627786
905519 128812
82329 243180
168778 710588
653180 755566
142791 237800
820397 542820
981310 709058
521505 658988
866411 181018
89655 319806
532235 128435
985091 317032
651561 51546
786404 35204
712322 994645
529409 957806
980583 327584
307531 808286
759200 683336
937359 999347
310591 387933
561576 528295
721161 567011
685780 15890
290508 290680
509663 662964
95233 600607
72323 191521
205235 543077
554989 129813
732590 897043
306635 982200
673188 66366
157098 645649
972800 538230
989922 400592
732518 967286
106733 952069
48441 718235
614812 430056
640286 469476
515176 534668
735127 567490
198029 400703
962501 747777
884914 41078
600119 313127
621950 830351
736678 245875
602465 563131
425344 786302
537091 856637
822102 630870
247328 994682
682238 416399
766839 7821
247005 490497
685705 685545
767706 506367
550453 451438
324061 758295
27140 797616
619713 202826
190181 877788
508381 589649
697813 853214
624077 397230
998740 389782
599519 979954
761232 487803
969574 272643
415380 724255
453279 486828
975881 931659
731455 174289
465555 224944
862578 111847
416370 839291
492778 821049
143690 80163
833835 300245
304456 154455
475865 824080
220508 194425
968873 521976
948902 305987
499177 834450
665479 390676
900710 957501
887702 958163
378197 862955
252718 520124
354643 641901
653634 675154
973295 164526
35397 460073
869526 2701
673433 840124
204351 179323
272676 926603
598020 371751
393001 772092
584801 723185
945536 148430
311568 723427
839730 613409
301798 769248
358582 983554
49213 632334
344919 716711
249514 135354
364714 866320
332067 907556
40461 139580
472283 12940
773486 136507
648578 208137
138422 190581
802237 584462
499895 199720
596456 550349
532416 61821
613895 138514
916230 806567
109895 859813
277846 683277
127111 781130
254472 839143
357479 850750
178725 973103
593338 906583
104984 192298
621130 772928
427983 79664
271344 747038
806173 149177
654582 282963
230762 187643
726322 826304
749667 594336
790551 840041
377208 380510
463769 764726
416482 397228
179439 275975
626702 567045
395638 98509
827190 340042
698275 9016
174368 846810
416161 933390
127941 567655
475546 700722
783265 836918
481295 927404
450976 594778
566987 852389
921014 146920
783740 662909
365681 893129
318531 450872
85278 186481
400654 851318
889889 483270
346242 893021
208809 618416
740030 948134
881377 480650
412532 326219
975007 94112
306442 477635
571393 668719
278218 538693
97034 411131
426557 602255
87994 794909
646128 194856
536298 524779
533817 587036
919702 941549
185863 852477
538690 597875
494562 985835
737682 701159
596016 744014
634690 83845
310835 341609
301679 439882
70928 2501
369723 647430
723008 256588
121643 696517
452671 977977
261334 599175
546256 881556
629592 727412
815060 688282
896751 366890
686374 711894
182215 310192
123054 799198
949813 612868
844267 730375
555727 907328
642390 598729
774858 830579
668220 540426
989683 254551
610704 239925
658696 144794
369053 296369
583662 916615
367091 815041
887307 184526
235060 377892
947151 392680
118722 647734
998034 610344
69466 916610
856515 166587
275717 281481
531924 617223
145355 563436
641196 911946
23313 864795
712707 155733
486320 775858
708063 473741
19711 932868
702856 784361
938523 669315
50511 395594
485255 915508
972102 981661
99817 95357
419653 701346
926477 693715
515710 759536
804436 623287
178731 174959
504280 338410
700723 702344
503418 911570
716319 347754
258880 650255
639065 341763
183471 190828
538159 316160
946526 308368
192716 190084
169861 436752
680496 241347
316924 430012
834544 55312
47423 928118
88891 872574
240531 63430
474008 108911
641888 868254
634013 364997
698635 969068
653195 255508
120547 237403
732492 202150
255071 303257
877401 907096
476877 312582
84504 793062
961295 39827
488672 938724
836173 515638
992789 826274
720258 560480
194586 12004
205197 846558
309599 170250
912813 137886
765094 262291
73767 519647
504520 683730
568419 219149
555373 232073
748004 276175
20131 581156
561043 641668
74516 288984
209980 469609
765579 285647
413925 830128
825372 896627
585970 22248
988402 33457
181120 465721
521551 38060
953397 491078
933653 387089
253319 800761
42521 189693
64096 341304
642025 488633
912019 901393
936192 765626
194714 503112
296370 87900
784293 948889
814933 776756
985305 573255
197506 485345
778228 539929
754931 879496
42949 492429
262246 651340
463781 604212
19931 972778
304107 366794
629514 786087
725977 762341
700307 841474
770493 644005
856570 360359
192874 572379
739823 4975
284335 358011
116505 276189
952517 561104
165005 776350
518371 728553
103733 94509
254034 32300
376345 687412
592945 740147
647323 369182
484597 454815
944037 458883
114338 533654
35456 578957
426976 940464
502734 840494
672887 265046
354830 157860
88468 102130
535476 52117
326953 276081
438012 334092
841157 23052
759035 790004
367459 104883
943940 310923
947687 228778
272140 753310
867864 433129
898536 109227
489796 351733
751792 127565
164830 665635
6963 90695
35338 111890
305838 830104
10819 402059
778546 90793
245877 452461
952965 895173
605579 900021
935235 703223
859210 284882
380017 897405
872713 401922
387646 960715
47636 218156
300260 847266
636170 864773
798325 506780
863550 472051
362740 972616
254679 89369
89431 701002
595149 286761
794907 16500
88503 460351
705605 797533
989839 555604
311601 450842
235074 50174
603793 39788
213117 473016
123513 31722
823390 146805
234148 345805
398038 153125
670706 20409
157909 574321
431991 606123
657581 527761
79256 201328
554348 335077
271652 50158
595020 195660
484123 422627
927211 549573
447834 961575
172575 403643
916956 439296
119310 645441
629633 999875
260567 498316
501858 931374
366343 484442
77828 953840
524508 321013
592106 651930
459920 64445
193283 278428
981464 513049
156779 778868
479899 390266
149863 425729
970483 176955
745874 583164
398202 190125
821862 647791
503015 355351
31844 863586
941658 392441
837914 768194
681007 508382
179472 306312
29174 561780
832775 270782
600202 147449
378332 618937
831649 785652
839686 188324
602298 494987
394651 414936
543105 715794
156385 547852
904927 664389
899997 997632
393909 703836
760333 303989
345144 227044
787367 383346
336348 115772
793880 728798
820677 178823
790200 442366
496113 408307
577647 826684
874684 966535
564764 100850
223927 655487
93133 1872
931944 661709
107772 483716
771076 317918
581813 233001
338679 752528
918143 394222
194712 370779
304391 104706
143917 602543
31381 925743
954486 459490
790577 460169
332057 978871
403773 250199
328510 306354
170725 538451
808255 762397
131076 235269
94135 12338
451613 443169
727192 48793
40479 992364
812104 782120
823566 183009
163812 186968
723860 313435
