1 1000000
1 1
1000000 1000000
50 150
500 1500
500 2500
501 2501
1 500000
500000 500000
500 1
1000 1
96500 98522
92953 39967
43544 41657
35480 49122
44280 49630
35814 3057
12665 41261
45587 68978
8003 83133
40192 41489
83617 15424
20282 23039
20286 39338
31454 34264
33332 44632
93668 29832
43153 2972
86150 86696
44628 21629
52169 5259
87611 4335
24667 275
45595 70253
69252 53597
69738 25795
11438 53354
57571 31719
92744 77856
71057 24198
28471 20740
68829 38490
50571 28333
57813 36720
15028 18792
74701 83549
24051 78663
87883 48717
95289 33477
35322 80892
3425 21411
6686 14862
74764 64256
46581 67507
58463 33989
91704 86933
54728 76884
41774 21651
5216 99586
58370 36596
18378 49422
20144 58780
28084 8026
23848 39724
57854 75521
20615 77630
96931 27301
92492 71694
7908 55424
55553 82723
89412 63608
86007 60491
56844 27781
82141 62059
43718 56863
15006 62095
22636 35149
37226 67072
59526 61074
6795 33731
36594 27410
11361 33525
71062 20204
21570 95321
75627 93474
94395 81390
57082 80402
58232 13925
24534 40373
92335 68251
13587 7341
46698 36222
58841 83923
3293 18367
44996 26440
68449 97942
70201 79809
47818 41262
12 69387
52934 91990
62861 47329
73379 36294
44082 31611
50218 68615
88335 58904
36865 18273
66244 83562
54494 25085
67485 74139
59803 28832
578 28251
26773 70778
24412 74590
28391 24423
60329 97676
32765 39541
45004 6143
75834 89085
54105 42403
74051 58791
1306 10916
77063 83902
10829 31557
8986 94665
22047 85140
23497 38976
29742 66621
9753 54153
57563 54495
94928 34243
52170 44044
73783 13526
50186 49616
2610 20643
92018 76661
79433 93323
3928 72848
77224 14756
20756 2561
9421 42802
4052 49269
81777 50146
32241 7881
20650 89803
62375 31929
40397 14544
75972 14179
44421 42510
63794 47031
63152 72163
40043 58936
65486 60322
31783 59061
91429 52538
77974 17201
11691 82025
66469 93467
32170 15062
17699 52820
21216 80073
84748 61613
10969 77072
75791 55389
19581 39585
18771 82732
28099 75165
58019 93584
35486 6154
68997 43267
58691 46970
60467 70382
45346 43288
80200 77516
58349 97899
46687 79564
94323 47786
41176 5291
24857 16967
77032 60789
72903 95802
43520 1001
87319 17891
10937 39156
24044 79933
82422 99086
43254 42889
85819 88599
86176 66019
82466 60876
80269 29152
40439 74591
93290 97967
96234 34498
31285 73265
95287 20539
85418 55158
37891 72736
73048 48827
11892 13443
45111 10665
12529 4716
53553 98347
93315 56080
80717 75780
16955 60985
21284 73746
35576 30925
71712 31809
65422 19348
21425 60708
39886 6842
32218 77776
95930 21617
42955 24173
35060 4417
34837 47588
9133 4742
62286 18799
60821 43003
94578 94128
3987 32213
67873 55914
79489 55936
4074 44911
75283 25498
21970 15168
48692 70539
9295 60973
92156 52249
1497 27215
73018 52685
91154 82150
57426 53439
948 34599
12793 11877
28726 33132
60442 12950
5397 39930
85237 9471
1192 60519
51320 39514
92038 11
10052 1332
77335 2207
69933 78831
45773 59302
31516 36926
41451 5293
6717 58750
39891 35861
86978 84968
68992 63771
14269 74389
3701 99505
211 21244
76375 51530
60757 68412
67893 87161
86096 45227
89367 72380
24058 51492
31681 71925
88417 89483
77217 11485
64584 33460
47346 51561
34779 16337
15332 49048
7077 35384
48552 7287
72979 41279
75169 33736
9690 43061
37248 95785
88287 42966
84516 28696
94457 16196
16972 82874
22030 94189
94358 86613
44000 41703
54526 78778
74392 86209
27825 81468
21592 92729
5107 10922
34007 80275
61009 60048
39687 98256
72185 44325
41222 56700
89373 35678
72896 6344
18551 11277
16884 29261
97890 60883
87315 52415
39661 61706
38623 83837
59526 76566
92917 80984
87487 26923
77610 48496
3323 17296
46751 75507
61620 4324
32206 67344
40002 21453
73688 74904
32730 90571
4164 46971
51454 7831
99385 7466
69536 54359
91302 45413
30924 84219
26396 34762
27493 20357
99609 30815
37652 46360
6321 15624
50683 54879
82967 7036
76331 73006
81940 25412
63577 2455
72382 31382
10285 88118
55199 79821
42476 62852
41585 89751
63422 84333
40865 90915
4689 40473
38081 58693
3184 60754
90668 70219
15632 89986
77254 8314
62992 59193
50078 42920
78000 22459
90653 88284
26929 45851
84456 69404
25054 26041
75507 88476
26725 16371
79390 31413
56843 33822
6457 76379
94575 97124
46597 26558
3462 23850
51224 82805
99395 1301
25724 77394
40111 32728
65677 67039
94930 50133
52795 19983
92525 44653
8458 19249
61023 4199
67013 34217
38021 89822
10595 48947
86945 73543
75505 6758
13745 26728
89562 13139
44380 15285
6884 842
64364 88912
84233 59293
55396 53379
79276 47920
98031 4085
83520 75405
8284 50533
25973 46304
40354 52920
95250 43650
26462 87106
66760 40206
30185 56321
69696 74564
87958 76579
91758 52321
65491 75990
27966 20886
29368 7241
85158 27398
27677 68677
2802 35960
35561 45126
82263 92266
98045 93865
52268 24507
80970 19027
81064 11155
75347 50760
2070 63304
43690 93827
31977 9180
69816 59942
46418 15535
83534 47927
42932 11210
16603 62085
47170 68516
7211 45784
77133 21607
56000 29400
62465 53322
48426 43529
64476 40125
10640 82897
19780 54329
93076 51756
79861 62891
28049 26278
78426 11582
74204 37709
39144 7158
16146 2665
92025 23356
64800 69158
61314 20800
98557 23779
74121 63335
83659 54948
19811 94298
54196 39590
48626 47271
7698 44838
26514 35746
87467 21291
47328 78022
58999 2823
85180 75144
5487 93556
14851 70286
62713 92517
91085 77622
16295 81557
57308 99953
52856 77118
94250 7052
33059 59227
70674 40756
4065 97187
76502 91531
18477 40181
85905 93828
43003 71084
85323 48489
80991 174
35126 43704
92690 26211
37677 25336
24119 94984
25288 93327
88453 35889
378 21511
11467 71051
62267 31883
84590 55120
39766 3066
11652 25670
96893 71006
96753 98568
35846 94095
98741 70971
37798 7782
13533 91826
49469 37652
86809 91108
30978 75261
26996 47707
13124 54814
35109 75390
86697 19698
46861 26462
39116 58512
52131 52360
45869 65235
50927 81714
59329 66019
52684 13479
90152 66217
5304 39620
20220 8465
30727 67549
77 74074
31607 13200
28888 66715
4941 15584
2765 51801
42045 58232
26664 94175
10591 72532
75761 77870
54245 35089
43888 23281
48567 50392
5849 70223
90011 26068
78687 37090
9968 95115
11163 41574
8315 56402
24640 29607
71985 27404
97760 30381
85635 24423
40907 12578
13307 16667
90447 83903
51756 34334
23535 16674
1077 29383
3248 91088
55450 98286
44529 65417
93401 55691
23342 1715
28445 47982
47673 429
75385 45432
47162 77372
86207 88068
89949 15865
4735 80395
99767 72842
31080 39654
5867 32157
69036 25467
39596 40838
23752 84124
22606 17152
56166 45948
35218 84610
93929 82891
1391 85665
28322 48552
63036 30880
52971 69336
46744 74057
66082 62863
63250 97162
2516 85469
45670 71551
10935 85265
12388 34686
85740 34994
51838 58257
80941 3407
42867 91221
2649 60609
76885 30971
25512 56273
78202 78482
25608 24946
68891 91690
87808 32140
5203 90323
17608 50872
78225 28542
52488 90613
79580 54579
41958 47769
12835 39250
51175 72053
30470 53824
32661 23706
1146 74524
79978 79347
69358 21938
20644 38248
29979 24803
70387 35181
31477 4347
2404 9702
49240 71243
16666 28819
42173 74975
76587 55007
14224 44114
43412 61045
14289 92424
84750 15434
66948 81080
11132 36305
3017 31776
74552 49347
72930 61290
879 4407
81988 19634
14108 31228
7228 47125
76398 49400
22099 69337
20758 36322
13450 64169
97366 27738
56593 98467
59523 23540
79546 70654
76196 98914
18781 67099
48260 91711
44740 65490
12469 26728
85123 26576
57955 92350
90052 50704
41749 12150
20040 62507
48471 33489
26675 62188
77578 99619
60654 37100
39510 40200
24106 15705
55465 59238
99155 3725
67300 43895
69214 79768
70622 70689
22695 44928
63038 12746
95631 21139
24895 15671
99997 89717
65511 43023
68256 59441
42642 28910
12892 98503
85461 53349
14208 40925
28939 13362
61001 96238
73608 46567
92358 60581
33607 31404
5508 12996
60502 17491
34134 1748
49513 50482
7817 15023
93505 76072
90815 52498
21333 3707
51000 6793
57055 81559
64070 85993
11273 41422
98583 84880
4340 7292
45461 37946
38695 67320
50942 99196
84810 1427
944 50674
68261 25112
65697 61765
1183 72863
30614 22516
76569 97965
45660 33624
79524 26081
35968 7148
83855 34550
8379 88194
58193 53839
42492 96888
37511 9785
12435 38672
27563 29730
89346 95823
54841 71394
73939 56024
44256 4552
94891 20825
18869 56902
70800 98392
82983 23119
5539 66837
57669 30269
71382 32213
84108 30225
29100 37970
56361 57887
76641 83924
3968 65986
79746 58809
37379 53685
31184 97987
74588 42426
18811 93456
99327 5962
8199 82309
29080 30089
65497 3100
60358 53231
35313 60817
83455 80764
98786 39816
38650 91778
40091 42618
74116 19836
17778 27846
89872 65313
25832 80812
7738 60994
90619 7064
66955 98818
5725 96035
45258 87573
99134 21967
40803 50798
82783 40610
31562 97920
96777 86563
89698 36867
45532 80165
73054 63309
8010 79278
28621 33842
76441 36358
94835 67059
59774 78142
82228 65498
74176 27486
53070 89661
65804 10225
56811 48587
50834 88372
62858 47610
91286 52555
828 36818
32719 73881
126 57081
69510 45099
90922 45950
97808 2108
13009 57581
80249 11588
39430 70776
55425 8852
76789 21229
19076 33599
86167 69909
38322 49024
33870 29607
1579 51049
66424 50649
41281 82902
7729 10791
44352 15002
56740 42159
17110 86100
16092 13710
14040 55521
838 69464
80724 77626
90692 99799
27576 76858
86059 65897
25882 19928
95503 43812
87328 78279
10812 28609
61180 34893
55751 21883
49894 28842
64041 83355
14942 96484
13417 28981
68357 14254
14796 49080
8231 21840
48879 35806
15049 34937
1702 57282
71217 13556
1093 58544
91834 28257
3504 69365
63149 59254
91247 29394
88096 71640
12749 19389
68123 42517
64721 36479
56770 79516
85559 65000
17707 50789
17157 32756
85725 18858
90037 73293
32413 7482
48189 40599
35738 51692
9963 15238
27298 17562
44631 15393
89201 57379
51133 73675
16247 15853
10154 73016
95368 12064
54367 29427
62852 71523
62182 64928
6732 52218
54573 39145
59699 2761
96095 11788
70804 22409
27025 98101
39970 71656
29845 45522
45386 80977
19197 61633
96829 45702
51000 8549
57765 5367
37975 36968
93241 16508
18247 99973
68725 72819
55469 44776
91931 51563
56563 62735
73971 83588
77187 30293
71595 23384
75814 16980
4360 11362
94964 17541
57063 45964
42441 31179
67682 96767
68146 60922
13274 86393
60894 98350
75563 16362
43125 67494
84276 16040
46580 74599
15979 40118
4891 87573
63501 97056
20904 84213
8418 15868
18105 81832
61831 76897
13011 29512
73663 97508
90433 3288
252 67679
17989 92167
84040 77466
59660 84668
93505 22591
59266 25835
62708 64156
13407 26209
77563 34310
10421 2332
50177 44877
516 28359
21773 13526
57870 11787
27385 64655
31426 43989
32333 49414
36155 32724
43231 95814
17391 36735
18404 76656
78921 97463
57163 92327
23671 34726
42989 50443
53409 9517
95319 53924
37876 33443
83801 12097
45229 11186
76751 76654
71526 9083
42420 7680
41807 85650
19845 59197
38737 54600
52205 17657
52062 9367
26336 75733
60444 69324
42527 13853
78840 54198
67776 33067
87640 67929
45164 49221
79114 21914
42226 50639
47349 997
74670 5507
86647 94514
81055 41735
49113 33259
59391 1174
42626 85726
93258 19421
71401 52137
33273 66593
6334 17401
16011 10325
85329 61174
75897 80794
99440 18123
47784 46788
19119 22453
68646 22117
33318 49700
63851 82430
82959 39594
99955 41936
41671 93213
77708 29424
45349 10981
96016 68034
44733 12026
94710 46413
89552 70607
43558 5343
5081 7693
68482 24199
46497 37127
62668 79814
86826 42870
78595 86136
82463 78549
28071 24134
88113 5779
53557 49813
33111 65924
17846 94195
94301 12556
56959 204
99514 516
5546 4594
8208 74027
45144 71056
11153 7811
50869 14331
50681 29463
466 49495
24363 44889
89980 12476
50667 59888
78640 129
25811 96486
10675 36464
25393 67633
53019 24906
84500 58565
29499 92707
48943 74642
80114 60096
98805 30982
74426 65837
76796 74891
15331 17510
19779 21663
46337 86797
81550 24977
3277 23713
37814 13951
76528 63206
97935 29546
4463 82434
88110 50313
91492 37053
41306 71605
13500 56462
18938 4277
22298 12085
79167 53981
29595 15298
75643 75931
18446 57192
17259 38075
97256 55072
68377 73783
34629 66312
3329 55443
65097 7790
