1 10
100 200
201 210
900 1000
999990 999999
18468 42
26501 6335
15725 19170
29359 11479
24465 26963
28146 5706
16828 23282
492 9962
11943 2996
5437 4828
14605 32392
154 3903
12383 293
18717 17422
19896 19719
21727 5448
11539 14772
19913 1870
26300 25668
9895 17036
23812 28704
30334 31323
4665 17674
7712 15142
6869 28254
27645 25548
32758 32663
12860 20038
9742 8724
779 27530
3036 12317
1843 22191
30107 289
8943 9041
22649 19265
23806 27447
6730 15891
15351 24371
31102 15007
3549 24394
12624 19630
19955 24085
11841 18757
7377 4967
26309 13932
32440 16945
11324 24627
21539 5538
2083 16119
16542 22930
31116 4834
29659 4640
9931 22705
2307 13978
22387 31674
28746 5022
19073 26925
5830 6271
15574 26778
16513 5098
13291 23987
18637 9162
24768 22356
15575 23656
12053 4032
1151 27351
21725 16942
3431 13967
30192 31108
11338 18008
12288 15458
10384 27754
8910 14946
9759 32210
18589 24222
24947 6423
13031 27507
29169 16414
32592 901
1656 18763
6360 17411
20538 27625
6484 21549
4042 27596
24351 3603
30837 10292
11021 9375
24022 4597
23200 27349
24485 19669
4735 8282
2000 54
27939 26419
3789 6901
468 18128
14894 3729
22484 24649
2422 17808
6618 14311
9515 22814
7617 14310
17452 18936
5250 20601
31557 16520
30304 22799
11009 6225
32610 5845
32703 14990
20486 3196
14344 3094
1588 30524
9504 29315
25201 7449
6619 13459
19797 20581
15282 14799
20799 19590
27158 28010
23623 20473
12293 18539
24180 6039
29658 18191
6192 7959
22889 19816
11512 19157
2635 16203
20056 24273
22647 20329
4887 26363
28434 18876
20143 29870
1417 23845
31999 21882
18652 10323
5700 10022
28477 3558
24390 27893
10713 5076
2511 2601
26870 21004
14689 17862
9790 13402
16424 15256
10586 5003
10286 24183
31427 27089
23758 28618
30933 9833
2155 4170
17190 25722
31330 19977
28693 2369
10556 21426
16550 3435
9513 7442
18061 30146
3754 21719
12424 16140
25997 16280
12530 16688
17438 22550
12950 19867
23196 194
20417 3298
16106 28287
16283 24489
25735 12456
11702 18115
20672 31317
12264 5787
24356 4314
20054 31186
10809 913
20946 1833
27757 4314
19559 28322
27983 23647
4145 482
20223 23197
2162 7130
20451 5536
10467 11174
21660 12045
26440 26293
20025 17254
29511 26155
20650 4746
8314 13187
28023 4475
14019 2169
9906 18788
7392 17959
3626 10203
4415 26478
25825 9315
25875 29335
20160 24373
28071 11834
28298 7488
8178 7519
32271 17774
2669 1764
13986 17193
8481 3103
7628 29214
4100 4803
2626 30528
1925 1544
29973 11024
14182 13062
27433 31004
27594 17506
13032 22726
143 8493
31287 17223
7901 13065
8361 19188
30975 22414
29171 14271
30834 236
25761 19712
4668 18897
12551 7286
13695 141
21625 2696
2126 28020
21695 26577
26303 22659
22467 17372
22594 4679
25485 23852
28465 1019
23153 21120
18088 2801
1927 31061
4758 9011
20316 32171
30228 9577
22759 12044
5110 7165
17087 7883
3488 29566
14475 29578
25628 2626
31929 5630
28521 25424
14963 6903
24597 124
13262 3738
32526 10196
8261 1265
8117 6203
20327 5031
30772 29012
25548 6412
21521 21154
14925 29791
21764 30189
20852 4941
13830 18663
17714 30901
17579 18959
13008 8366
1201 11478
6440 26059
12761 2304
2325 19358
5109 6478
14888 21114
22851 19802
22429 14461
27385 12994
6541 19406
28705 31112
32357 12836
29351 6073
14486 18824
23217 20557
9358 1627
13358 8527
23272 29338
29362 23870
13023 12897
10113 29618
18697 12718
24042 11586
24130 24424
4566 24230
8933 6560
29856 22297
16963 12054
29735 3585
16973 6655
14370 21458
2964 22533
2484 2608
11636 912
22849 10068
12939 4676
22143 2224
6512 23755
20176 22742
17826 21460
17871 3222
31935 1627
31784 15206
17399 23851
22702 22280
12735 12194
26535 1638
1994 5557
25706 10177
10549 6963
301 15882
16642 14414
24856 19856
11463 13143
30878 27612
32679 20425
18444 1753
12674 28297
9314 10041
20073 876
611 12819
14933 1018
30696 28113
23832 13170
26489 20041
19091 28686
2590 19498
15146 25991
19315 19354
26741 18652
11259 22045
8760 336
7606 11193
12182 25265
3830 28504
20609 23776
5998 29293
29557 17550
31628 25562
29542 6468
31241 26130
29175 27814
6078 20602
8684 20216
23993 8214
5602 25825
15760 23393
26429 2671
4085 28028
18787 10076
24971 15499
23848 6288
504 32605
22664 21222
2364 5707
22172 9011
18241 27490
25543 12165
20914 7620
6705 7592
9233 31819
25206 751
1540 4976
11423 304
11248 21099
13649 13585
17865 2972
11076 22914
28713 21546
18679 17547
15263 1770
13986 8520
15945 28290
18541 2866
25509 23246
27871 28319
28324 9602
24473 21133
25088 27153
29764 28571
17104 29902
3528 14424
26970 11601
5566 14016
21544 29
2089 25348
12638 2944
26464 22410
4682 5050
11343 1589
32061 609
1759 21222
20889 29955
691 14147
12844 7950
25621 21431
27068 749
20784 4537
32227 18036
7039 15186
25630 9854
15749 11225
3360 19924
24767 32258
14956 4945
32727 23319
21026 25412
31002 20356
9497 22550
9516 18585
23343 17965
17914 8076
31197 16143
25073 21949
14607 20427
24430 26174
6706 32405
29813 20627
30094 19376
16037 16566
29142 14737
5995 30815
6653 8257
30839 23937
1356 20483
1132 21016
17842 18231
2012 14626
4187 32638
1651 19691
21635 5663
10354 10894
13453 21417
7263 14009
5455 22234
16635 16304
14257 26304
11125 149
4214 12318
24029 27110
21081 29201
16859 21319
24156 24051
15265 31362
3677 11904
26910 29644
3562 14903
24949 28490
13654 1283
2221 30675
6924 5403
19370 3832
20260 3879
22620 19009
30004 23972
9782 21946
12393 26505
25314 32686
5590 6699
5939 12723
6411 19038
6235 31462
9962 12509
6494 3960
25270 1516
28870 24938
14701 59
26265 13972
16216 15118
7816 24556
3040 18331
29289 30213
1955 28083
20711 16086
24775 24485
29816 8381
6542 25952
1680 18116
25899 17111
789 23074
18133 23978
28690 29957
10009 26114
15791 12942
21364 1724
25185 29
7201 24779
1886 5072
1072 21975
22868 11334
14296 26154
20826 32169
15630 9677
2599 28651
4694 3310
30081 4687
12250 10117
1529 26668
7865 26680
8406 29422
6817 8827
27727 7517
29088 28667
19965 27682
5687 1341
11663 6022
6065 14722
20416 29310
29874 17903
23942 17125
31763 32746
27532 28424
12269 4807
5603 9319
24308 31908
1013 23482
26631 21137
26810 24115
23557 4085
21294 12291
29153 29997
25346 1055
249 14709
13713 7492
30115 5132
7959 16440
29705 24723
1053 6996
7480 25270
26424 18239
10867 27919
32499 17660
21197 28487
26634 7463
12023 12159
18393 1147
3926 13038
29459 10648
30808 6603
27831 4099
14601 29293
20800 7279
20449 18353
541 13883
4576 28316
9568 8763
18398 22337
19898 31419
13852 25829
24231 26817
16926 4450
230 659
10941 24521
15148 29561
1656 25163
793 20676
31755 22362
23147 16399
26947 8715
19570 21189
27664 8639
24516 15076
476 11522
20529 15616
12571 13235
9465 906
28963 19558
30525 14162
17470 12550
31924 331
14334 28351
10911 22926
16337 19738
1279 18338
7637 12394
28165 30715
19950 31592
2506 19136
10005 13338
2624 16338
9971 28665
30569 25609
7086 19282
18374 9153
8195 28653
23827 9877
7573 28397
14641 6250
18820 29175
32612 944
20290 1942
5566 8420
7586 3806
31451 16217
2610 1616
9167 11065
16075 16894
30301 13510
9574 19696
13162 15590
17969 31173
26032 27359
19427 26269
10423 28511
8780 30775
23553 30911
25392 4183
5765 15496
1365 875
28256 14903
475 4461
26822 6973
25548 26123
9790 21578
30196 25606
7951 27595
755 16344
1013 2482
23440 11673
5913 13429
5968 9763
4416 24409
17224 1909
26435 11760
29487 5205
959 4320
26807 5946
18701 8167
17693 11368
28533 21788
30975 30557
5022 3448
26223 18284
2377 29332
26949 28584
17983 12724
14777 22019
31112 9221
23857 32183
8926 19491
6487 4325
15970 19678
7535 11644
22669 15678
21992 31069
7784 32197
7728 16829
15872 29427
17613 10698
11028 18704
5546 11409
7186 9509
24238 30239
21314 26444
8851 22502
2112 25129
28150 23651
1455 11193
682 15870
20268 27466
19794 17714
25473 18635
22831 20973
28443 24902
13878 5178
703 25771
1382 14365
8824 16591
8024 2238
16596 32180
2328 20170
31311 12043
11059 28183
9488 7927
32529 1671
2259 5652
9861 7214
21287 25784
8611 2743
7129 4473
5842 18435
3504 20719
24866 14868
1882 10939
22751 9258
18599 28615
2662 28459
32757 26064
20279 20808
19436 19490
32076 6366
1387 7587
8361 7834
26049 13331
29493 8929
23841 12434
1736 6767
11600 19811
21893 11838
7329 31983
11370 29353
21795 31245
9253 6609
17433 11648
7209 9536
3498 3265
27650 23244
26842 22016
16101 190
30649 19813
19852 9524
28634 24475
27201 29892
9991 19855
4920 25698
22579 17781
32545 12932
13488 3341
22526 900
5539 8484
6194 7493
25012 28253
15835 1561
31498 1841
18530 2786
18806 31541
13393 28792
13550 13211
26980 21579
9278 30972
20194 74
21498 1621
31277 13827
6583 19791
11160 13579
26490 20419
3450 160
9073 12925
27009 10381
10209 27968
18504 6478
32608 15371
12075 14197
12612 13723
28762 19020
12891 11057
16684 31164
19933 13717
2742 25453
6814 4955
10397 2863
20616 15461
2600 10905
4681 20137
27033 9199
32585 14388
3518 7241
8671 17007
18883 242
3524 25250
12106 31759
17096 29622
9917 7297
10179 15679
25059 13580
12751 27578
23730 14008
2996 24082
24677 2679
20900 27754
15566 11785
13609 3094
11244 6173
7515 29930
5056 10169
5974 11192
6749 8923
10987 5652
16447 2145
26518 31578
29917 14630
15792 5875
22913 15470
30694 8147
9816 9092
26858 26950
26053 20641
8552 237
31227 9488
16956 28163
8395 23184
16098 30181
27066 3066
9262 2514
21079 12579
14141 16879
31948 4612
171 2446
13490 29976
6150 24751
13866 3334
17283 22215
27433 27008
16368 8897
4883 28523
17642 31811
2188 7232
6480 6706
6539 6322
19448 31352
9647 24209
25760 22277
30423 30190
8487 27667
2029 3456
4861 29615
11778 29254
12504 31349
22432 10862
12456 29083
22107 14198
15822 8753
26282 17297
24456 26022
27125 15948
9136 18319
1775 11377
24999 29860
9254 12075
10636 6923
28889 1644
13233 8154
28681 4748
25679 19927
14802 6451
14200 24962
26364 20856
10574 5717
23246 31562
28275 6474
24354 1551
4288 1182
18111 2700
17466 18644
2530 7173
2113 9982
4382 13477
26891 8248
8806 16672
30033 32373
9321 3990
15432 23166
11294 9659
26579 17207
2207 16949
18167 27172
16698 3397
23695 31021
14789 15530
17985 30110
28979 11970
4016 21618
3685 16627
17907 9169
12098 25929
24391 28119
11786 15200
19200 14487
20711 12421
15814 18272
6086 27416
3581 319
7268 1332
13445 8388
14508 23187
17828 4361
26432 28075
30272 7153
4694 10269
338 19886
17605 31312
407 12678
29023 7769
5001 19414
17538 543
21389 30039
13290 7356
3182 31648
16585 13094
10762 10988
8218 20494
17483 9502
15666 29448
22105 10754
19096 15085
30222 13526
21782 3965
8107 4873
3344 3657
27081 22594
14869 16081
13714 21412
3252 20969
12080 27217
17041 28769
12934 31532
20664 23780
26654 12260
2096 27937
11875 24366
26836 7721
8977 25681
5726 18456
24809 4072
9157 13560
17833 5603
10441 7906
21563 7376
21963 22886
1837 21081
31203 10798
10081 10509
12077 5341
31494 9059
8547 7741
24774 20475
8881 19098
11073 23336
708 23401
20667 22956
23589 4142
17169 12482
19397 28316
1010 16226
18137 22013
18763 11456
743 25044
17923 22
9249 24513
27369 26019
9715 23718
13291 17651
12760 3336
21896 3170
22641 5304
24200 21980
24792 29106
8682 18662
8754 3653
32030 24034
7043 15988
20084 26254
15815 11421
12245 32719
7230 31064
18865 20653
30471 4770
21048 15006
21488 1595
3277 24327
6541 21324
23991 7680
24711 32589
17946 29272
28471 29222
23590 20184
4979 23956
5007 24780
20136 13263
27197 23488
2089 29034
19780 12936
14791 15994
18966 24963
19106 11002
24568 11808
3135 2670
1458 32672
3546 12999
14219 13598
14845 8839
8564 7373
29265 21029
14724 28802
7605 13491
24228 31602
23693 11198
20364 19772
22364 29302
3566 7722
23446 17422
496 18611
15023 16742
29152 31813
8056 23016
8739 3394
19883 15280
