140836 73170
57585 77308
114851 92787
16299 95257
87884 73515
22213 12254
35161 10481
18873 145182
39503 10356
8727 3255
57009 128903
54846 115068
13121 60937
14071 87978
20214 95535
53563 49178
61530 7345
30149 118130
56650 28990
74210 97671
55345 31356
64565 84180
67326 736
22151 148656
84913 110934
71420 37758
55397 106446
125984 82854
132295 105331
137744 11708
7812 65241
107573 60250
130801 98018
67706 143759
7972 19278
101663 34787
117344 87421
149607 35014
126158 21185
21836 138452
51702 93573
32003 48919
46925 42308
52825 11177
78856 10423
143724 127811
38911 135903
68742 58887
42717 132667
70148 144311
116500 26038
95046 128497
16461 55105
127055 26487
81309 93785
86619 15855
133443 8324
100192 24276
98526 33933
146717 13078
51499 91545
73536 111557
36043 33973
132 9669
81251 99054
85447 7518
5854 41853
141481 18867
19309 121709
116032 5805
77439 98010
60057 76244
92155 88632
1769 51081
64650 56205
9137 147235
143266 142972
59680 20996
24572 37919
50402 2391
93415 138624
72950 121992
135590 87044
122878 133919
86644 148356
125279 85483
15592 135370
11577 62280
125923 25908
141296 34332
33318 93688
147640 37859
13809 13397
415 31157
143318 74241
805 56593
23292 137780
145319 135417
39824 1056
46536 50457
136053 142636
130544 139989
132300 85148
66799 80702
119263 141278
79802 143472
42775 104899
105638 52795
29853 100183
4147 141484
60301 24687
96047 30744
29607 91967
21180 48804
120896 27030
25899 84004
94709 122822
56951 33966
15407 106723
106159 112938
133474 30904
80571 131481
2079 148800
47824 100814
64746 79080
894 31053
59638 40270
114374 76015
133371 55749
63977 88639
1530 21961
88812 138036
147527 3881
19496 65371
53157 105142
129325 122977
142320 37414
73671 66282
145828 144277
76713 56289
14331 105545
25253 104332
134499 128113
41645 144714
14477 14745
8580 59420
132034 126412
88750 63134
5264 75047
38646 107489
85410 56774
101438 59990
96062 111261
67521 119128
62936 8181
4837 67527
135428 113169
18332 36605
84873 96988
147209 11550
138369 96401
75967 41393
25180 79941
89781 27317
118964 114597
57462 102338
87179 62696
133381 25518
9744 116417
64734 147064
88481 58116
57112 11668
39946 37474
148342 125347
21388 62163
148365 80367
132601 16126
43919 121504
28828 91352
38150 129006
99877 48087
39484 63651
7122 116881
28471 47036
114425 93302
25938 132364
107025 11094
130742 114061
24177 3169
116521 92212
73936 36922
95805 38303
74300 114167
36600 116718
23398 40199
28659 52924
66554 42832
33548 52312
69180 49268
109399 105396
51854 99695
136929 17945
52654 116112
149764 47845
136428 135841
2775 122722
137178 37173
59277 46372
48572 61486
22974 116095
27214 51368
68370 39699
97397 94917
16537 94069
61869 100949
133608 117707
111010 86865
88271 114211
64827 28820
79014 34497
117264 37096
108292 106579
9212 120841
5298 126514
114045 88135
148580 112391
109400 148061
106167 92744
112282 105273
124137 52414
10842 73288
34209 119364
28218 94879
129295 53758
113899 39304
31790 136211
107008 50487
38822 2153
46059 141288
41438 34124
39364 114296
41551 22554
107817 28812
41396 103550
8702 62753
105742 26439
87221 127393
50259 107188
94537 44767
148070 82926
130580 7359
103298 37618
145985 142789
105040 31465
11196 136472
82536 78950
581 39331
74003 29500
24675 92088
12847 95082
59669 148033
119260 54803
113667 7524
135428 29822
144020 100802
75768 50263
135865 50877
32373 65552
72838 140516
143461 133000
73601 28348
36305 80517
45731 97036
25652 43601
59899 29253
138811 99935
149794 15580
73 128328
42697 62022
54135 19110
131006 147887
85241 51021
127742 109974
19803 148161
32884 65433
71738 147832
18159 30024
45471 4620
136658 3497
86454 140172
3925 104439
99117 75777
40425 9975
135287 140457
15433 125594
36881 125345
56524 35272
146700 34915
118375 46927
62361 84089
86430 28151
65443 59821
21867 92097
144581 52592
28151 5724
83484 96547
134598 83587
20135 119077
88368 11238
64988 82825
91673 129939
126836 88771
50081 74690
127606 83439
26167 119018
106001 93437
40649 99635
51939 138301
5911 24969
111703 129748
56086 21961
57531 107032
143632 132155
19055 52590
146488 96269
134058 106685
27675 142088
19270 80366
83266 115520
115067 120563
35604 74621
133962 33521
83305 92689
92095 1179
140985 62246
81978 84844
144642 114533
64871 112865
63400 48485
116537 124657
80487 14831
92069 18745
141621 100250
21162 1848
89683 10839
134335 24756
30209 3947
55781 79112
24625 7828
12732 113243
92931 78090
106993 12365
106176 23540
16180 93696
91523 145700
109575 17793
103089 132592
42803 122738
109497 90910
57429 115637
149399 94155
138870 25334
125042 144792
99464 32886
4549 66177
128795 104880
70683 53211
75072 140282
63939 15802
53205 90426
50371 123036
112751 19090
9929 83990
6294 44458
117837 141672
97338 52280
12434 44191
114739 115534
122315 129432
3622 68592
142714 111468
62499 42352
83716 5500
11035 47944
79088 125466
62575 125107
141550 133825
125092 148025
110852 63219
148755 7253
94051 56285
124701 16085
5001 131432
136459 133566
17488 33679
28163 52537
55700 32712
54071 4013
67201 52946
73351 4970
18778 80937
47494 65711
19878 91016
83563 64313
50325 24107
25966 18969
110913 147184
114738 33617
123840 131642
55410 28635
60245 134386
136036 66981
31478 34906
37706 138908
149384 13215
25095 39332
148678 20635
83742 106210
30593 122179
58518 34119
73265 116228
60891 12169
137818 126565
19182 50399
146954 73033
143468 42104
51486 120995
87851 25369
138420 17830
89953 81314
104892 96200
138783 90907
94551 60483
149915 141520
47809 12056
1195 39830
128092 149072
64637 44873
77826 14160
26292 37779
147851 52296
146252 110107
110607 113656
26750 108648
7859 2879
111536 15889
147440 117826
92308 28802
31090 4006
110208 57757
75260 126346
117758 83722
16136 73283
112713 6460
123500 100709
44520 13410
61721 130507
12663 78471
127852 50788
11681 143431
1207 80570
97018 66078
112250 126944
31449 56046
23467 102263
4146 134652
83829 105741
129025 86136
127340 110083
30979 113960
112046 29081
144734 40128
136869 50728
98498 7327
138842 37931
121735 49353
53459 27147
56149 29341
75965 133366
56194 26162
61541 87211
122501 26803
10415 27685
88522 8355
124186 77618
100415 33631
116539 49326
110683 121151
71749 134529
147294 21689
15931 44033
57012 12866
45596 8213
38451 23057
64397 48984
73635 64403
81380 59622
106509 11796
26304 19190
54444 5536
60982 32804
22528 108342
137399 122202
46130 39094
20893 15626
29858 84407
67284 111851
115260 129287
8085 14045
43145 9024
84254 65562
108321 48979
128493 31244
149630 47044
84155 70085
19003 135154
16789 112927
107356 7409
127126 13920
107527 144118
136433 72569
140880 30510
32649 16731
29507 7756
85043 35703
115962 110381
142691 94673
12831 16137
124724 86928
106251 95384
34500 100148
108044 31982
49227 71652
1029 21541
69996 92196
27007 49429
11235 12048
124365 109459
39679 85735
12286 123379
113145 40118
13996 43611
54370 143359
19457 42518
27804 86535
19289 73842
21806 24793
57218 19399
60987 2234
103232 8227
57596 76106
129149 61447
41274 67619
120621 121480
124248 2562
81920 83234
60252 132207
75681 107440
104574 135594
141164 131248
128217 53156
5676 24007
79919 74631
37361 38177
85338 103235
143408 67778
70268 4534
133349 133662
6904 52824
76644 10882
6601 53632
43517 127917
78784 135142
5982 3150
51723 86757
30002 10843
120481 83820
60743 20971
128138 129938
127502 46193
138107 79556
60379 87093
88975 46797
55628 69649
138785 8640
144422 138037
137159 28213
16490 5751
88936 9534
52247 97338
134061 124852
35753 5130
146325 46515
68608 101986
32083 128191
17883 81834
136770 107057
77187 128544
45785 74306
142260 119873
5546 40882
8038 40100
145316 141461
4202 38212
3688 135116
112560 31496
98440 129212
122965 114113
12299 149692
66041 86527
45070 115424
144270 119408
49541 62349
142877 122134
21135 12776
87443 93076
47718 35568
135177 72293
124261 78805
140017 22473
89317 103347
49228 39436
51520 133231
135384 50437
27383 98092
80583 148776
18991 141739
52267 70008
1813 117133
121389 19117
112403 4533
66429 142270
70842 130591
53651 69675
54319 146888
111012 126105
32163 20632
135712 12490
83066 61891
87976 137737
52444 139287
118366 147856
60170 115090
111156 105190
6953 131348
131974 96999
1162 50413
118100 19073
84842 113475
37864 24073
8532 113153
74438 117961
139957 5167
25984 124438
76120 100602
139033 78113
132287 76417
80897 91306
38371 148283
39519 113532
55379 110872
15662 127898
6200 79058
27614 100788
67033 111903
53947 146917
83258 51046
82667 141211
83999 62636
72736 135972
8463 130602
21629 674
23188 41773
76837 28331
56190 117081
44832 28128
113527 46730
40663 114632
104401 12169
42126 101208
55052 74808
95649 48161
95588 105610
54663 24454
75894 19058
86259 106056
40003 95670
108010 80144
40445 119279
131919 72504
8079 25984
81449 135062
45578 68865
133830 40166
134569 75383
101993 107955
66246 113521
66318 84770
67413 118482
4046 48492
52430 19910
23935 4837
142392 20930
81427 82765
129409 57693
129392 53299
79626 35125
115968 40241
13295 50591
97278 51144
120997 101327
37761 33417
93211 34432
96918 106108
130099 103152
130037 37665
8538 134507
38630 64273
28099 143795
39964 136048
126642 137417
42959 865
71059 146714
129208 147093
14043 72889
122133 136530
147271 15733
102764 59500
44033 112518
147564 22659
99440 132458
48640 54025
92175 125718
5821 128414
141830 131579
44298 23914
44564 59799
53999 89494
12895 100725
95701 9911
113266 143170
100957 145064
113348 31133
100429 46947
44201 9226
143206 36123
118402 107154
70353 85241
12688 142235
94215 127890
84118 110320
78256 54753
43404 71805
29523 806
52976 112825
46028 17242
117975 72927
39195 125806
29344 88075
50025 88447
28522 145678
41878 142840
139324 87662
51774 100757
126514 110766
116986 35807
145368 99445
36962 42296
28510 130461
47008 59157
20251 41674
57600 147155
74574 26212
64355 93031
25296 91347
47123 9030
81173 5767
56289 48590
6610 74193
126426 50735
70952 82546
137192 65146
90302 121166
61428 104676
120509 4571
98186 21350
42644 128348
45589 39029
92284 110645
34201 16105
130342 106298
61551 76604
117649 126344
55146 90369
77943 116400
108537 135150
125271 113419
110422 145687
86525 83023
18027 127256
113405 64317
40660 39519
143552 116067
148655 68980
59141 71013
127280 29926
33288 34755
29121 94356
110127 82695
3351 54132
80577 21405
144288 115651
137186 100127
95144 28906
66186 20684
140762 97417
73763 8117
78483 77363
24193 60292
14819 107221
30764 44584
129629 7780
49064 104817
149086 35074
6614 48533
31930 130333
121555 23117
136945 129348
22894 96384
100273 36871
80807 62009
33829 98394
46067 45623
140556 16853
106348 133585
14836 132827
130885 2660
23940 133685
113740 133642
59017 9211
29048 113865
78600 82718
51249 2757
116643 144421
4494 138003
1399 122753
23818 67723
88865 110607
13632 15144
50560 116410
98374 104496
141254 93963
5462 132763
56665 89982
37318 25170
81766 6626
145993 79253
58069 41404
63535 2424
18631 138713
119079 31451
92332 42638
46245 144293
76945 72045
50287 94620
68630 62375
102417 46740
64846 76456
125024 94498
39343 112659
17788 73547
31610 4779
7950 7950
21204 138140
113745 39882
39827 33684
45085 148621
141797 71649
57406 34363
8105 112487
110307 142311
69825 36414
75731 53217
29551 66886
105082 32396
147052 7192
27424 35146
92471 87083
125483 19847
27595 84080
10683 149087
103834 149450
72323 38813
66261 148669
132279 42913
147373 80434
110065 68460
109748 27172
56142 147627
37501 93210
92053 110542
117426 69553
115064 103444
60052 42166
74435 29765
87788 107997
140881 122875
88848 137200
35501 77742
7906 47144
6710 93803
113730 42929
112396 68432
16292 58797
120552 135511
120668 58007
99016 139724
27622 114898
143207 6268
33074 37758
127610 40140
3516 135111
31383 133283
92970 94330
43313 100117
130622 77300
131182 105693
54763 46328
6457 83991
28261 77229
89347 134647
122721 47378
9813 39881
8331 47903
109328 104022
4919 97513
66373 46287
62191 127298
149489 32954
17114 76139
4656 137478
69262 27974
73107 61868
36012 30780
69227 49012
47546 6200
2213 144881
114671 38126
65680 66154
84791 104300
52025 142982
70725 15019
65880 115251
11144 129329
38195 36067
50742 73895
13008 138660
130566 76338
32408 52267
72362 9424
76279 124972
105481 78289
37024 132840
121674 57632
67406 32803
36604 52300
74069 61456
2179 87095
43878 39804
19788 45674
104001 100484
56946 53923
84533 12820
116521 748
5619 142125
76008 14825
58657 88162
5316 49214
49194 136896
33623 79434
63778 86263
102799 32517
2184 66425
3170 5361
15844 117917
71519 104143
144191 17392
128593 15890
116914 5082
144685 113384
26791 111880
94586 93770
41724 24923
149952 40001
39638 137021
9592 103267
136385 92427
55700 72233
43605 129395
149496 145070
