1 10
100 200
201 210
900 1000
55 200
1 1
100 130
1000 5000
5000 10000
10000 50000
50000 100000
100000 150000
100000 300000
100000 500000
313115 231905
300219 53220
136762 366484
41661 483699
397119 76671
762558 846445
158991 455677
686352 165279
888714 133162
722810 517165
191462 252343
664751 503363
619489 661070
741427 873407
824145 960382
760015 726119
826866 872299
51526 999844
668863 275479
270740 88184
621747 671215
865224 726767
761130 48705
513994 180815
197833 3956
404702 758338
655130 697211
169739 20070
370861 770918
220565 195256
197048 962883
449452 864660
41245 199944
918870 20898
226018 916113
689265 28604
25482 206672
203388 394857
514510 318504
598010 91812
938049 502269
492860 452963
935752 230492
827035 291174
551096 42172
760970 233045
549920 788508
877070 807387
59970 74632
294627 294423
614928 854198
781272 86264
505521 679118
431400 865056
335248 914854
96101 253919
396912 966447
429966 588337
760972 33831
483790 443556
80011 42075
562609 348622
367632 31726
263324 132881
530359 760064
589518 675482
475647 838623
27145 587518
562787 540284
472306 872143
771256 896671
831972 458946
238643 543504
351433 762805
843220 832002
358869 94750
986940 868914
750428 948447
144455 489977
555250 246132
965014 96334
270829 138043
609531 62774
685757 535980
556167 77034
312961 618748
772835 429157
265513 886212
653054 156848
137971 540720
749087 461077
789906 527219
346167 822507
160818 406996
618136 830994
107298 607241
241555 560071
326828 833604
451288 19122
424352 113117
897301 956101
300032 319638
156442 917669
458909 392138
336818 490023
437443 105293
277740 944627
534520 781777
286147 190150
224176 481522
870955 693074
427435 149492
706735 65067
676957 785062
445942 801752
910402 752352
95603 46188
244312 716651
441562 64589
217902 459604
203499 437614
733037 803668
897514 977030
349518 993134
831335 474426
342974 743375
495369 190709
47137 320688
601486 510989
208788 110300
520198 729736
938944 47469
821167 641668
669062 506013
381226 926155
963005 351781
450584 224473
59698 646936
41106 23082
73158 950751
305690 380582
459425 837954
412382 892221
103798 717832
751319 876752
702982 308496
362402 736164
779961 333930
37854 583156
291117 200867
444910 465079
66443 204490
68760 329603
959415 935180
838629 213472
168866 52371
872706 138098
596780 694176
358647 55208
581882 912144
318663 588868
557791 596321
420166 820386
242636 684972
410486 991211
797026 244813
125983 605046
192895 990431
384015 64237
490 497246
950904 233788
187451 580991
122258 182433
46571 840818
386434 628891
255628 285224
903113 153508
591802 341393
89603 468295
335742 351443
369441 437836
254531 107773
284711 558691
519806 578441
97875 708171
225466 549086
480138 372352
631342 836924
25393 910987
834213 47116
270008 113457
814944 300708
643284 339112
660691 967163
185694 887491
366866 489888
174181 535070
875887 288918
587633 578546
970322 837899
955861 193599
613937 409731
262315 81910
496662 120355
769578 679458
685256 249983
754232 755401
317624 572358
356770 330986
217124 20742
371205 980744
679242 328380
402758 607731
839516 78835
605514 973741
613332 606933
841353 295599
854094 168250
11385 257114
398305 365278
632822 838928
956873 338160
482000 644955
563100 15073
690545 753463
115186 821705
821487 318960
708138 806968
53379 99587
266085 614558
131496 133382
609509 515921
595250 180419
171903 440081
609584 698764
882193 31187
911088 632369
641974 864257
263954 715044
562988 156206
903743 412219
26786 171900
641310 176993
914334 993391
524315 88100
201797 11319
780457 356127
19589 562622
193544 302332
61727 891730
264799 487342
832172 166813
291595 647207
950746 988411
494529 774157
184827 844816
917038 529304
419064 317838
498091 26005
539582 843997
27690 89813
475420 473984
459425 914575
461008 818130
953674 364652
702230 987775
487001 513942
740234 858991
932302 113987
527257 485603
890239 675923
280731 391508
52376 697164
921429 224424
423778 260533
935773 223391
199628 866503
246543 424125
280898 794420
161446 64775
234350 86062
459093 355582
485437 710555
202523 507068
198888 488415
464673 17501
575993 161465
2201 65387
631530 124460
604206 191398
174566 575806
417698 867578
993485 379823
953298 311881
849372 622339
886669 220567
634416 131161
87631 491711
679860 874962
433640 621791
776997 358925
456128 118422
550581 951462
15685 116913
284014 935896
949317 205995
666847 20295
529138 950319
504112 119463
367021 395849
649137 75630
144240 915094
517060 256585
813925 830410
429228 72331
887575 647467
59703 987357
978519 125434
102966 950469
470647 893015
972913 484297
573987 510502
395102 282857
283212 379898
974961 875231
999498 347399
432873 710529
612581 394121
792398 304360
480568 199670
21173 789629
810903 248419
322316 491506
234106 68946
669254 149294
988462 209810
965006 785922
121091 932057
447624 620538
124148 173743
948634 896262
984544 974710
113996 931527
3043 498268
194998 325118
919869 129877
42124 16046
615626 431020
231433 883320
366442 110899
538241 741376
876977 279189
579847 64774
192579 529962
928474 128600
966399 492881
622693 636222
453994 864169
49924 104030
755828 309789
581345 366160
806295 869503
226440 278773
589966 2036
106880 892125
849478 678775
292248 360825
983417 77547
748865 729663
45045 836048
644711 89875
384001 951395
747347 358757
989061 903055
793440 799209
501339 249109
220589 697141
485826 752935
688470 829356
971065 509432
166700 262295
617732 659442
248804 943257
275409 598398
880104 194092
233936 3166
813522 551589
954527 894412
59667 819315
77748 45609
949293 442959
382377 78007
106834 382017
764675 63472
122166 362436
822799 410070
364976 37208
717765 446199
247955 799890
222803 813434
598141 219413
91393 590348
638263 724057
956311 890583
950861 232667
359079 791587
521490 659382
732151 507583
659601 961567
642048 708324
886454 260935
894752 941399
653614 157740
872636 280352
302609 529742
469942 82036
938916 606241
201973 756297
790411 906805
947314 401789
606478 822732
278907 979824
517734 409147
48958 823677
522558 425248
502948 485983
433751 603252
825437 151179
748763 336094
670874 174919
712534 42363
899311 177988
824189 408188
391204 885769
875982 587252
857069 301430
657122 65762
497375 580522
259924 451507
103507 743923
144951 96776
472837 861524
876725 628209
86177 453601
980627 524067
422783 430678
213839 75641
816726 819545
88586 29286
366283 957468
885194 913084
758423 834599
796784 443880
348182 369490
704809 598591
249792 539960
651066 866563
797294 733166
862487 762300
950588 896916
753106 535791
584661 554280
983969 768026
285328 42970
408036 953036
79973 335402
175999 83027
385878 614320
184563 312135
664265 361862
428130 402222
531507 218399
55511 307228
91634 129125
712217 473984
167870 791155
123163 762575
446982 356893
917009 56423
778115 929348
521915 515704
730201 832026
796956 387067
548844 265179
32857 392361
729553 304581
324790 323365
420402 742267
706729 262637
997436 397577
284498 30420
962749 729805
288711 764744
792955 596411
698898 624511
227559 79698
338801 624783
27056 152910
952061 418937
986307 501289
510687 258140
159506 715959
761556 982653
55436 139709
837549 73247
921581 821617
586210 151875
936387 444875
985946 684958
965869 472852
38787 143156
83462 436060
77726 898830
557927 279520
822773 492148
176384 123763
676682 925001
292920 681954
549072 522548
17571 75931
224294 588865
849261 964330
34288 129444
522711 838551
803005 984055
736692 953137
786306 75676
265569 492193
308254 509131
271887 808036
611112 965689
845844 568177
766826 63153
128483 370151
973860 296063
199833 468746
929112 436572
336411 148261
726370 383624
685382 406588
393781 695800
296538 324605
432359 450247
585955 730757
924297 423760
477511 835391
249917 110956
877177 787203
9199 382194
763876 401210
574870 20120
217337 118292
569860 578565
162320 325278
329493 431338
756048 579194
795614 315094
999359 170537
375889 127106
372564 289798
680540 506502
746361 624137
914199 433424
211671 423483
847949 549768
170267 624062
934191 612640
39976 109955
12242 480390
530013 272758
453041 373206
562787 925033
202110 362875
555634 317516
148043 475216
381091 381513
427484 414413
90909 295605
242114 668232
452512 322529
30616 742895
294679 961062
368658 812800
478540 278329
844296 955258
157695 78341
925793 78242
938094 304176
438314 226234
573073 95636
905859 936734
715743 342611
222374 247266
127039 951586
145615 399291
828860 380411
941794 686273
445198 791444
311464 332686
721052 576834
132622 768391
646128 298718
987782 193521
450992 43569
254547 606369
697637 614432
879229 810356
327599 746510
862923 361400
252955 330101
213662 668801
494184 656277
117826 348275
583331 979258
456218 461085
601734 175649
141261 749621
633970 251291
352443 306434
549763 697013
936190 399876
221884 27500
361437 240268
929514 99137
544787 837893
957448 575492
893395 309533
582760 420118
989706 167339
204614 899123
596688 104682
923762 802160
150949 273956
714246 380002
390026 661748
732466 583304
342040 875246
33464 365370
706007 953428
521876 146803
914561 234431
231437 176764
256718 767514
72564 936703
684732 463106
939889 43125
237416 485284
692776 91512
905677 312706
955300 269328
203595 998104
535889 356275
499016 675666
700990 216420
143242 283448
697020 314682
707248 478591
274715 638471
382847 936455
905127 192509
626819 351975
13528 977030
730580 593638
85628 595560
324554 709612
980205 468530
501337 432999
19739 512911
592900 396251
31376 143525
222974 448493
717744 746104
844610 430047
525262 253966
431315 847490
497728 362916
267523 908245
921037 88453
162761 249475
448987 38505
233383 497581
958541 320577
380447 255786
571608 268776
681393 343385
485463 335673
231793 6774
139214 636167
368770 794261
427093 571246
91577 615089
20461 176221
943186 54456
407313 596849
173536 901361
776043 390629
709635 76701
217400 604329
87828 460089
387483 141348
517364 204779
6773 445831
108607 928214
996926 539013
818278 526054
953199 366002
637332 980167
463488 513716
726428 913990
64055 405521
209900 93470
920029 791656
109171 622622
545833 641510
456710 820413
738187 714888
120676 941106
690779 874559
438578 374166
851774 749693
834700 866169
551155 449944
96509 134312
752937 747490
21856 145335
115420 573376
700632 893752
634542 395034
381891 336579
494515 522392
391564 39871
680498 474733
396064 331063
965200 260638
895818 891156
592805 128565
942635 841675
928850 135398
846849 202106
90896 336644
553225 818453
900005 815467
107578 38225
966588 457970
920841 828276
902482 386815
232134 892508
819305 60936
723635 173971
110290 777647
377620 964985
899550 608857
980033 140595
804063 484476
457918 609900
377503 334976
502256 495408
844890 584557
743079 387876
470131 339929
616611 642334
599569 247655
349573 691060
409985 689890
790497 847751
157655 293403
220739 739374
277913 749896
719566 326354
702845 301844
708792 844039
66279 2437
883549 431547
440826 472967
196108 522827
692926 811299
968488 730049
605935 28272
912384 240207
863497 721326
357789 232005
306443 286911
243453 677265
521930 706172
478479 732000
856737 912008
832412 136312
402218 768304
855939 18878
339641 826157
62332 386401
197520 391250
131533 701498
113774 522560
435861 463894
604766 531066
813938 820020
334282 480255
58639 160834
106188 794281
672236 793106
110929 624250
889177 389034
809940 353455
644555 999385
303342 781948
291693 715679
622378 499204
11217 38092
53705 71328
306287 872968
667800 865358
722569 716232
85561 862052
475136 210561
293815 642551
483910 28232
800859 109251
596863 956929
42821 423662
608888 245175
763047 742760
818941 74395
655669 705205
733318 496808
16508 296385
358860 891607
431360 634072
400936 242660
2162 111883
822998 964056
915574 241074
791490 769550
603777 610910
24338 395880
434341 985080
904832 155659
184984 136165
81220 478466
927784 216290
613255 546683
432140 904368
445656 337470
571724 205908
617545 541111
138108 901472
962278 363375
56823 13589
996453 387121
231587 865902
556071 686114
200377 47662
322778 900620
637344 646324
270879 649795
481950 71906
248244 496319
554891 600011
544638 795660
811012 120966
679875 665357
918499 323872
710393 354099
211684 74316
670201 376457
240191 156423
411133 148226
156440 286089
476182 29501
93959 257527
535390 609914
640743 358347
824427 931002
139680 308075
688471 660790
242018 892564
784225 364463
544024 281371
58907 633862
984392 808239
714783 110515
781635 195398
73648 324399
924942 872939
500101 32713
422590 879342
806421 317907
664429 209814
669283 945628
243458 556316
948113 802901
632869 487593
969611 147870
474540 749828
674517 688880
489187 834907
89727 439365
958209 577055
692586 987866
750388 348039
496185 320920
363465 900459
795096 730720
874062 507809
79752 634637
76440 402189
852564 454640
538034 876978
859199 338860
198769 765821
105513 764312
20212 295378
571105 874871
485148 213979
461799 861852
9338 528408
743824 260268
12520 125913
555223 404830
61470 161480
270835 1770
209506 172038
442369 191510
613240 402188
942189 131011
141166 97186
48848 704299
68237 35384
507090 346232
80096 28992
218552 64309
930995 732722
453304 228334
34257 209878
871759 726406
762004 693956
403362 887224
397325 802512
785772 792853
103959 102771
272986 770948
699598 356220
75152 489512
341094 971536
494133 205821
450449 18607
899374 279276
46326 253419
461774 421264
445709 219287
373996 750406
576997 964966
308754 209520
138953 658445
485764 944451
268543 778615
361450 645274
895932 242680
650720 71130
451756 554119
776302 952314
376228 842629
125344 327721
832167 211141
277149 593447
727591 578118
856285 414238
563711 481745
716031 977104
94625 745577
515850 158970
618912 253527
83781 590046
655812 590907
152386 244191
712407 347128
251930 550031
239820 798173
95405 554504
503394 796574
159965 246661
132786 646992
303197 279990
206599 804019
125261 880439
26546 279022
