51425 174539
78718 942098
726614 373931
50711 886477
712995 390385
797154 874608
411630 556060
433519 614521
541455 905237
406679 981958
325149 922013
764486 834275
561664 179285
390642 374044
960192 886832
930078 11617
61372 523000
467919 302190
896930 518630
702872 609925
423219 500026
998738 834849
570290 946461
449370 625950
851698 370253
607908 691051
292266 372394
39531 368135
551678 430172
742178 26075
831209 186461
37691 892580
709461 505610
708974 606391
538444 411846
730521 475867
426077 729259
310716 510571
189925 274290
136521 41623
644542 744429
732673 451013
631027 286408
333352 696910
716580 75530
722984 61994
776195 274880
954573 485656
294694 177752
606251 347342
103803 336772
823208 529879
580235 648129
40450 284364
922418 691175
325986 81166
949808 572863
46383 95040
859271 379734
791949 90056
969467 29139
152049 745662
818222 620826
231318 627120
798577 351774
974461 902379
202750 797669
946462 782985
960002 501117
67349 396626
192292 907539
477791 656304
480402 38378
751343 853877
418111 543293
458137 901782
86636 610185
647445 419062
231011 392967
46182 543793
744740 20643
960376 947490
332516 421044
244680 292519
436365 826232
203349 628656
733771 195344
799164 728378
233721 550507
96460 166036
608004 554597
67818 694639
164782 715262
627905 909997
108230 674086
967994 367174
694728 928370
314664 541449
863618 559343
348172 299983
385576 551520
442843 633551
261068 242007
361929 494788
792514 458389
175028 400518
12986 242845
609362 691971
472312 237267
601968 94746
425558 84167
461919 120286
12538 776583
175939 390360
850130 38315
690343 235706
589834 133186
869257 850901
889397 745390
859893 196116
717983 34921
596633 245173
791970 720199
937144 264282
471671 53317
359027 897228
137484 820945
531718 664225
111733 707657
54585 961863
745971 259132
711773 850010
392318 95235
215116 795919
840625 589214
992034 558608
624134 102872
803781 416104
823071 255130
194590 294742
308446 67821
706174 445929
888766 237892
110154 514703
459753 678943
990770 719929
938074 702544
569939 844596
797778 299259
640515 152608
888472 632549
711216 26812
249626 29202
957119 72697
284331 665914
881642 106981
733734 102021
552910 622500
339912 177268
651408 799665
370415 642178
519594 308490
344722 603737
153086 656705
417200 307806
809312 819877
454559 34733
360893 704184
578138 318012
291085 376673
983925 686931
483654 717660
788951 550768
854364 128864
242240 19977
442733 612655
662155 476531
921144 521081
594472 588434
691990 11672
896239 501303
345753 350799
50240 706645
54983 628378
24658 346068
5051 522787
547203 488704
754651 336155
39472 123221
465018 281712
143197 907750
894366 319556
384281 329715
354842 492957
918148 46832
504628 814388
62339 850381
679391 112579
557026 734373
255161 95888
594645 260211
132880 141849
748915 401735
478003 302591
524955 457225
98507 182357
879179 507077
16117 777664
350996 885162
270621 269145
446199 775248
597737 508537
139834 277128
135320 211065
525705 390480
306952 120351
650691 954035
776403 913810
355771 768610
730605 394930
740039 343317
91491 619218
850393 621812
396882 201390
506974 667502
984738 953172
956954 582475
975914 96789
859602 625438
307853 385307
15919 129009
19862 180814
597249 310469
608828 953019
79079 339433
862153 819117
196954 953644
952539 47348
575456 349421
762941 596634
16923 747679
549807 488082
844358 39926
584870 703960
665363 406927
603471 195486
50140 137538
376299 647388
448006 499331
114612 41290
838764 490970
374611 35718
444614 327151
597269 534274
676571 874414
130908 207699
136298 194919
695780 980655
749048 794854
198820 414412
715985 316496
609897 280329
454033 500401
441922 902038
999731 556533
943327 352700
561707 317939
902622 520525
645089 499891
54799 835864
888510 699911
557767 24808
409034 253547
519668 158083
562605 232692
572494 792794
549187 696595
73124 3220
196996 515045
419463 710932
585782 362790
63632 147490
194933 966253
668014 354226
980349 237018
190091 383064
451133 747857
922075 860166
515609 441743
18249 592418
674435 104947
385213 737826
801542 972540
741046 512742
1790 160509
737878 101776
37503 801510
249265 232436
281968 431484
100866 776521
182706 290956
159585 633838
553018 81661
494004 582831
37608 26458
175249 712042
131404 74666
964073 447150
561410 219324
474097 563199
894036 211975
664975 931538
527689 428444
678178 809657
374132 779044
586178 556837
584204 259968
704879 137222
341628 198884
234257 379235
225341 923710
605482 870948
998375 83760
832303 559786
303083 306400
637189 197119
32579 816368
642861 560268
244813 321040
884129 618944
614288 984511
689986 712696
244479 394865
849918 100311
107953 598379
993750 847497
522089 113437
718446 520465
197196 64954
594455 14483
371353 745848
211601 918135
562217 368666
478403 321234
203910 362532
454382 818197
861248 144368
530894 105727
53438 895016
720242 161390
493395 713992
523092 15485
341633 241538
50154 53033
820695 158813
67515 192048
904660 279115
110183 981081
161985 102791
302315 365895
979526 756697
698296 840774
415269 229190
460706 468706
638410 695152
144301 646010
923348 667392
175699 264981
423134 740056
318013 243829
898868 385527
950080 317733
178846 60263
298815 855034
677257 115334
220929 656784
872030 919225
11763 287300
662619 986672
270210 301030
681824 414510
461244 605172
81902 636942
384357 505035
376998 702369
748863 790070
602100 698943
107803 295150
273411 920821
150185 464872
36156 371113
121656 422390
804542 647623
223894 467162
634295 494104
282396 830324
908613 743639
435496 504720
380581 334058
523959 271783
36427 787027
61853 152732
175 169655
962085 787789
604681 626474
252662 155041
997587 888521
577430 316334
536144 801324
783495 684644
809632 65891
514968 232450
809529 464668
737169 704314
798725 775333
976096 349357
562360 37949
16293 562534
721808 978377
350324 326489
604852 602985
481529 116644
491506 573163
432977 541855
888691 730677
226499 212528
796567 255671
444978 120302
720338 696351
338820 33269
471684 829121
382625 34044
867069 398917
110783 103082
891498 461106
943774 496350
578295 939507
127198 69801
512671 560175
125860 915566
290852 866562
128095 601623
122233 573072
236129 356776
783627 89154
904248 255312
918274 801077
803559 299548
199994 914341
916834 605696
375447 860608
102047 467946
800116 743448
537747 826991
303623 177811
256762 108679
44374 384856
224507 680810
472132 974839
551790 255760
63993 456038
25276 496471
257115 343039
310224 971312
257381 227058
577009 147032
87666 193260
614978 401986
936707 666929
743181 754535
358944 999943
377418 403317
899003 601924
598332 371136
90969 150122
141100 669165
120365 680579
165637 891683
23618 475860
377201 795202
217122 954209
942234 304787
661673 71417
220978 598380
252550 964158
867119 611493
478306 244538
529015 377310
360666 127347
262650 451634
791672 917953
635004 426241
598532 314845
317925 136354
304909 695125
931556 522030
163539 387995
341021 825211
459411 561998
937795 226165
40362 319120
837657 518667
563657 366672
895976 438527
8223 672830
890161 799895
590783 39370
226136 189315
354214 58265
839873 659122
267594 771429
181152 431132
673628 522172
770547 647243
598375 222548
873407 638736
541667 711064
671607 619528
591941 81789
58055 600163
754618 462420
400058 345402
501789 140399
48921 856002
712867 888793
29329 980461
174427 210480
925797 848054
246857 210550
495297 845231
433097 882908
998171 488968
108178 669778
622700 700118
265771 194959
300281 20390
657379 214544
365791 673372
869146 928915
529375 582013
817709 558703
562474 506340
283388 488272
354395 44449
213026 363896
889679 646122
761009 402055
649294 869186
586037 786198
569304 851808
981156 383789
872197 638535
112537 752192
826112 495887
681107 869691
77901 13021
428394 154579
519361 225986
157055 387960
270434 370080
751855 674317
530406 512864
590576 693904
896254 176614
480102 979762
542626 461259
877756 929027
613998 504497
195424 440110
385 876530
309801 592489
403756 252400
747067 923116
478385 418327
311076 263024
788406 577135
937340 833017
604204 42122
526921 500458
218735 7024
994425 275565
468282 872181
204592 596484
376678 400015
36595 377062
790749 860599
969550 194505
112999 230823
631825 105589
649149 457105
368612 951759
34241 820156
784776 638444
862277 311698
653106 595216
832925 647531
384985 815411
33917 103781
411895 410595
18000 448489
301861 322954
823293 785616
517458 936291
16439 663488
41880 179792
120593 924695
645755 154833
259057 430532
307481 635538
256434 474792
744959 603563
636527 129944
418974 670444
747929 830868
595243 765928
793562 411308
88882 616855
196924 120545
67351 727566
784032 623435
421562 418829
548130 67318
87867 321391
12054 909551
956929 268487
384343 216093
386254 535075
860240 805227
719723 608169
636095 829170
888302 943861
240478 977183
74921 951606
611932 142272
679172 910168
765706 614939
328998 828040
682256 416864
149432 694309
840619 620565
477000 224963
350862 863253
274242 211102
668480 993964
819271 818779
337339 221778
276846 577816
198961 351766
529422 810893
494037 722799
235266 259743
337738 564263
87784 534198
495331 751419
228507 335951
886188 219711
75118 237050
82964 349359
448151 265648
857527 781626
598631 709070
3404 875476
286886 716569
227243 330513
41667 235484
567516 276932
9432 419458
355400 611419
953655 850730
362838 696366
700885 763230
916076 290207
280 513244
639565 962634
293096 11297
258466 891726
720366 261869
767203 521457
492642 508650
366174 534308
258338 933689
325445 267769
353147 195049
879187 821006
559983 756229
517372 260869
519459 947652
551075 519738
975100 704845
996577 268196
230346 255043
159922 464917
31116 441329
986373 523758
464183 352547
572270 722521
800440 411919
990289 667791
606967 383682
488797 166951
139911 520373
427819 659370
468025 493098
179108 443125
197943 175685
225525 942493
944931 385446
407410 976047
826775 393783
14010 805162
260534 586279
527683 60974
998198 32178
728764 119370
415859 731765
286320 555769
252138 228343
215139 234367
721441 908451
191696 433588
598340 417220
890285 543272
316870 297695
519319 657849
205682 47533
463012 980419
633811 990694
41393 146214
22872 284361
779788 952934
530330 66108
508704 296672
808655 723842
531038 44301
146498 236938
992092 744838
168362 882378
802314 485232
180073 835837
143081 385755
883369 120297
366174 31385
625196 921771
177599 162272
720336 957386
115207 250667
537698 623910
547338 346353
861956 592581
390653 8455
343723 382746
267497 512085
779328 69811
511521 959400
905647 168806
859359 789016
289103 739738
334605 914298
175714 512203
76570 896049
983793 191776
660920 35697
329890 722463
896253 191847
829248 286907
200301 172971
183857 467797
199260 963184
51812 710780
436789 957458
879586 810353
260679 682893
550091 595283
111396 725804
621691 702169
136058 119689
408150 311183
155385 738039
33646 51639
929885 377098
852749 644390
550068 550810
626391 749328
28199 678202
974312 464987
635660 368103
275340 410543
50996 339635
5827 676595
579643 141722
378765 715701
261410 786914
541088 416795
524953 574733
982637 969043
466035 835386
613433 16103
386196 239825
279635 928598
432231 768152
393585 67892
136255 183130
478434 701455
36969 998464
378050 616612
654390 756814
846517 915800
57933 387605
846799 582886
476542 343641
66134 942576
179027 193771
472883 79427
947799 266723
8025 380031
34875 915813
447922 171129
613147 440560
872583 650116
953229 764838
780932 121824
35857 627449
37624 93790
15054 398627
190880 5800
742267 257013
948375 435498
450783 935462
29129 398583
202185 551357
778613 237059
467171 740739
922392 594522
695503 309180
758842 162937
74018 539774
284761 109875
167223 836588
203664 696480
749420 394543
702279 491687
165760 164859
441390 616542
100322 470518
529329 302506
21876 822146
539565 3251
77090 461957
111977 286798
285341 870819
449734 359359
410593 734494
469233 92021
85288 187101
302705 834707
95848 4985
840598 261607
169843 281988
392353 784368
266711 435887
86875 802790
772237 140644
320245 849327
116805 432221
136125 402145
303040 585858
761503 227838
834557 744940
834062 919844
446245 136767
268756 56297
141751 109354
317903 825798
391342 224461
610166 172257
660347 211245
975046 946788
866092 295291
796115 982896
727511 446444
385042 544756
32303 660749
286798 381064
919894 120860
815112 880343
257626 83868
936640 399377
193221 768747
739379 98767
507412 863749
271023 681963
589199 760273
628752 455291
55564 424867
438188 297280
871311 337434
842035 417818
512387 128833
313086 946485
249692 642402
341034 507317
726269 277674
420898 433694
560625 674481
46666 68038
538231 317688
750000 641634
77962 892956
96925 647729
317824 49317
945008 703339
386750 301248
635361 413342
944284 948446
874031 708180
590848 215065
729702 831321
6943 150600
779219 567568
339286 825884
149810 391721
657777 414014
33355 249943
306971 130279
897671 138999
693800 356885
842337 80550
172337 991902
8096 116622
454553 882127
824801 559605
97192 68708
390926 104135
733512 684349
185907 72798
510234 335716
464518 682215
749729 12077
932157 56700
656559 344033
709902 350359
215122 66444
945113 387459
58346 953208
18285 512898
349540 843085
72503 960936
911793 977632
579275 645305
661982 765181
232307 686420
615101 211029
368635 879034
223105 300792
449939 879663
159029 159841
744227 374151
226285 689340
761609 284630
156753 779893
311733 506293
137183 898439
981433 563180
390277 560708
722689 52259
840093 469200
252883 969398
680228 621517
848432 903332
436513 812575
297201 595541
972416 41428
483896 712905
730767 759709
997534 401724
53807 823471
422221 705194
721911 403654
268374 626392
478566 505268
678650 318659
974467 931532
802261 654696
67254 650694
72233 503766
463269 883637
613511 949889
925064 97408
662794 170036
857116 174534
571760 425128
998004 993980
130322 234120
911839 912899
374716 390405
418167 53366
223269 906839
499102 25530
75740 80560
190428 662176