1 1
1 1000000
999999 1000000
22534 25965
1 100
500 50950
4646 23689
5040 31351
31639 26089
1929 1503
22783 18460
32624 23946
25215 29138
29854 31681
6001 19996
27595 9147
13268 5437
18532 4100
29892 18325
1325 12954
5285 10569
25118 32753
32560 7778
728 9536
23411 13411
16343 14131
26697 31836
17211 19977
30928 27350
29745 9546
6342 25514
30787 19384
3297 18861
21670 8429
26527 14462
6313 28290
29686 4111
17085 22676
12283 30962
14429 12170
21069 11211
23846 20836
31495 160
18940 7894
14831 18344
18950 8572
17110 14459
4644 27447
15325 4165
130 20759
5792 10218
27514 28660
19678 19407
28511 8464
2600 10919
31705 17064
511 30059
4724 24085
4901 16329
180 10303
10820 7698
6368 1943
12626 19558
12754 9577
25853 31855
17385 22998
19274 10387
8517 12667
21116 13428
32666 20772
25040 28800
10018 30761
19256 7394
1353 20228
25833 24103
11966 5394
18404 2659
13192 29830
24554 28928
2514 8409
30348 14575
12060 8474
30237 22192
3986 9265
26718 25573
4205 9006
27656 19963
23517 26576
23374 16275
13381 25928
7274 22567
20166 6964
24302 14619
877 22955
19132 29738
20948 10514
13117 21382
26780 16994
170 32174
4505 8500
23475 12213
360 13707
5319 30509
7913 4821
18007 21185
20928 27260
13249 11629
7906 19821
4981 13463
6980 25623
26861 26884
1108 450
11247 7212
26370 12235
12412 30279
4496 25855
3966 4794
26461 31749
32403 10766
25834 3798
18859 18378
4045 13500
728 12770
21923 3395
32579 22664
10748 9773
12028 29357
9524 18444
25790 13968
7111 1204
16986 4181
6230 7005
22138 19344
12680 20144
28106 23598
17423 32331
24489 9041
25907 29858
9241 14043
9544 23849
3886 21744
22202 12676
15114 1687
3779 26871
9385 5131
17247 1770
12828 3914
12465 5764
6985 19347
769 1138
6581 31159
8193 801
25788 16225
20978 21271
2542 22226
24245 4181
13919 32104
7680 27479
26683 14715
11450 14487
6440 31099
29708 13683
26006 14818
5530 29483
21832 20115
32304 17612
28662 25816
30377 7940
4998 4306
6339 400
23895 23420
10066 15641
11600 7874
11930 18456
2338 1997
3649 13628
18398 11388
16761 28107
31195 2477
9278 11148
14411 610
16838 9552
7405 22056
9466 2916
5241 30797
21705 17634
11584 13768
22106 31775
13136 16533
28620 12725
8438 22922
14261 6502
19452 21981
26074 13795
15627 28931
15680 32436
12957 8845
10090 1260
2752 4479
29521 4173
28589 14641
10861 15910
11713 6909
9302 20747
9520 19983
10526 21357
27148 5546
18586 13955
18783 28557
22006 31061
4844 6502
19497 22607
873 22439
23303 6578
23308 25926
8922 27564
13788 30681
16479 6121
8411 27029
10604 26018
14064 5995
13680 12978
11625 15058
12115 26948
13602 2870
20591 28758
28617 26560
16466 5825
15922 12743
28166 18686
869 20453
8469 20679
5791 1246
23824 16752
26488 21788
4752 10103
20955 25882
28417 30591
6389 30565
18669 8939
17331 32598
21924 24611
23620 21402
2538 17482
6674 24769
23989 23482
4137 13194
31956 10058
18526 27796
22873 12743
17153 13660
1467 32013
16512 32470
24628 27362
32254 8370
17846 9503
22161 17691
20403 24761
479 10471
21071 8493
26201 14585
24544 17651
11129 24276
3430 26066
5016 16418
21462 20862
5353 8459
20236 23833
1529 24439
15819 21246
3899 26271
13999 1436
9061 11021
22534 15527
22173 8991
10915 3582
27723 28375
10592 18191
5263 3641
8332 8631
16603 16857
19943 30716
14098 23658
7585 1154
15513 16185
9355 25363
24374 20309
9573 18699
25229 79
14739 16700
9189 31651
19384 58
8301 11996
16582 31435
32336 628
26279 12857
32113 26579
5375 15487
5455 20917
16052 5978
27936 8366
26304 1836
11644 7821
4961 7488
11188 2569
10528 19531
4119 15158
20411 28135
14319 29442
1881 13692
23433 16092
7180 10514
7239 30735
3240 23470
16806 21505
30209 11763
30215 4792
17265 29965
8767 18772
31269 31077
15624 6940
4436 28661
1418 6917
15912 30503
27952 23928
15390 20095
17382 7642
12802 6450
5998 12481
17827 18782
31499 22056
8263 25629
3413 16213
12640 31545
18781 16648
24136 14940
20501 28951
5015 4634
11864 26755
23958 2321
7339 32118
17500 12998
13419 11286
13674 3706
26351 14032
752 11501
31075 4629
6848 12333
14424 1428
11752 21337
14575 19576
20682 23421
23351 17347
31998 22711
10003 10026
4051 9499
23038 10223
3919 22080
306 26109
13929 4414
27351 4238
17063 21202
17688 5844
32211 2452
8923 19020
7117 29617
22186 10306
23052 18521
17270 25359
21324 727
14718 23617
31693 11098
25906 8221
18690 25006
13515 25159
1645 12002
22050 13432
4076 6834
24147 1229
2874 23238
31486 13630
18998 28203
2477 9341
27198 2434
10001 3518
12269 27722
11556 2461
31396 28998
7723 29846
2538 18303
9239 12107
18741 9655
28899 13465
8294 29193
8383 16570
24056 8247
15684 32219
30753 6222
1241 10520
25224 11580
2144 7950
7156 1391
5309 17309
27506 27388
12891 23270
356 6313
31860 29883
4966 30514
26606 9396
26409 7772
5812 18615
22644 119
22069 6716
6253 154
20982 20033
23124 729
21836 13052
32641 26796
15752 10364
9122 18217
11291 24570
32041 20853
7219 10045
27921 29180
19240 10267
18796 15789
9897 3787
11472 28095
28625 30705
27971 4218
14325 5799
28444 4636
19012 9130
14180 19265
27727 10507
29079 21406
28088 16043
11965 23369
2208 15516
5441 19562
11027 11170
23095 5574
28825 5110
26417 9838
24805 18347
32431 1619
29398 10596
14774 12294
19263 31060
22164 647
23213 29465
25956 22223
32070 25707
9578 18501
807 26084
7313 15900
7908 22795
18794 4084
9237 18082
5293 14045
13415 18147
16126 29643
28329 448
22735 28578
14849 28793
565 25741
19994 32413
16442 107
23680 12957
20947 23189
26516 7941
31306 26341
6875 5811
4047 13891
10882 4439
9715 25439
17733 12201
26884 19868
13754 5915
24572 1909
26956 26275
10919 31704
28281 7785
20450 15739
20979 29961
3408 19957
21003 13523
20901 1295
29047 3867
31076 1097
8316 28570
20904 14520
8781 21080
20938 3543
1675 32588
8941 16333
29361 1847
10794 30350
10392 31605
9654 14497
16771 31766
551 3713
6413 26299
18576 18057
16370 7499
26387 22478
26885 15443
14743 21571
30404 11871
10357 32265
24453 2920
12555 11573
14544 14632
13487 9188
14764 11612
13556 32006
25381 30129
8504 15095
2229 444
10307 15196
4783 919
1563 21633
23512 11901
20949 26872
13323 5977
11707 17828
3209 22141
27675 16429
5508 21929
15233 23329
10152 30409
20926 24230
18699 14103
3406 24815
16876 21007
6640 16837
25466 9813
25562 28997
18370 23734
2411 10337
26862 15303
29381 19392
8691 8279
29458 30059
3555 10398
28053 14079
6069 16955
31060 21247
20992 21751
25957 17611
12482 30712
1037 17919
10969 25473
3328 24849
7854 172
25481 32080
30125 1680
13633 8138
19188 12278
1132 8922
31256 5581
12653 22573
14310 20057
4136 30767
20459 6646
15150 14909
26350 2931
4807 15185
11798 8057
4021 31329
13867 11143
10069 32660
14500 22266
13351 11688
20774 25176
23045 16088
19179 24749
18517 1760
22149 7681
18772 7069
11889 24229
26063 26976
28284 23259
23709 13760
4952 29178
12857 11795
19606 19746
13240 25267
8806 12798
23992 18543
21759 11856
19015 24458
18208 27278
30360 20297
12093 19292
28234 14901
13422 7432
16105 1258
31390 192
14076 12483
14858 15562
24257 4769
29745 11002
17661 2727
10498 16806
15566 16605
17685 19170
8422 14160
11834 24927
2232 15296
1320 26005
1781 14591
23042 6121
12824 6409
799 25782
24741 26662
29956 20357
263 23600
9502 13759
27387 31781
17784 14052
11167 8953
30658 10884
5475 22510
12474 19367
662 15979
22883 20141
9098 13913
20237 21394
27427 12675
29689 8535
12200 1503
27446 6010
13486 29736
17807 169
9053 2789
4928 6438
22180 10080
552 24774
19825 4393
24587 17291
9955 23622
29205 7340
17690 6419
2 28062
4190 27708
13591 14964
31198 23462
24087 31829
31656 18492
18949 29167
31113 28805
28003 16644
11500 3518
371 4925
1434 73
7279 8962
19684 32188
3955 15782
22192 4126
7665 4309
21694 18088
1491 18920
31071 9595
2885 16022
20232 31011
23009 15254
14244 24056
13875 15401
290 12832
11967 24710
28059 16141
18052 23105
11344 12089
2289 31152
29629 22913
7291 11574
30043 2106
5729 8512
25275 12181
19731 27681
23991 633
19368 29770
9492 13553
10549 13915
23925 9032
5111 11065
29488 5204
1039 22284
11429 21299
11384 25903
14256 27212
32581 23006
25467 7687
10146 28693
14887 11539
31917 11382
20078 27508
26474 18695
22662 15896
23078 19491
32030 14722
18077 13805
20611 11153
7134 27209
19679 10526
27061 11811
19243 13263
23004 14565
6252 9888
5874 21382
21893 30622
6232 30965
23757 25335
7674 30365
11098 29835
4808 30562
11988 11174
25710 22270
7078 4432
1170 19962
20596 15207
20090 427
21520 20551
11035 24271
24578 4121
8830 25371
16401 29151
19739 3035
18896 20671
29905 8277
7685 16077
31859 12444
14759 449
4730 19065
11872 5120
22864 24026
20953 15691
27551 23935
8282 18352
16301 25627
7252 12274
10727 30623
25065 26773
28464 3983
19483 27899
6593 12372
10361 29805
32486 7881
7134 19211
10865 8456
29628 31930
27134 30314
4528 3107
11204 8336
9733 2450
17530 354
12221 3243
2534 16800
16026 22402
31941 18091
25216 8111
23298 18956
6946 20163
16203 5629
22905 25358
1254 210
17441 7211
4455 26598
4128 32015
16808 20702
30257 24967
17471 25804
26831 19742
21127 24779
377 1011
1731 18464
7792 12659
13274 30850
32611 7897
4468 19646
16624 8224
2150 10506
10501 25978
9714 31350
21002 28567
2009 5102
18869 18816
22250 25560
29923 22849
390 20137
13189 20586
11810 12273
15426 28199
8231 21064
14057 19683
15311 24589
27885 12147
8087 24537
5647 8319
24079 27549
22583 22157
9645 30541
8455 16331
32026 9252
4335 1060
20696 24713
8016 32139
12419 21365
30358 17661
10300 24996
9622 28576
21497 20429
28167 26574
24061 25463
31476 31228
23083 32417
18650 20669
5169 1256
27341 10141
31913 3584
28051 15570
31723 21231
14301 29128
19570 4896
3419 10030
15376 7120
21724 13950
23684 16176
21535 32223
32515 2398
15575 12169
15817 6067
13747 18477
26955 9267
333 24044
3395 5896
22569 18857
22608 10987
4605 16982
32309 14839
28987 18704
7504 27301
13764 22097
13444 1214
8034 22614
19022 17939
25438 5915
14856 24548
23429 27577
14628 22897
18933 14673
15720 20970
21758 27036
32174 27676
8091 23621
4700 12902
6046 26209
16129 21275
28628 9348
19834 24457
5836 30258
16494 16465
17906 3990
7903 10005
14215 29580
26780 10320
28370 3571
7420 17198
17123 2740
7720 13390
23409 22053
31123 3439
27686 11827
23620 27536
2187 11337
24211 31126
18971 28925
17487 4417
826 17240
14639 1522
18324 1009
11894 9722
5317 4230
5561 97
9652 12760
7667 948
3283 26683
14947 32653
32706 29457
16552 13363
27912 4247
5819 8577
26824 5893
4739 5566
24899 21767
5393 28534
2727 14556
23060 21707
8819 32209
31368 19560
14079 6190
15457 27459
22041 18809
26003 30289
11854 20603
32359 26011
25345 15974
29644 17809
5894 31678
22556 2508
853 7596
21544 30539
15311 2425
13513 20590
19502 17794
8482 11816
2471 980
16438 31230
2742 826
21322 71
8545 14244
18158 10400
1927 31887
26564 24309
26936 10667
1109 15849
30288 26492
27128 32128
14418 28153
19848 5886
18352 22251
23653 25428
31947 19425
7392 9637
27401 29618
28381 19981
11471 8492
17028 24020
441 32749
27979 7459
15069 27562
24855 11149
30676 21997
846 23510
14917 30819
1528 13264
28023 29559
29431 70
16372 3988
13938 22110
12433 24718
20567 25900
29096 18744
22603 6641
28917 19713
18906 18916
26873 6395
21852 20917
7015 21602
18526 31654
18105 23440
14943 12032
2187 23467
11296 10683
8897 7873
2760 9768
21216 18574
15926 10198
14227 28204
19308 32066
14802 26994
9379 5892
28362 1917
29376 1152
26738 21694
21640 27652
23301 8275
3901 22045
1864 29287
6606 6514
31761 11516
19798 8099
29938 11683
26561 32279
1994 20358
22064 11566
1036 29218
25570 1096
21772 22342
9514 23339
9722 11786
1253 18296
32567 26718
13628 29077
23349 22044
16643 29902
24742 8782
30994 702
18530 30274
14705 365
27269 11873
9195 22992
17897 4305
20234 28944
7286 24059
29512 27292
8080 7473
19103 21091
12664 5613
23253 6066
6974 21328
9373 10906
20560 710
21473 11887
15423 11013
13109 17987
11329 15362
2104 2318
27177 8576
7264 17356
20168 230
17601 6855
32034 16420
25813 17946
7645 24147
28844 3241
10861 9955
17165 1076
19438 21196
5976 1497
12027 22021
17061 23495
21016 2841
21972 9125
29959 5722
11965 24686
8220 32625
13670 9543
8323 26899
10400 32721
21571 22024
31799 21147
7066 32063
30829 1939
13499 12973
18090 10836
25959 5406
19888 12924
14215 31293
11736 94
6227 15118
21458 24111
21626 3418
1620 26837
29372 22628
28080 5742
23348 31708
4490 22068
16582 24078
22735 23753
31598 14135
29196 12914
15431 22499
29124 31019
22884 6104
17519 10686
16578 29700
5835 14139
27106 22464
18057 18672
25575 11896
2323 13318
20643 22130
15373 20090
7570 8101
24464 21635
12249 6597
13514 313
17621 18581
6209 12687
4570 16545
19368 24385
32641 22998
21927 10245
19242 11098
32667 3708
12284 17569
32397 19591
6613 12260
28682 26529
16766 5539
22662 14397
27528 5267
15292 7690
27592 3476
23986 16601
10875 25395
32625 7533
23707 12263
25621 23926
17177 30398
3877 2842
12421 12925
28315 25266
25662 4210
6553 20266
3958 1281
22842 19171
19994 26599
17698 14110
4069 18421
27345 6758
31001 19426
15317 26600
1333 7168
9657 4897
7170 1516
6458 31964
12577 23063
24586 29168
12030 28408
23271 17616
11256 32391
11767 1654
32088 4910
9060 27870
24332 25712
29066 26662
28820 29781
22166 29495
4296 14113
14030 20480
5919 14421
20207 4130
5819 13423
15997 27971
8394 28585
14143 21836
21992 17530
31945 15826
3766 13585
18950 8109
22997 10055
29566 19479
19316 2308
20204 15257
8257 30805
24080 16033
3085 30593
5641 26877
5277 3857
3827 23138
10831 1558
29982 28353
15150 7399
23594 6147
18927 12284
4597 17835
18660 24931
30859 15785
6515 5785
32710 1820
4498 23631
8900 24254
1253 17920
916 11218
18880 10415
16365 21571
20098 12606
18370 21969
31525 32612
27794 16242
7815 28764
32673 461
9082 1295
146 14574
31635 18355
10426 11092
32003 11971
22911 30893
2730 28449
11358 8938
12038 10419
15939 4248
15420 25345
5592 4046
28981 18478
1377 30229
11935 3064
16428 25324
20195 4236
16526 31655
27270 24391
1135 2105
20809 3229
22028 8918
21161 7526
2129 23587
16973 4571
4961 8730
21037 32315
15767 27961
32210 12903
23673 1629
788 31656
20635 14581
7110 16800
20203 1298
16995 19228
31114 14280
30365 8130
29056 1231
29229 23466
25043 14135
17563 2533
26338 17470
14495 17318
14097 279
27921 25796
18070 27337
10131 651
15686 7233
22727 16496
26107 15618
19540 1576
5061 19343
28151 12810
9134 25191
12502 6211
19267 27877
8128 28684
2192 26026
21392 30081
14107 6405
25698 23780
27646 12662
31059 30584
14009 8923
9166 8922
1185 13818
10870 27972
557 6124
27767 28846
3452 14199
12131 20892
7724 21292
11445 25908
5472 6554
3987 28477
23124 14481
32298 15299
24036 28264
16719 30890
11870 25815
14648 29433
4014 21632
1508 863
14282 8611
12429 27110
25824 29975
14039 7246
7072 603
27803 9124
9706 27730
22257 13125
13943 15563
707 8891
4622 16867
28092 18716
11112 9998
25701 1405
17101 214
10040 4149
1299 27334
17456 5836
30011 14347
19258 16071
15356 23810
28188 21316
23016 29620
27916 3591
12991 27190
28865 27268
24685 26186
954 4745
12503 17281
5031 1418
31579 23188
73 12485
16076 12739
19004 9687
11571 22379
2611 31161
13018 24714
23080 21038
12820 7189
6774 13780
24974 31298
27650 21872
31181 21645
19496 20032
4069 29364
31016 4986
30250 12096
3696 11360
7692 26492
17161 20735
2738 31560
2434 3666
4063 30244
6152 62
25664 31330
30358 20135
32647 18879
31921 13503
16954 12084
16704 20474
27763 21450
23969 20112
4995 20537
17286 28396
13329 2696
17294 31513
29383 25857
30017 24734
6428 21276
15887 6642
19022 6352
16529 21798
8666 23824
15797 7363
9893 1614
11425 22066
22603 4349
19410 8783
17630 9896
13755 27902
348 4094
24021 3080
16419 32487
27551 29589
107 28815
14406 20835
5786 15504
29493 781
2288 3944
13191 24661
24142 13538
14482 28368
744 10079
17319 23555
4002 18887
26348 235
1608 10309
18043 30479
22765 8198
18980 26172
16255 8566
12820 4710
16364 7480
17454 5292
31012 27529
22527 7304
32246 29925
13327 4036
23048 9341
25615 22836
22503 15865
130 18155
26382 13324
20431 7262
23818 32615
1163 1350
2525 659
27936 18368
1295 5728
20572 7421
32689 2052
13865 32664
7000 30935
13207 25331
143 31762
26343 2189
9898 12946
22808 9144
23869 19263
3444 4556
12290 17397
21635 15178
24821 22675
5571 11072
24177 19010
1928 24324
16445 10141
3815 13516
14057 16190
21610 29318
3896 505
19162 29722
22189 28778
11410 26255
3943 31687
17798 17858
2446 13515
18614 30893
26452 139
4079 27788
17559 24629
1135 28037
31757 13639
16986 7548
13527 2204
6897 11696
17696 11718
994 18392
32247 24656
6676 22343
24806 30013
25403 9539
11479 14344
4037 15789
26958 26892
25917 29909
15682 11265
16777 22984
18684 1349
16073 17235
24408 21315
6574 20372
23852 22075
2967 22920
23246 25512
749 27312
18364 26311
22948 185
18603 12281
18456 5041
2445 30299
6958 10809
17055 7230
1811 22880
30626 8013
14107 10539
9992 27496
24329 4163
25850 11128
13292 6870
15201 23242
17940 13568
21912 23222
10283 25759
31125 30278
21924 23747
27299 17368
26295 23141
31722 11687
32590 17224
500 4953
3287 14635
5278 27622
6471 20608
19781 14954
32340 9886
4594 29706
31848 25923
26710 19976
26197 20321
25152 16045
9891 2504
6606 30535
15676 5411
31637 20389
21421 24863
3041 17802
18205 4339
13753 25786
27724 13835
25105 15409
3103 4614
14264 3297
27952 17837
23275 16320
16618 2519
17955 32155
16507 14741
14980 5434
27376 32345
17462 32281
30036 20340
11052 14799
15243 32240
28636 16250
10811 22169
10650 9681
6635 21205
26238 20513
26977 18793
8 24636
23476 27360
5207 16091
28630 9672
27750 25898
497 19970
11137 32722
6977 16125
6829 8615
11935 5836
29448 27654
25875 6948
18917 10818
21114 7252
10685 6151
14692 16714
8470 32066
19204 21952
8244 29797
26712 16152
13675 24512
30762 21810
15517 20509
7578 22374
25822 32001
11012 1086
17408 17885
3802 26380
12722 6213
12069 2916
12711 16517
22604 18279
10826 15805
1220 20317
20509 5699
29669 15330
14650 24593
23566 27373
16516 29860
10165 15353
13954 29007
25531 22103
12804 5842
5021 1439
23896 3850
20853 6358
28368 1331
21649 20327
15935 22672
6942 19114
9379 10392
22808 5042
29919 14298
14906 1961
11202 3254
29424 26099
9152 31450
20466 28775
25936 16867
1113 12421
11509 1265
11170 31186
10449 32217
861 4761
22332 2021
13782 15421
17857 25271
14068 7815
5238 11662
16996 3625
29662 28036
27481 29232
1443 25584
32321 23064
22756 19953
19438 13726
24566 25357
26411 7469
22200 13154
21951 17727
30666 20642
11607 27585
8837 7328
10935 20438
19755 12848
14073 915
2263 21994
27748 26633
808 7060
23850 21013
22212 9510
8297 12673
22239 2756
5174 14924
16090 15715
10330 2426
2851 30233
9455 6162
14090 12931
3099 7512
23763 25149
30614 24409
19199 32495
27415 31707
20060 24556
20091 21527
10580 10547
4991 25017
8978 28269
30358 27685
28292 28300
327 22212
10902 16495
10605 4879
334 3482
29744 23804
1936 22861
16067 16971
2958 29827
8669 6269
13534 14642
32430 19751
9787 14380
6722 13582
820 6741
7364 30555
21437 6641
24202 4844
1419 24802
2047 19715
18740 14750
29566 18082
7690 1437
26475 499
26223 24088
20893 1345
24793 12495
14109 12548
28879 31642
12109 20531
13311 31651
29234 7755
9770 21594
18444 31546
30260 17501
30259 30565
19211 11262
28788 19045
30769 20669
5674 25335
3606 15541
30378 26283
12872 26282
4723 6188
25724 19035
3475 5006
8630 7418
20319 11784
27576 29635
30071 12307
5709 4979
13191 17763
12133 20643
24688 13993
675 26458
2217 21152
28942 12140
16504 1289
1943 6443
20166 384
20104 12097
17139 13959
10162 25878
21284 8336
3778 12213
3689 25520
30973 4284
8553 14007
1835 23888
4520 9891
32762 14636
18211 9621
12251 11634
1817 18617
14645 14724
1898 15377
32168 31416
13026 2660
28500 13137
27231 23238
31232 30489
632 28827
18694 2541
5301 20988
14521 29230
30814 19168
1148 25545
30284 13840
14926 8986
23892 8226
3606 5570
19868 3655
20219 9146
25953 1544
27721 28094
10209 6832
27375 15164
13823 23520
18624 30972
19809 25941
9214 28828
32530 17735
2258 26709
7721 24252
32683 11024
2495 15116
28222 30659
1177 14405
32255 18890
20294 15962
28858 8201
32288 21854
2683 3146
18013 21788
26785 4473
23 22785
7558 9897
29732 21486
7281 923
4323 7389
15063 18432
26764 13207
25043 9418
13911 24242
25205 13464
18480 10845
14064 2239
29984 26231
31619 18042
16171 26441
24984 3684
3808 3480
16422 16125
5222 5854
16282 24085
3668 2118
1806 4083
25733 15701
125 2547
10754 19446
17598 28158
6828 30786
11611 10544
30601 14236
20153 12306
18549 15793
2247 9797
18383 17386
31567 17326
18881 24811
16538 10442
13014 26422
1752 18580
23324 32056
25186 25175
6421 31080
24153 4470
17276 22326
4910 29215
4661 8310
5939 32724
12393 715
17341 7287
17873 25965
10635 10904
18095 23024
26808 23409
7988 20587
5750 23586
6849 22456
20687 1719
21473 18753
12942 21908
24817 12835
32045 2897
21857 7603
7592 17361
19498 20539
9297 14493
8513 7667
3164 14914
16013 24072
18765 19219
10400 7124
27835 21749
6687 13619
31830 15961
1143 7359
7517 8667
32508 20142
17437 3692
20101 24400
22879 13331
15323 5347
13611 499
14764 3296
5551 23546
19182 13403
9468 32504
6577 4859
31546 832
18045 4775
408 3710
21596 22061
588 6035
32119 25631
2140 12696
25040 28445
21366 14674
6285 15535
21583 21256
9050 20553
18163 17965
8114 16128
24167 12420
1418 5183
887 17291
15101 5182
28431 16304
1548 27228
32681 31320
29149 12885
25147 2149
3366 14417
16261 30652
8179 1184
6446 4799
7309 21636
8516 21189
17556 15080
12413 22551
15953 3038
23591 17674
32194 13278
11135 27185
6644 8478
12783 565
24390 13305
31100 13618
10483 26468
15411 727
26726 32036
6108 20680
20201 485
14238 19775
15291 24990
17530 1242
20488 8159
15252 13766
10054 16550
17221 19561
24302 17964
13470 18007
27533 23759
2819 27188
15567 11697
4827 25205
23400 19692
32518 14831
17584 27258
13207 17754
27917 12828
11973 22686
18414 12330
24095 12385
10410 4620
17533 15832
30125 11476
20755 11443
6095 31198
13095 6175
28527 18869
30015 30612
2112 5389
21055 31443
1735 13916
16458 13081
29827 12574
3841 500
10237 14301
22750 21202
16773 27902
32218 20026
11758 10947
11862 23414
31048 10822
12062 9424
21060 13782
29480 1700
25826 8310
30807 27708
6574 27717
3332 31644
9469 22476
30129 6010
12688 18411
3266 22477
9982 22417
24495 18660
23150 17804
18297 10889
20999 17880
12377 3299
22509 25039
22995 6913
10601 31431
3433 11076
28066 1416
7209 15101
11865 20017
26760 362
6959 28009
29211 13933
5842 30462
24452 18808
18545 13463
3020 23165
16972 26338
18838 2127
30386 28508
25853 25572
23698 20180
6596 31493
20314 1495
19330 3316
21882 7129
12696 21576
6134 22641
15089 3432
32517 7439
7306 643
23930 19390
26776 10475
7454 26913
19197 8094
13458 12715
14027 17860
9943 16478
12506 10051
30387 22652
11942 95
15337 6873
25504 26972
22391 13450
8598 26516
7270 23625
12607 30226
30326 3516
10097 24351
13656 6723
4961 7489
24119 11312
22847 6368
25644 19783
21610 29377
7899 1606
20174 30690
24241 11543
32712 6607
21709 10491
14929 23174
20986 26461
21494 6138
30754 24430
11547 1787
12707 11797
12668 14988
9573 25119
9578 18325
30188 6762
1567 17684
8332 15404
18062 26430
566 27948
11839 7122
23839 30559
21217 5482
19375 12254
29717 29302
454 14080
21898 6129
19167 22741
24818 29853
27052 1887
22602 21820
11904 13453
1889 24127
16525 20976
23929 3091
9890 5546
12894 6808
13904 1609
24422 28582
22762 14181
4494 21037
22274 3902
4158 17598
29248 12305
582 2492
3778 23900
13799 15366
2116 30984
24553 3525
24008 17270
26083 23556
19162 9869
21532 21334
1689 28441
17893 11109
20397 22480
30180 18944
5949 31364
23669 27557
27004 9793
25082 15516
6956 23666
14836 1502
9622 25591
26845 29121
2928 15265
15967 8907
10911 9877
24527 25956
19707 28052
26461 27912
6014 15497
12531 30082
31002 25343
10069 4514
541 6509
6557 28247
26065 29674
429 29605
6625 32695
10839 31873
21865 11000
29067 12454
21754 10906
18430 28292
28322 6249
29632 10419
25841 30644
4839 23386
27737 11685
10621 6864
10804 14056
2036 2915
1212 7147
19385 7447
16865 4373
16699 21210
9692 19981
9463 10430
4260 16466
14614 17989
16204 23491
18646 6415
30712 10159
15647 32685
11213 28369
17880 17402
10504 8585
3152 6889
9119 2250
31313 18325
25426 26631
31726 10618
27270 27391
877 21185
27577 15572
17057 20156
2089 6151
27499 3689
30194 19340
12570 27355
16993 12344
27519 8260
11815 27637
28025 3050
6135 8666
13699 3511
13611 28751
10917 13175
8450 24676
4982 1554
27493 30829
4201 14539
2596 12700
26377 25994
1686 16871
3585 16072
1960 2986
9381 3516
29042 23023
16159 19914
24011 5949
522 14404
22326 27130
27789 30473
23971 26459
18316 2022
25000 19371
16377 13803
10883 19926
4148 9599
11139 8236
6672 23750
13688 8161
23700 16899
13637 15107
6950 20401
16946 9541
17463 23538
12341 23833
22336 2833
18408 4048
30166 32217
11810 4953
8217 4229
30074 30575
3763 29501
32419 31185
25593 27457
19141 5468
14737 13283
18403 18552
31957 19991
18024 15231
1712 19498
22563 21071
6249 27654
29443 18362
27045 14639
3292 1258
31192 19341
28110 24960
23452 18952
5559 30505
1231 3473
2975 25210
12603 30311
20985 1658
12235 2798
31686 24920
12175 9031
763 8061
12034 6701
16252 14615
24719 5819
18224 234
17722 21144
26470 18564
12735 22856
21069 11816
831 3566
30043 27152
776 30144
2771 29078
30714 5732
32163 13993
25054 11073
31889 21573
19650 14236
23636 1747
31233 10705
21167 13815
18613 18023
27735 15151
22443 32432
16613 29872
18565 23726
9030 4309
21187 29373
15748 6620
8706 2208
7274 13435
22490 28266
21925 4508
3575 16017
29169 27585
5242 6402
16473 26461
24215 26321
29852 769
418 6931
17405 3757
23641 17991
8165 25371
27349 12102
4889 10663
30893 7125
9645 21831
2536 15239
1948 25694
6292 30529
15565 419
13129 26198
3123 10518
14881 6341
1073 28252
12515 29767
23816 31949
23498 9390
25450 7239
19050 14681
26350 21659
19148 27120
23724 25310
10689 10170
8481 17732
26408 21020
30000 5170
20282 11790
5148 10154
1480 6
20354 19127
9492 14188
4621 1934
26428 30804
16970 28416
14673 25429
8717 20142
30905 31168
32196 7044
16464 8764
2054 13850
11319 11382
14603 25257
4768 10077
5787 4731
12124 8844
21530 14262
21501 19043
8129 31087
10252 9991
9413 28884
20977 29800
12744 12270
1531 1110
27538 13655
9800 3306
16749 19651
5006 8504
16705 28254
23061 23596
5783 25288
12260 31471
9275 23578
32415 17541
20332 14755
26691 26709
653 13997
24875 15733
15673 23828
8670 24418
31054 12081
9292 30862
12563 21142
13912 6004
14326 16293
25007 28086
7168 17111
1054 12330
26052 370
19212 21021
17992 4644
28501 2883
21790 1836
10055 3244
21798 31904
25653 6171
25749 22000
17232 5594
1983 1159
31803 18878
14956 1830
15392 6681
13902 8378
26177 2448
19495 24379
3490 23407
11106 29062
28382 28993
10645 23559
18612 3547
26259 1741
26289 12142
20310 1243
6590 21886
4897 14357
25801 9930
700 25689
22672 10381
3618 22504
14400 16594
24238 20979
31969 25618
15974 31267
29970 21311
9987 1292
21308 23736
2875 8032
21909 8795
30828 24939
13129 29504
15920 9574
3294 8212
23212 17793
23532 17902
1943 11500
4784 9236
26810 30828
24291 154
15917 15629
32419 25062
14677 16923
25260 28897
594 8591
11316 1434
3835 28885
117 32707
22206 8257
20518 20403
13245 5856
3505 16391
26661 7155
28167 21301
1779 670
6441 6326
15258 21557
24669 30739
79 15355
19495 1
3348 27238
5265 9881
22217 28027
863 17770
5790 20044
15372 13845
24894 7707
25601 21199
27583 15622
11177 13923
883 24820
10589 1873
5579 15546
10675 31140
20435 30791
16630 6843
17580 16608
11166 3707
6508 21944
654 13119
11520 8072
5360 26227
20331 22812
3157 6470
13451 1366
9498 11633
14153 2756
4146 8257
816 6877
32249 15913
17438 1076
21061 589
21393 12573
23531 8053
7176 18774
7504 26979
15456 4760
8618 31029
21967 22812
9312 23257
22001 8811
3449 23547
11848 26238
6631 2537
30286 21121
21613 3688
14779 8139
7029 24620
15671 13005
4229 23938
29213 8438
22803 17472
11572 7819
32754 13684
20950 5326
12080 23452
14038 29675
17464 9864
9362 27289
12927 11031
19854 30295
4942 11655
25866 18525
14273 10349
1750 17238
916 19364
28639 3961
17068 314
27915 24804
22883 17065
15791 30761
3580 3600
13814 2839
30269 2433
26544 7788
8130 29057
9851 13213
20756 27190
28484 20646
14255 5320
13190 6861
18591 3019
2545 31425
27742 29286
27842 2491
5031 10278
19474 29404
9348 6221
23612 21220
25376 7156
4877 13705
32198 6159
26425 4704
9231 5789
7448 4004
20405 20222
29658 26863
3200 2624
16812 27335
3403 13476
23771 11420
11220 15564
21089 7768
28641 24051
17482 11551
6881 2572
28383 24930
11452 20404
9085 24416
29592 24806
4261 566
26072 13942
15585 20286
26404 13073
4261 1757
22261 16310
11257 17102
19009 27604
6432 31669
28762 8862
4098 19327
24600 5399
24287 457
255 22439
29727 31433
3717 1956
853 10842
26029 4579
17016 12270
7102 6291
8670 14975
23800 32136
25747 14817
10032 15153
20502 16042
1467 31154
27929 23366
8967 2123
15435 21494
11398 21202
14913 26474
18934 713
6489 7310
4830 29778
350 934
24527 21675
27562 17578
18379 12069
3206 5150
3070 13865
3853 31891
22603 27303
29631 25020
29975 11972
9491 17961
7066 26545
29665 6903
18165 29779
21141 5432
584 3369
22586 11377
6245 24103
17668 25422
22622 22359
930 17960
17998 29281
4409 32327
18192 13432
32253 18042
21169 24297
701 3958
26713 1922
16214 30250
161 6966
23572 6519
9452 30940
4237 1336
27168 17439
17750 31675
31615 5477
27655 213
32526 21141
2184 3006
11843 29011
27857 2375
29999 23512
15952 26373
20596 20317
12189 22723
26279 15781
28823 2735
12178 4199
9202 17596
25257 9015
18786 25
12798 32619
7668 23458
14252 26366
3130 1392
15853 3244
26839 20052
23484 28638
12825 24645
9237 20135
32440 9621
14584 26961
1358 14737
16310 3346
31974 13853
28239 30321
24000 22691
10831 28470
3868 28251
23853 31233
18614 28729
751 31528
16165 29191
5806 27400
14845 20704
31628 26516
6634 12312
23853 375
4258 28494
19348 15721
2699 7606
22372 18236
3638 18737
1931 267
21658 16533
14126 32174
5215 11666
7600 30025
23288 16297
12512 937
17496 12356
2729 12813
24600 17285
12653 18514
32203 29933
14632 14096
26679 25192
3508 8804
7332 18107
29558 8775
9535 8813
4812 22551
19893 5597
19520 22893
31165 23368
5909 19202
19399 26709
29475 27847
17264 19874
12686 8488
17374 2961
21357 1743
15978 7877
26625 25816
31810 9026
15567 2239
9725 18223
20137 6907
7061 17735
11914 24215
26163 24648
26705 840
16191 14200
2888 28244
13866 17815
5029 11624
21749 26811
11127 3859
3876 17844
3237 27385
28712 10508
12633 3693
27745 11795
8862 30562
4191 15096
20552 8420
18325 18253
27273 14514
11092 28356
25115 7730
15704 19675
1625 10654
4510 3054
1647 23048
16692 10236
4046 29254
8422 15370
2883 15146
14355 19509
10115 26121
20217 1475
17005 30576
16948 17074
5577 2368
13443 31706
7928 31447
14305 27411
5584 26236
18534 1030
3920 13473
6041 12262
27984 4461
32100 6640
11983 5290
31376 29788
6534 10488
10186 6589
8926 29076
30251 29588
29842 30110
12592 8632
2390 13269
13412 24022
22041 20909
31342 18885
8116 15062
1451 1381
32658 8053
3434 1376
22300 24312
26194 28635
24278 8982
22870 23683
27471 28398
12915 24841
30789 26335
9130 15108
583 21255
18069 18689
23705 8283
11062 25452
5598 3667
26202 30230
26777 31934
29982 19918
1735 20026
8472 30815
25919 996
19690 26418
19183 32571
26799 6571
2868 25228
20617 9213
30678 26116
25021 6849
13854 14322
24313 8429
7507 30116
22373 5886
16122 2934
16029 8905
3165 31511
7199 8004
1090 22407
22907 26340
30715 22585
23731 17025
1334 2339
14358 3317
27421 1284
6409 4107
11836 18104
15829 17892
24800 25870
23505 28017
2912 8048
13181 10937
11139 29129
11348 13774
20426 15143
26809 3761
19184 21003
8440 18314
30868 14445
21999 5810
19961 5082
7115 810
14154 14270
29823 13754
16336 12887
26664 22767
6561 2715
15872 16195
13407 2157
30695 18555
22881 27459
28252 13737
18168 14108
32252 27723
10783 19596
17122 20210
24362 1309
10379 1368
19544 26199
6777 31841
13769 5715
27568 19699
14527 28064
29590 15717
10534 20460
24644 21390
2651 13492
5289 15842
247 13337
19279 30653
24522 17851
21532 17807
28862 8925
8918 21576
1895 20787
26730 18388
11024 31797
28169 20865
21585 30155
20160 2973
26777 27513
6668 31854
30300 23068
13178 29203
5350 31469
16232 7549
27760 4962
26039 17103
1841 5064
29899 6400
18876 11102
27127 5657
12209 25854
21509 357
1008 27127
21742 5229
27643 9024
3490 23364
12193 22964
8899 29906
24860 28263
6475 21815
23188 272
1957 18793
30321 13404
18058 23547
14594 5761
15354 27669
8620 1329
12002 23497
22205 171
12165 4667
20454 18365
17786 7553
29097 22347
30384 6981
12304 16844
5652 19699
17965 32406
1204 7406
17482 18131
11079 5094
12122 1158
20423 24265
8750 26594
6163 1207
27352 23962
31473 16278
28272 25356
29985 7511
2583 19258
16814 21795
15428 928
19987 8065
7839 6615
23284 4472
7170 4900
31776 30910
23952 3286
4447 22639
21821 28257
30069 7570
18414 13343
18765 17374
29590 20877
28238 13221
25976 30461
17686 31111
30130 30380
937 15362
8053 31399
11116 6320
7372 2262
25176 19505
4521 15605
30304 27671
6488 13539
7290 19765
17009 21321
8980 21058
22726 1282
10402 6255
5808 20701
13131 21903
6873 4314
20405 16647
172 5584
19579 7840
25693 30742
12189 21652
7769 18434
20950 5116
20945 28670
26016 18653
6730 25280
9684 16871
26280 31104
12910 7577
8347 26298
3967 20726
6488 22371
8269 29323
31816 20367
310 26614
3785 10749
6753 20282
11720 8103
971 27318
18177 27699
24266 31445
32279 31781
11893 192
2835 2612
8918 27513
18096 5387
30875 22780
32031 16174
13905 16164
8648 6919
10363 27052
25543 676
8296 2144
21556 7170
6358 24971
18335 5144
29748 27514
27536 6617
17358 2137
22029 19667
6019 5976
27653 6269
13475 2019
14577 21449
7518 28156
11070 19554
3524 9557
20833 31041
22978 7094
12745 25791
32178 1889
25974 31818
8693 12686
20210 15231
1036 8390
5890 565
13584 10630
985 3590
7796 13119
11124 13601
661 18411
3060 2002
18139 12716
30653 24420
30463 13598
2732 25359
22567 14886
3688 11117
24813 13595
25192 961
14442 9335
28296 28165
29762 29580
24510 11044
16852 16841
25204 31293
7364 26534
4643 10197
3425 11716
24165 5779
24999 1439
23591 23563
7263 28149
13287 22877
23744 14751
26308 11208
7468 32677
8796 6910
4265 11152
30030 9280
18798 19150
31163 17254
19816 16630
6123 14466
9120 12075
5514 26186
21708 4115
9654 19768
4572 22322
3657 20025
22374 24825
31205 27368
3222 14134
2604 7046
27332 18142
2093 6595
7328 15462
4396 9215
3547 7814
14372 11780
31280 24545
6806 14838
12943 14262
26360 7282
31750 12081
8258 19054
25649 12054
10061 11135
24684 10312
27526 5746
30749 7713
19002 32163
7790 8523
16777 19740
20224 20769
18557 669
29857 17566
18414 17110
28271 12202
15514 32370
12197 16020
10335 26011
5845 19495
4785 26479
29259 26878
17747 4675
13946 18638
4504 30736
15055 21697
8194 21885
16664 26499
8767 14541
23340 7084
6825 3636
14704 12659
21116 12027
13303 24970
5193 12173
4315 30606
31120 7516
26673 17874
