1 10
100 200
201 210
900 1000
999900 999999
170362 170501
514850 514878
209491 209544
165944 166073
123627 123730
217458 217552
254790 254870
547044 547046
492458 492462
131611 131681
444245 444314
239086 239175
868720 868782
270045 270049
810581 810742
871962 872085
972516 972531
659938 660134
229794 229881
15703 15887
502993 503014
391626 391726
654852 655037
798008 798141
486789 486955
396586 396638
349194 349332
812702 812810
709226 709246
807107 807298
492940 493082
881411 881417
865730 865804
67122 67140
873276 873349
759529 759558
924503 924660
70247 70405
885219 885319
297340 297467
667048 667116
652477 652537
231969 231976
92238 92278
542664 542748
263539 263719
858460 858639
191036 191046
331795 331823
696349 696378
707355 707390
214263 214410
155612 155695
445755 445791
238419 238539
652537 652583
420754 420884
261971 262121
199259 199362
800808 800864
580333 580344
752235 752368
487096 487263
96675 96810
340682 340838
55451 55566
640836 640856
383750 383794
963504 963544
570577 570696
795312 795362
418540 418670
448177 448208
491710 491753
216448 216641
514599 514736
323815 323961
752392 752462
533537 533572
313588 313641
913193 913291
820627 820806
382561 382687
965243 965256
840674 840783
649077 649197
48951 49100
688627 688711
678725 678767
840703 840730
444546 444560
830062 830157
969747 969872
59191 59192
229503 229539
632859 632973
975005 975164
650582 650675
512160 512181
312508 312509
637922 637941
691498 691575
610430 610583
989381 989535
732981 733136
899287 899472
241181 241286
937027 937225
73255 73416
896648 896814
794118 794249
287498 287567
461467 461508
773637 773663
615280 615451
304104 304119
853649 853817
777328 777503
498077 498156
796901 797007
636946 637101
311667 311704
834021 834135
613199 613295
382590 382611
540224 540235
360390 360524
128619 128759
472893 472903
216624 216708
168910 169085
854603 854787
70515 70572
433948 433969
107987 108145
267096 267225
758578 758624
963215 963361
400197 400290
953060 953225
677931 677968
405487 405564
457952 458072
775068 775077
122709 122787
589605 589645
559345 559495
645183 645368
899513 899538
601072 601234
16493 16679
174090 174164
946592 946656
668575 668710
965655 965778
173308 173433
75867 76004
52223 52244
845931 845975
498744 498912
323415 323563
16874 16880
540253 540410
717627 717824
67711 67791
690952 691033
75442 75444
24778 24909
27530 27668
406330 406362
94385 94406
762409 762584
132627 132686
365927 366062
117012 117038
420253 420264
156383 156577
514276 514292
615720 615828
63693 63778
493804 493934
982097 982188
588822 588959
864126 864190
309367 309402
396397 396472
373613 373659
255596 255718
237320 237403
540333 540412
88355 88462
113279 113345
783285 783297
906473 906667
776695 776850
713010 713163
68696 68815
672106 672198
584850 584986
688110 688232
637847 637925
425422 425538
321094 321133
902172 902179
944663 944848
788062 788165
628572 628603
413527 413610
923310 923480
849102 849115
703558 703666
913787 913929
563873 563899
217500 217610
438451 438567
280047 280227
695356 695419
362104 362277
288797 288866
169098 169122
268856 268873
755709 755909
69154 69257
959788 959809
703402 703590
468516 468705
719714 719756
803244 803298
808464 808515
950525 950708
482051 482116
707468 707608
936241 936369
168480 168628
588840 588854
671661 671792
910027 910034
260172 260285
317421 317544
833692 833741
628247 628270
979071 979260
464783 464852
781478 781496
494720 494811
763829 763886
831256 831387
832079 832204
217870 217990
487255 487397
179422 179466
969939 970090
667968 667969
997322 997386
437363 437556
567570 567703
498359 498417
596797 596971
337357 337371
483105 483128
890252 890261
453895 454039
371842 372013
51442 51524
986097 986133
986677 986713
269559 269756
923469 923651
365371 365390
914165 914352
879113 879209
337835 337898
744728 744872
50457 50569
226279 226330
701508 701689
819912 819943
994448 994488
579016 579019
871386 871558
311173 311362
674911 674990
833299 833324
770092 770112
896767 896805
713309 713367
886229 886366
317961 318150
202433 202598
298047 298052
535233 535316
165933 166132
969152 969340
349020 349128
426636 426803
279745 279926
592490 592601
156355 156548
871183 871330
374895 374910
65842 65908
400839 401014
674257 674259
781254 781377
927390 927525
721316 721465
442231 442237
942003 942104
272409 272545
787909 788038
458681 458758
722969 723017
899735 899929
329629 329744
518648 518683
981591 981604
698522 698596
737406 737447
95144 95248
172130 172237
119116 119206
624458 624537
948744 948859
612139 612207
878541 878561
662955 663128
867508 867570
84273 84294
811118 811144
968041 968053
589005 589069
90008 90078
40003 40175
166214 166409
706707 706894
633548 633673
394466 394665
182150 182185
977219 977311
943444 943611
274604 274669
800212 800403
861041 861098
85634 85825
995584 995612
431997 432108
13966 13971
617789 617958
239850 239981
152515 152590
579299 579391
648368 648427
932921 933089
949928 950095
951876 951878
904633 904692
557838 558035
880864 881060
897909 897992
965422 965515
362956 362958
161252 161426
806943 807136
604551 604654
707662 707675
648380 648457
741882 742067
149198 149393
763103 763175
473223 473380
780657 780696
988902 989041
341018 341193
361033 361059
320848 320858
181897 182043
381962 381990
374529 374551
868293 868481
927271 927377
684683 684735
430573 430616
675680 675714
546623 546648
886512 886517
424373 424564
612693 612814
337525 337564
721820 721953
980395 980432
984234 984385
322560 322684
362162 362177
229791 229967
648531 648546
401466 401483
683526 683619
291656 291734
308170 308230
61537 61731
69869 70034
721979 722101
359093 359171
361265 361431
866289 866423
502718 502902
97059 97209
18929 18971
510478 510536
592681 592793
351804 351962
841768 841956
588328 588437
29826 29907
45779 45912
189443 189597
346984 347074
250893 251068
757311 757493
9626 9749
171933 172133
645327 645341
887520 887699
273226 273366
78717 78794
334268 334411
462068 462229
542833 543003
384053 384218
786896 786943
600757 600954
84548 84557
617562 617609
211252 211321
783367 783428
498700 498783
126098 126135
984217 984253
746586 746770
814884 814971
751622 751799
352857 353008
420904 421062
599681 599868
343459 343471
236766 236939
732760 732881
606371 606376
105547 105736
338030 338098
512417 512595
935451 935549
600545 600739
826544 826659
378173 378198
845981 846058
585188 585333
331905 331980
84035 84198
816740 816885
305130 305250
598432 598616
408846 408880
620093 620235
697665 697669
832902 833018
749050 749072
902602 902640
696332 696508
164914 164963
159970 160150
953861 953940
548015 548108
159099 159238
666349 666418
708329 708466
379899 379978
643352 643482
765860 765998
822246 822248
102993 103067
46116 46199
211561 211740
293392 293502
78019 78211
731142 731170
145556 145571
963721 963781
908636 908711
518103 518278
657172 657220
36269 36283
722651 722830
800885 801017
833371 833387
450666 450667
191832 191942
573390 573410
623471 623477
173516 173638
178075 178241
722913 722950
735563 735679
492117 492258
210739 210878
396572 396607
59088 59088
506640 506691
175529 175690
120839 120927
684394 684423
616574 616675
104744 104899
183898 184044
96366 96438
895309 895343
427728 427821
812315 812439
601748 601788
246722 246760
512545 512665
619827 619912
650856 651030
46754 46808
132134 132184
230723 230903
532606 532763
283950 284122
67445 67599
331082 331129
298107 298237
722905 722912
677541 677689
614993 615143
759696 759886
834085 834148
495612 495724
813395 813520
128783 128877
724745 724823
143258 143424
287102 287286
968928 968933
983967 984128
437194 437228
772087 772222
803010 803099
596991 597133
345465 345487
167403 167431
244459 244654
853256 853434
572298 572340
949786 949810
940999 941014
836123 836247
82071 82160
161353 161473
214123 214239
233693 233770
596177 596309
734532 734706
553573 553693
562256 562433
645152 645233
414391 414448
862113 862230
679158 679203
68877 69050
636715 636734
371259 371403
861419 861499
913939 913940
957024 957159
881325 881360
142109 142150
201951 201988
91359 91554
865605 865701
361934 361962
788745 788790
91763 91915
179351 179404
724032 724144
307904 307929
133617 133703
736274 736447
693015 693096
735481 735574
866803 866978
646188 646352
580677 580793
203381 203576
475927 476002
386559 386714
794913 794947
69238 69248
44338 44341
638342 638428
267995 268147
453435 453489
829710 829761
28769 28782
984385 984515
922537 922723
490567 490619
927201 927397
123192 123385
487323 487433
240429 240629
852380 852516
811172 811291
637088 637286
646348 646404
511938 512091
286903 287042
262005 262090
910373 910448
829049 829159
181416 181587
899725 899789
256349 256395
614946 615094
208138 208282
731938 732124
374246 374402
216761 216830
175096 175170
416985 417131
447513 447672
131943 132035
232949 233147
811771 811839
619732 619818
4718 4810
929833 929899
108920 108992
853490 853554
735549 735601
777058 777203
412868 412883
797002 797177
158570 158587
557794 557803
495658 495769
501921 501939
323333 323506
405242 405286
358406 358565
402843 402921
787821 788001
571784 571836
460964 461082
172150 172206
969475 969674
631540 631629
948707 948890
571288 571482
396105 396278
923677 923815
650505 650634
93630 93742
92668 92696
336765 336792
424233 424272
196345 196403
528558 528652
732046 732147
11033 11173
831821 831889
292394 292508
335457 335584
685245 685303
113007 113152
296430 296538
711967 712112
970449 970608
518227 518351
942166 942347
881274 881433
142522 142547
974993 975058
421782 421903
616856 616958
731964 732116
238728 238883
681568 681701
212663 212758
989772 989918
253403 253547
857836 857845
996305 996323
83594 83595
164372 164551
955120 955293
554238 554260
613068 613250
440130 440240
199745 199866
290461 290526
526866 526914
853930 854029
427224 427387
483827 484012
166675 166837
7743 7770
735158 735300
241675 241749
619709 619784
186269 186430
978642 978695
342975 343070
538263 538346
949853 949863
129194 129359
542470 542581
693981 694000
983343 983400
958558 958752
254917 254983
801319 801487
94369 94443
775490 775630
921864 922004
920112 920181
293054 293227
254728 254796
118948 118953
173893 173955
240413 240599
323110 323275
485064 485079
973129 973273
437619 437810
191519 191662
361700 361892
417973 418073
826981 827035
49192 49272
883049 883225
273753 273886
89571 89700
380998 381102
734168 734347
95075 95121
16438 16485
245619 245817
167929 168068
567509 567693
233895 233981
430750 430837
277955 278057
442932 442962
626727 626757
512640 512819
86333 86369
49883 49961
458575 458635
871382 871386
60804 60957
712537 712724
938024 938070
133871 133937
297740 297872
162476 162656
723577 723686
334246 334282
717069 717178
889646 889767
328020 328108
899353 899546
669646 669719
363800 363987
333528 333634
76056 76153
711119 711172
594991 595122
928111 928200
706513 706604
120258 120304
996594 996701
15892 16052
977929 977955
873428 873470
489626 489660
383913 383938
251709 251741
497917 498065
562387 562554
477147 477148
587694 587723
109093 109190
609231 609334
327610 327670
285080 285193
662067 662228
794160 794202
657944 658101
217547 217563
684309 684334
468672 468690
706497 706612
177829 177861
713382 713495
300002 300151
27609 27708
136247 136378
500949 501039
63803 63974
644388 644489
871621 871788
546282 546443
811239 811429
51363 51556
661063 661233
497430 497465
807450 807510
808780 808941
859935 859938
972611 972638
509332 509447
883660 883805
778647 778772
899761 899813
282617 282680
105335 105417
804878 804916
341717 341913
597088 597252
705535 705677
434510 434594
984007 984114
235547 235627
224706 224719
223136 223267
724384 724510
438891 438900
273475 273614
577134 577198
252801 252993
191143 191220
221582 221617
618922 618992
7271 7291
407705 407772
427779 427882
41891 42089
682928 682991
772857 772913
314341 314499
334328 334344
290170 290364
643238 643285
840158 840258
594965 594979
440945 440971
752839 752856
282041 282075
824528 824720
68162 68321
847200 847281
271529 271670
509592 509785
230265 230448
568989 569060
916852 916954
406692 406888
433884 434056
912866 912907
285917 286053
171064 171214
491325 491354
359303 359317
460073 460119
875389 875553
926297 926463
916030 916172
911467 911513
22019 22156
218246 218422
1377 1510
671429 671488
338806 338930
613471 613644
565436 565568
562661 562786
837828 837924
134226 134309
368282 368409
241999 242192
722861 722960
166024 166155
656027 656176
397102 397122
357567 357726
701482 701484
763105 763231
782464 782509
495147 495300
478096 478239
134348 134516
114383 114462
957802 957847
46133 46226
30179 30272
930394 930540
386311 386364
471088 471134
959603 959753
362123 362284
168378 168508
5207 5315
863669 863712
402644 402707
308924 308929
794316 794447
287189 287297
262131 262197
935206 935406
586789 586956
564124 564141
808886 808950
940023 940042
537821 538021
944018 944078
875717 875723
248762 248957
747370 747432
988735 988831
280160 280292
423474 423475
187299 187351
96645 96755
613358 613547
761689 761887
579161 579294
844724 844827
39297 39427
900597 900690
250978 251148
545510 545666
418675 418842
181529 181585
89215 89327
387113 387117
818314 818432
699247 699306
890233 890348
310478 310625
20690 20831
206904 206973
440666 440730
947338 947466
725491 725509
935154 935221
383969 384067
144836 145024
507396 507442
509651 509716
953391 953423
480389 480509
60289 60331
772240 772336
46409 46421
306477 306503
570314 570476
886979 887107
191735 191870
551358 551367
876429 876485
371289 371317
685679 685766
111356 111549
518158 518262
51835 51879
2602 2672
14378 14437
897386 897554
204268 204377
736096 736212
106146 106268
328061 328062
158832 159021
891743 891864
132217 132323
715254 715254
300613 300736
522698 522817
578381 578502
385748 385871
360960 360975
769460 769647
145197 145305
332160 332193
399044 399213
711516 711604
15201 15401
332655 332676
163634 163813
729088 729170
