1 10
100 200
201 210
900 1000

4296 92734
62152 82249
30656 85754
42421 49065
39473 78207
55743 6894
82782 79489
7669 47656
92195 14402
93461 87337
93862 6500
13515 5540
17004 37775
91864 20896
80489 347
48110 91385
66255 64315
20599 84468
23367 10374
1013 14013
34398 97123
80549 7935
96598 35312
62525 45951
31006 7599
33204 69973
34876 40718
34721 21831
97318 95473
54011 41892
31824 126
82751 87610
99519 39237
37648 44565
96316 94602
22777 3477
44805 90833
18830 39882
67261 66692
88945 38095
51492 90116
57424 7488
64481 46921
91339 52633
18651 75064
14259 24588
66055 80352
11342 89535
76380 99473
42839 26720
4930 88058
42627 2757
29769 51101
44830 20772
58998 25617
54900 9708
13944 86707
3147 88543
54169 20299
10925 59308
10864 60534
95588 77869
59475 67829
34814 33306
15081 31441
86641 73639
8733 96393
56343 42945
72239 26363
14842 86497
27845 619
10763 21482
99135 91346
74347 28741
76616 61477
39757 50422
50376 69889
74323 98714
17783 90480
49684 84383
21451 75739
9408 19041
60882 39917
87610 41629
34971 41087
24676 23955
17423 35429
79481 23453
52829 24276
20531 72230
54611 46862
72076 1321
73193 50668
75970 12039
10615 72774
74452 52036
59174 56226
48713 73887
29924 61975
16816 76748
66097 61085
30273 528
63895 94804
40195 83481
88342 10413
97575 87031
20029 90712
48497 45082
43061 55851
6998 19913
18871 30987
46017 60028
99966 34074
21840 91735
69815 16350
98972 90148
36405 86218
7862 53708
6657 82859
54668 4465
16014 33489
19914 63211
13994 536
61598 98653
73201 1714
44244 41587
75036 10130
27936 20347
87927 37400
83130 91485
32848 26420
59746 78999
42602 72697
59013 62586
61041 10463
25529 70235
47080 73172
44034 2903
17215 28001
45143 76710
83041 75253
92958 93722
36425 22608
33972 12180
30964 68686
69065 93827
87441 32142
80616 76667
5813 66429
22548 77614
25676 64196
75309 65705
57162 38059
43314 80462
70559 47752
70497 6121
6632 60040
71674 14257
65890 77593
50913 67709
26522 55090
54690 31456
42368 28927
92943 76162
74426 47724
51461 52349
88341 89773
8237 40177
91446 14345
97822 29060
91214 27969
12191 30010
7148 56928
45578 75532
78156 61184
74797 10312
10605 7350
30474 54725
41249 47164
81309 93985
85693 56218
74686 62394
1072 62576
43772 12197
64081 8481
93706 28238
62736 63423
4342 26892
55631 74128
90484 24704
62794 90938
93561 34186
44881 72528
23203 96616
16310 68921
12118 3596
97089 8921
42113 79161
82690 88990
83839 35802
95486 58345
1050 3423
71626 2167
27850 37653
1366 64972
68826 13408
20000 23067
72427 85431
90601 29939
2739 65853
45125 19881
84029 84119
47500 63902
23636 63535
43405 92974
33562 39140
80354 52853
79570 59116
1439 51069
26814 74887
39204 67752
54498 52833
91250 99414
14631 899
87898 13620
3868 81079
97425 51297
76631 49366
17088 97214
56857 14351
87799 2610
4752 26359
44514 71031
64662 89448
71539 87556
23030 38200
84863 54872
69711 61814
70053 61568
8529 1346
74728 76101
28356 2378
86782 60693
66215 26685
86178 72620
63286 53134
19748 19998
9381 68231
96000 62244
93866 24295
84331 55873
37687 11866
49065 57040
19748 36563
5692 92172
86539 22216
91063 47899
65869 34666
65201 53528
23442 52608
9173 8220
15086 96351
13142 23848
66623 5096
64992 64113
84754 1822
51722 33064
98565 37634
50471 78533
57991 15309
21659 54192
32092 49673
57323 38315
78749 30316
16909 43615
81884 79955
69247 37762
21252 49463
31731 10114
18111 5838
41736 59697
33106 27520
60884 95820
54435 84356
43805 34665
95995 82807
10727 57373
36774 79801
70759 11816
18230 96356
31542 94494
33736 56457
898 16018
46110 70249
82046 8737
20299 90124
1434 56024
13454 6850
55725 58946
40374 76404
74190 49522
82211 47750
26467 73610
36301 30219
77968 76806
59230 17253
27473 85096
14650 62008
73155 4385
30879 70281
66396 42200
99751 21144
74299 36474
18154 68151
21178 80094
33921 2566
59264 75891
20101 301
69651 28553
94806 9461
14410 99033
64696 33219
68993 10706
19511 82834
60774 16897
31211 85676
83408 27484
32694 79844
71759 50859
80586 73619
66846 19763
27561 16430
81141 57216
73124 20512
54747 27663
22660 87817
50873 56310
33927 83155
938 97520
67074 66316
90542 11880
57798 87877
81470 17953
36573 76966
27001 93823
87827 36907
68189 83926
12177 35488
26290 80942
63844 52404
34816 3791
22492 95133
94369 90831
82353 52168
11760 99669
17568 58010
8288 94953
14708 94537
25130 72282
22335 11984
53311 57419
8263 30675
50460 21915
40350 64431
80539 88335
86953 12572
77573 21215
3330 67235
77733 49978
21625 69270
95800 93494
4565 52016
24769 2264
44568 5963
63449 46972
22241 2551
53219 37410
12459 98877
99357 41525
84275 31633
24819 8409
18295 13517
79726 32016
4697 70256
85418 90121
52931 60594
27653 54279
17924 61922
43890 42249
67704 23423
62254 83195
31238 11791
78154 44568
90724 93599
18214 44793
91765 2648
20639 84799
39698 88794
1664 54329
74374 40888
86228 36210
62514 47120
53979 46587
21138 17668
89946 52208
46359 25722
72941 82634
20083 64332
4312 59009
62036 65677
71643 79099
18631 39609
25219 57557
25214 98296
38525 90348
88812 20879
2246 40840
14060 87234
60927 31655
48674 32042
66236 48002
42873 80463
77754 95902
16748 74658
79152 209
16160 63514
97727 98254
44686 3049
67427 88847
26815 4538
60684 76894
25328 40169
68358 95328
6804 45566
95475 37438
41497 31464
12699 21266
52002 95346
9978 98058
23092 96901
45751 25596
94285 20282
88437 65959
62350 85146
67843 76257
35961 76244
28974 14114
97077 61562
42422 5676
83342 70168
44157 45718
11642 1681
11292 44211
12726 18616
65072 11300
32527 56137
8850 12119
39325 96482
87652 71129
69002 32577
35974 93663
48400 81179
57321 43085
86975 41333
58875 44450
37758 34339
32993 7264
94026 15995
90371 42075
8666 34261
1184 14750
86722 50177
60514 50036
64630 96421
75629 38425
80998 86322
46193 3358
19304 40866
84703 97779
28052 98544
98393 76340
18728 15731
33857 94195
43660 45688
11411 20318
98928 51644
85327 17772
78577 14627
29262 68745
94234 58296
85558 46875
16839 43777
90824 79377
54341 87133
96407 42407
17334 87709
50035 12472
36720 76573
59363 27553
5637 2046
69202 61358
70269 42721
57856 53091
65311 76673
74328 56585
56111 96174
75746 61939
3889 54178
44655 204
76619 67969
20018 83134
8873 78290
74990 91233
82522 46580
31466 9375
28632 11519
76258 92416
70629 40985
77207 68023
24048 90385
19750 65512
59543 37595
50229 92020
3303 19976
21066 21859
27678 20609
3414 63276
23954 84705
60911 33124
31626 5101
20347 62688
234 71536
9768 21001
13036 567
19416 35516
19402 6021
66298 9754
47512 27540
82196 60307
91213 15177
12540 85770
44355 59346
18438 85700
38548 8831
45143 7667
78180 86075
42553 77882
13214 39461
42759 94332
79126 71791
19528 77765
31790 8274
43224 63796
62132 9772
22306 48227
25417 58679
82538 88789
87932 32455
13862 31291
40788 29248
44909 8931
69261 31282
92936 48766
49849 53138
72389 40877
7496 67702
20618 78823
26690 88524
70566 70696
36049 61975
42531 37881
19260 71880
94584 8121
14574 75605
24859 24741
14742 19320
23668 8521
5191 80871
39628 15011
97183 68235
14212 21360
99908 14335
99298 9781
22986 65895
63142 20812
33362 71786
79355 11625
66445 74926
29194 53800
65342 85327
936 63701
59613 97563
15375 15288
5591 14061
83626 28859
49523 90692
9929 41753
28687 24671
95061 90116
14825 62455
77821 86131
29083 82969
99919 83335
73021 16286
97763 6904
13838 21673
74033 24192
86189 4957
32099 16292
4993 43480
97764 9979
39993 97040
86648 79516
60078 23625
68933 81736
10820 92624
33295 75953
72719 727
96450 17638
23955 75564
49960 3548
31555 32824
41306 16794
48715 16434
64115 55297
36201 10621
48545 59190
26614 96997
44084 69934
33507 14961
98681 50005
79582 39429
44192 33722
24980 67160
89176 50011
40528 65036
43485 41096
81922 21455
59144 84502
21307 93773
97957 76163
23092 16688
97346 42081
74734 67573
95171 38402
85748 28172
86962 8414
39644 79564
23923 36963
11309 12208
75766 11193
88667 39026
56390 42736
62861 87779
66334 84073
58848 90916
43291 54719
95748 3620
33549 67984
41156 13110
65415 11051
30979 11053
55094 32120
94082 11639
36462 38366
97598 7444
52767 85173
61750 16466
61766 44265
92522 61511
51169 9031
35134 84329
43163 77287
64094 90637
52453 67766
42045 15066
98501 20383
22230 85897
33416 84054
25875 82300
18739 59041
33675 11704
50871 38787
47045 80480
44995 8421
47291 10511
51475 14403
83739 2962
9414 25937
46567 26368
1582 70760
69692 54902
86049 23826
17775 14899
71852 13677
68787 31885
48198 92095
35320 54159
11362 33942
66637 91152
1599 10490
57446 40240
9274 99474
32472 70673
43363 10384
12001 60016
4493 78618
44005 94014
1726 97174
8788 82016
94246 50065
57223 90783
17453 56492
17704 76525
7205 62403
20209 6133
43071 67803
89677 84349
62137 72136
56924 95419
14357 4728
36306 48241
16484 71008
12862 63238
46945 28384
55719 98499
9371 85877
84306 9798
3146 61244
65 10822
88963 95902
49494 32677
16006 56860
3606 87979
74709 42328
60296 21860
39935 49085
59772 48376
59706 12013
3528 54690
80782 18949
36878 10416
82062 35534
40826 73911
74626 54467
29094 32623
9952 26106
6464 54802
96506 58001
25988 96653
33968 46135
55971 47072
72934 56052
93765 43576
42992 66357
22954 76006
79721 49144
51020 62556
40900 71696
76864 995
80473 31830
57212 19036
57985 52620
28722 73649
65181 4047
37274 23415
23024 62488
43662 16035
8430 14767
73327 90790
57324 69166
76422 74214
30678 3693
68612 62426
15199 50414
44298 58529
42131 95271
4965 96640
68233 44488
29329 24854
73780 74728
88446 54270
75001 82545
55600 14817
13978 67108
62944 66069
23313 23786
18720 36470
4792 94008
4412 86174
94085 96350
96572 79716
9044 91244
61958 45103
89852 82433
15840 58166
25123 93202
13843 31861
18029 49652
94411 8941
28752 81478
75514 99993
65251 317
19901 11369
31797 24493
20471 17309
78393 65969
36633 81248
68063 30040
6499 90750
70206 60140
38244 43139
44654 19296
76156 8273
6002 72117
57379 64989
4210 64137
24355 10439
53542 45853
3808 7125
2319 55425
50456 27339
3712 95966
2022 33320
34489 66399
12832 55808
74612 29789
33408 20721
83544 93894
7423 63493
53003 71977
56189 79012
11781 19073
55710 23570
57343 97308
95534 61260
7242 57062
38053 38266
76380 51671
1894 60210
46438 99573
26145 46665
72737 24871
14776 82806
27878 14648
96639 92997
88092 6564
19261 10197
26668 80002
85359 28655
81937 20430
25291 52579
19468 15058
14913 12545
46036 11632
7550 29584
38953 79951
61642 65102
46057 61855
7634 30373
90332 62826
57024 88038
81066 93370
89574 70405
78669 54433
93721 35569
16321 36936
12282 84654
63671 25208
23504 55697
5577 97471
91121 21431
90632 69727
33024 60418
27377 82649
15151 6770
75230 59601
27334 8956
53976 56766
57916 31529
44522 43632
94242 33421
47281 26878
99327 78881
46704 86668
46806 97344
64160 9077
88836 2075
82693 95675
10693 17114
94107 96040
95414 62416
93391 59007
79861 65657
98218 12612
57028 94387
43752 5477
60269 68214
20167 49956
38559 55408
72219 39234
17495 70433
13022 23337
59610 45105
94085 19478
21950 70889
95502 58049
18281 10997
30228 19402
49905 5587
26437 5538
21986 55320
21323 25907
23326 88928
82503 29485
93278 90927
52412 62606
66679 81449
29735 12653
37400 57387
81996 34756
64560 91012
48107 49367
67820 84371
32818 27941
71934 78046
80940 71530
98905 50668
37559 2446
953 12640
86867 4366
38047 13394
53046 36069
84826 97067
77181 61590
9697 17405
76381 16249
66077 74654
83416 97376
42820 26143
35754 38148
18976 20461
42339 16721
17998 68130
93935 85386
6625 23465
13105 74523
62375 57261
68302 80282
89540 58268
40966 50488
40730 20573
59901 61097
34538 25835
80087 89582
64500 2189
34915 42267
15995 57492
45646 70538
96708 17776
47896 12796
60316 41487
51684 99879
38041 71987
63496 55712
89177 7119
59653 8262
71751 2270
51184 14985
75036 44448
81071 49877
4321 19025
18239 73055
21907 20200
12946 42474
76384 86281
83670 88726
81133 60103
86256 25511
71770 9306
96680 61421
67773 57368
44382 30293
96843 84212
82298 41323
81301 67184
13537 75402
49807 55359
62660 93186
5708 76156
60818 389
38085 50816
33741 4302
25880 51460
53722 43982
23437 61876
8114 57780
69588 97836
76854 96313
3242 434