8 50
74 59
31 73
45 79
24 10
41 66
93 43
88 4
28 30
41 13
4 70
10 58
61 34
100 79
17 36
98 27
13 68
11 34
80 50
80 22
68 73
94 37
86 46
29 92
95 58
2 54
9 45
69 91
25 97
31 4
23 67
50 25
2 54
78 9
29 34
99 82
36 14
66 15
64 37
26 70
16 95
30 2
18 96
6 5
52 99
89 24
6 83
53 67
17 38
39 45
2 98
72 29
38 59
78 98
95 5
10 32
46 76
36 99
43 100
69 13
61 58
95 9
96 69
14 31
7 63
43 66
83 53
68 22
96 13
72 2
91 32
39 58
17 91
41 80
36 7
73 99
96 20
55 24
90 61
6 27
24 7
14 71
39 95
21 45
67 35
27 95
64 39
45 91
51 60
24 48
86 18
73 40
48 86
97 86
24 21
45 69
36 16
26 35
43 12
80 53
45 96
19 97
93 16
92 34
70 98
54 48
26 11
63 12
9 78
62 26
36 69
96 77
68 40
75 32
57 2
73 61
95 85
56 90
8 16
94 70
81 56
56 7
64 3
77 9
50 32
45 39
9 98
52 50
4 32
32 15
20 76
10 81
30 24
55 61
38 46
18 26
1 57
65 98
49 5
51 51
77 13
55 98
5 82
49 66
79 100
10 30
54 84
48 8
74 23
6 77
54 25
31 67
1 45
71 86
17 99
56 34
58 77
79 67
58 12
79 15
20 38
34 92
21 63
34 98
32 89
90 74
78 5
59 1
55 61
16 48
81 31
56 47
8 39
1 27
36 58
14 15
94 61
55 19
58 86
30 16
64 3
18 44
20 68
48 70
96 4
74 4
49 86
59 60
7 31
25 33
74 4
98 21
51 32
81 4
1 21
34 59
4 77
51 35
81 80
33 75
50 43
350 872
411 980
1084 1071
141 824
751 1072
330 419
847 400
331 722
877 225
345 1059
797 872
165 661
699 852
1041 604
652 902
306 181
519 375
750 514
421 126
113 884
889 218
109 651
425 296
358 612
791 767
511 694
654 666
1061 843
504 453
408 242
1011 301
900 228
272 888
515 726
742 618
449 943
416 1075
546 474
321 1012
340 155
406 1030
354 290
267 457
405 961
999 693
821 217
681 968
453 1040
799 1002
912 717
992 772
829 772
762 146
221 341
259 554
728 451
812 664
695 634
828 928
896 632
543 617
107 616
1025 702
198 762
204 425
209 1037
382 116
811 317
1006 1074
882 821
892 270
966 928
637 829
226 485
268 1050
577 147
677 767
568 621
485 1092
311 359
312 845
619 819
1035 926
868 790
919 115
926 1019
129 130
135 828
341 855
641 497
1036 184
149 966
112 353
165 977
338 776
346 811
516 293
811 848
138 400
548 816
794 680
230 265
1080 602
626 390
1059 134
901 190
771 318
947 139
644 439
1037 422
820 597
348 889
460 1088
136 336
1013 785
1090 885
835 768
620 716
146 1077
762 926
920 732
1004 799
899 740
105 604
780 866
492 208
1025 466
222 555
207 551
804 933
133 242
755 1078
318 1001
390 566
848 723
980 418
617 149
863 130
140 809
1004 758
862 853
567 722
658 1097
1056 1031
595 656
322 413
394 528
333 545
892 299
253 957
671 404
540 1015
900 867
936 1022
144 853
187 820
251 511
724 770
706 1044
412 532
1093 917
800 1072
740 471
937 992
958 934
429 278
511 784
277 590
192 535
812 1005
127 992
891 623
465 991
985 914
542 228
280 885
638 971
662 682
266 903
833 433
955 860
948 478
563 111
920 251
478 1042
937 821
400 213
860 1057
491 253
149 115
145 1019
251 202
396 922
832 602
346 1062
158 611
1029 906
274 238
770 197
604 522
9676 9519
5301 7490
1263 3055
9264 9644
5890 6251
7736 10416
2365 3495
1964 8759
6653 6093
8317 7715
2421 9061
8451 4369
9742 2848
10197 5788
3502 9235
4129 1572
8449 8876
8254 2872
10330 3294
4720 4472
9821 6765
2080 3631
5411 9081
7114 4343
9139 9383
7045 9829
9394 4576
1981 10001
6597 6948
8371 7088
7544 3734
3853 1262
7825 5401
3381 1779
2858 4424
10499 8015
3846 2663
9510 7611
7850 10219
10291 6056
6744 9556
7386 7535
7276 8322
2152 2227
6252 5460
3784 7715
7438 8880
8699 5101
4138 5286
6879 9285
1343 5916
6961 4068
6141 1708
4567 1729
1563 7364
2970 3891
3624 3279
8314 6762
8011 5841
7979 7001
8395 5508
8657 7552
2787 4432
5545 1740
9777 8585
5253 5109
6515 2455
6020 4029
7672 3371
7664 8948
5025 5544
7855 7009
5982 1553
7289 9164
9360 2020
6380 6357
10462 9488
9354 4900
6789 5245
10881 3467
9284 6275
1237 9910
9568 2835
8940 10685
10652 10550
10267 8468
1111 10590
7328 8774
6582 10296
8937 8875
6436 9232
7973 4029
10799 10071
5588 7298
10090 3647
10091 9112
7613 8464
3113 4782
2952 10231
4322 4214
6129 2951
9601 9960
10755 10993
6195 4331
9633 4560
9778 8780
9633 4273
7384 10082
8154 3623
9522 8957
10819 6592
7901 1197
5121 3705
4600 8130
8145 10176
1871 9417
5600 8081
5619 5289
10453 9129
3801 8663
5841 10150
7386 7584
5516 1660
5879 6960
9562 9383
9049 5055
10441 2382
9771 3029
1252 8545
6870 8596
3470 3711
9173 6924
3126 7220
9851 2432
2244 8847
6870 7671
2395 5611
7393 2065
10525 10362
10520 4621
2563 2662
4726 10435
6950 3091
8323 7261
1094 10929
6123 7382
7367 7469
2024 3723
7640 4518
9794 10365
10179 2957
7772 9342
2356 1837
9490 10729
8121 5903
1313 10617
4348 4947
3852 3673
6812 7524
2737 3606
10608 1634
8867 2554
2413 8926
5041 10154
5258 2734
9296 9140
3252 2259
3695 5161
2139 10930
10876 5599
5293 6634
5563 4277
4237 1647
4874 10465
8485 3193
5120 4843
10329 9860
1263 5146
6717 8128
3173 9749
5001 5371
2399 2293
10546 9929
3301 3144
3193 4564
5784 5273
10802 5010
7222 5487
5514 6770
3532 6358
6820 10487
7857 10817
5255 10755
10815 3616
7538 3967
8298 9878
6761 8413
1192 9232
5175 3464
5878 1325
94785 27834
6751 59528
45000 77430
99610 12145
55365 72452
32813 51980
24135 32408
93584 67601
14260 88311
754 15892
79322 73226
65254 13930
36097 30554
30662 84859
27492 22964
42921 40769
81688 16527
55473 35220
55642 38205
82952 88093
58446 81371
49475 41963
96177 25318
25827 58414
23345 62572
85980 51036
68130 57289
59849 979
5618 17724
47839 19509
88930 94927
29969 71807
25200 32256
59830 23277
3489 27897
2820 61865
91138 92417
80319 4492
80684 18399
91121 19749
89962 5652
11019 75978
79947 18662
31479 12229
25064 25236
71507 91309
78969 55680
4120 7324
49678 79393
78954 56979
51854 89296
8272 48476
40205 66963
28033 8820
83532 34036
9469 52469
52611 50235
67271 6779
6266 69046
43280 89076
75328 12688
25364 59038
75767 74535
3084 18676
26185 59556
44157 17400
63665 52094
57887 20634
44925 88048
195 71331
36768 25666
6911 31683
56806 96315
79653 76242
73586 37592
97807 64761
17961 913
10404 63431
1086 14201
48586 84468
30485 3989
55201 95687
80101 45496
28200 61103
4429 67184
93918 7137
87803 74490
56579 39726
20790 46723
60596 40606
42320 38692
20722 17775
98515 69863
75707 71284
34627 16420
23802 94331
97645 52376
23259 1463
3132 46737
60721 8309
61025 86948
80509 88412
19398 56001
78315 61897
34000 95646
92534 14963
80540 13755
58822 94287
76537 11
14663 78174
14494 6636
74989 84572
6839 4822
64892 98414
50561 89958
44093 58744
89776 32769
30414 416
16637 19892
23348 54370
54833 24135
28929 95144
40880 10907
39055 25808
32538 35204
4422 27448
51035 51950
19417 67760
81939 78551
35184 52187
81097 59686
70525 97923
60364 29182
73013 33252
72203 35496
61537 33455
2209 46981
8032 20831
32096 66715
13113 12137
29938 22010
15686 42920
84382 69611
99909 11610
99440 32868
96120 11267
75000 44521
74516 42578
59923 97143
3981 35882
26886 10031
56326 12437
46995 43946
52603 23234
28481 63457
92835 76518
98882 8782
33459 62806
74993 74161
48652 16202
8543 53945
49636 7556
21873 57444
47323 37014
78442 84782
85780 69519
47161 61730
64956 59083
29365 3033
19314 59196
34329 22505
19856 37712
3882 11611
99905 92552
77617 96762
48865 45406
32123 65114
4944 48637
85119 52995
52189 53744
17640 74503
70344 55071
36220 48213
3318 9933
27783 74098
47860 47074
35591 44820
44011 80912
53016 34979
28543 96046
48271 60563
3009 73984
31100 40710
38214 18551
42952 54666
3503 51618
14954 35300
17917 7585
11870 67443
23504 41516
10 8
3 5
3 5
7 8
6 10
3 7
3 10
7 10
10 9
1 4
7 4
8 6
9 8
8 2
7 2
4 5
4 3
3 2
2 2
3 4
4 1
1 5
6 8
1 2
9 7
4 1
10 7
3 9
5 7
7 3
6 2
8 2
9 5
1 8
8 2
3 3
8 5
8 6
8 4
9 10
4 8
2 6
8 6
8 3
5 5
10 10
7 1
2 7
3 4
6 10
2 10
2 7
4 7
5 1
9 2
10 6
6 2
8 8
9 1
5 5
6 4
10 7
6 4
8 3
2 9
5 3
2 1
7 1
4 8
9 5
8 10
6 4
4 7
1 9
10 8
5 6
10 8
6 8
5 6
9 8
10 6
10 7
7 9
6 3
9 4
10 4
4 4
10 2
5 5
6 3
7 10
6 1
4 1
3 9
4 2
8 9
7 9
7 8
5 1
1 9
8 7
5 7
4 8
9 5
7 9
3 4
1 5
5 4
4 3
10 8
10 8
2 4
4 10
1 5
8 5
2 9
1 9
9 2
8 3
4 1
7 1
5 9
1 4
10 5
6 2
2 1
8 1
5 6
2 5
3 5
1 7
8 2
6 10
2 6
1 1
6 10
5 4
5 5
5 5
4 6
8 8
8 3
5 3
10 10
4 8
1 1
7 7
3 6
9 7
2 5
8 9
1 3
8 6
2 7
5 1
6 9
10 3
4 3
7 9
4 7
7 7
4 2
7 3
2 10
8 5
3 1
3 6
1 3
2 3
4 8
8 7
6 2
10 10
8 10
1 7
6 2
8 10
8 4
6 10
3 9
4 10
9 8
5 2
8 7
1 3
2 1
9 8
10 5
8 3
10 8
1 2
5 5
1 6
10 8
6 6
5 1
9 8
4 8
5 9
