4312 41196
93712 61416
36644 99940
85192 92055
33510 48260
51609 60637
9018 8126
51177 4436
96205 27262
33333 66257
20315 1468
41378 58474
62870 92271
78010 21820
14892 85769
33706 2578
41759 30615
13972 42350
59954 9042
41393 66390
63650 43583
9818 11378
74954 84359
42456 91048
18315 14098
8134 25610
5691 8233
96079 53214
80842 36741
18476 71255
76338 37178
95613 82447
71269 52053
62546 95138
63167 30525
81796 71383
90921 54046
65088 62351
13824 32483
20575 5998
60042 96323
89465 67554
7848 26982
9410 42510
5408 44831
64487 17207
79863 99041
8791 67908
88703 67432
49788 80227
64847 32932
13175 10973
86936 68042
92030 74825
19868 88203
91807 93073
27402 8763
97203 9327
32309 10928
50662 67108
20798 37310
50204 3901
75121 1159
32402 98709
38089 62139
35931 84715
92036 65013
41877 97761
22981 30935
48223 49323
41663 18410
76020 12845
99938 67856
59317 52612
9616 64866
57081 21390
16918 40210
93879 50248
12552 49896
52107 68069
68633 77470
52062 62142
29937 25029
4308 26540
50599 89390
5978 41881
80028 86862
31446 34830
14937 39517
3656 4616
20964 15342
45356 99864
80538 33783
92398 84700
39574 18106
11136 85008
49375 29336
43577 2383
60849 46496
66557 98680
43633 4841
1614 49582
11567 88829
10422 15796
58550 68056
85562 76226
77013 56792
12177 28421
49358 58179
42863 39783
85486 28849
75383 93832
91270 70735
99859 54355
85290 19197
32784 83662
52527 83146
39634 45823
75963 92400
88800 88132
91656 95294
96884 56858
52370 96272
31840 21508
24776 89724
54665 83715
71204 46363
53179 52376
4933 83979
20844 98873
9524 71296
36978 96657
49319 27984
31332 25781
36436 91647
93963 68407
65653 95368
53165 75374
24886 47109
24934 5191
71380 71145
85508 61344
90605 56756
88651 7604
21928 19858
52671 97191
21358 70531
6157 56317
85290 42542
62415 67741
23467 20559
19724 21969
66568 63634
45740 34502
23103 12535
23827 8788
17258 57647
43945 90214
67190 28667
86733 43525
71405 47486
76303 7404
20637 35651
87976 31572
92117 75607
63045 12459
6041 11844
9578 1052
85771 21851
93632 41103
24385 73256
42607 82597
7652 63206
20435 13754
64091 23396
16502 93912
7778 23714
76818 56632
60300 89924
31910 73142
25933 45605
54087 17896
71061 55860
61113 67620
62119 7657
99527 47176
4568 16692
68133 85413
57252 42114
28655 39044
32075 62923
23792 58619
92390 88979
77431 57297
55072 47414
68349 54626
54359 51786
98254 49106
29376 72256
58219 95549
90751 31610
46350 14
56322 37551
93433 62575
13433 65597
86798 51901
12108 19391
16511 12742
42210 32152
96241 19361
47342 32836
47653 62479
18279 6917
77791 32069
95579 51122
17758 74098
58467 9562
40347 23920
35255 5867
96493 41613
71897 87004
54464 89605
3511 43550
7832 95866
15463 92111
33826 1170
4538 55152
8775 99337
64660 73812
6888 77346
20305 46441
91058 48307
70700 77879
30959 32833
6213 96377
13682 63872
72500 6107
9580 89546
63504 17187
91385 17271
21860 6391
93676 39259
14084 64772
13124 53989
56615 43370
39654 92555
66673 54184
39466 73910
76523 22798
50871 55945
39570 14547
11643 66818
79814 1983
8490 6444
39303 13460
40947 93116
45985 460
68725 43361
87828 22159
51371 75903
90855 84154
24643 18044
16243 25706
70595 16378
13854 32733
17569 81697
67163 33873
20099 86095
4072 43392
99765 46095
1629 38995
46611 96950
7808 83196
66160 91564
24305 52939
57916 6644
8935 79330
2593 81529
37640 36139
42155 20791
82754 21939
94664 59522
63877 92456
82423 66146
54446 61900
88813 8948
59794 99732
13179 5405
98003 75097
15313 50593
98890 84253
70198 44874
40880 23336
42093 6629
4382 20436
46686 23584
87171 36427
24667 96708
60838 56797
9596 14403
41988 2447
62361 18878
85848 45765
93285 94803
10529 60563
87739 80641
10201 86146
18219 25581
47838 80287
89700 30830
26391 31876
72624 25013
72629 24182
38415 83799
21189 77491
75967 37567
50813 65346
84260 39515
54327 60004
40018 518
59180 8964
48919 18642
60880 47373
44420 30537
99144 67326
41852 75781
89204 26577
78918 88182
3580 92678
82452 74145
63382 74433
8484 30214
33645 78952
13122 25154
64861 90946
51560 58341
73402 43499
83351 39392
29493 23024
78668 80986
30797 95804
8216 32881
398 71618
30205 26240
34348 96522
53899 89758
82454 95696
49779 81228
88121 5684
66644 75611
43468 61422
53343 13748
54293 6423
83091 83428
6011 32225
22412 48045
70663 6320
32940 58991
70953 53987
1852 97690
11919 42727
78266 26492
30595 43453
10592 55599
63973 4775
99641 50919
59856 72313
78313 70827
11281 64722
28770 35361
27756 90571
24791 27362
9610 25055
42586 27602
36368 85916
52525 53662
12706 40627
23946 75402
35947 65022
24485 53517
10939 2752
59468 72499
44909 34484
24812 95836
24640 42090
94391 98255
88010 48469
87856 64836
12028 27955
12191 72744
24237 16981
48479 51225
63716 21512
37426 49777
85212 14235
95399 88838
68942 74539
59829 74679
26973 54164
31793 18662
33722 27374
74396 75755
38170 63938
59254 75322
30226 21191
49657 71950
83675 70251
40025 30139
23946 4056
7211 90609
24154 56553
76418 46176
51864 49107
38792 62599
15792 66118
82433 41943
67344 28582
87742 22407
64527 49872
2697 53016
27879 61705
71647 57041
1657 6744
66240 60460
97161 76872
63831 88503
85191 85519
37508 44918
17856 50300
33771 34025
79024 88678
53176 22973
32701 82389
81379 23416
96920 70525
50720 62837
12570 10214
46857 89764
67383 29067
67997 43227
83073 83949
73925 21627
43768 42727
3770 71620
91414 87265
86890 27214
65693 12183
7760 79983
24171 87405
42343 82248
23830 93072
24270 39276
96276 61242
6351 69089
20528 96274
79037 75973
64408 87201
72472 45537
70376 98426
94698 50231
81234 24366
78338 64127
48367 52176
9708 16103
98158 70606
1446 32699
75410 889
4411 58318
89149 51969
65736 93079
15497 71240
62367 93875
79704 30962
51464 70028
69215 58233
83182 76883
31545 89349
32629 81986
62183 49509
92636 47851
1640 78286
40965 73612
9906 12149
59389 16434
23131 8443
79494 96020
4011 93107
98842 94973
81433 98264
88605 28841
12378 45779
8101 9739
25656 66039
42460 40014
59329 81242
35514 25578
73258 5103
349 27201
80251 40827
56968 65451
86400 35827
34957 28342
85736 70351
32721 77687
30431 64705
81653 4069
43967 86852
1364 32946
38947 74160
64331 4853
5373 54801
79385 69335
41025 36332
57402 71384
90446 83627
81392 18650
1788 69025
69513 55720
71988 15131
77338 64169
62780 33989
64768 23769
79027 69308
75612 27039
1616 56453
44023 9021
9566 36346
84306 44188
68511 28108
21150 20739
69168 5700
80190 4680
87360 58071
70511 87644
76214 17312
89647 98089
34305 23525
60419 19209
11508 49399
44337 43621
57919 14211
27196 49436
53136 92077
15299 9407
99996 29355
9263 21366
8232 25059
76208 66998
54390 57855
35474 4453
43001 44543
30584 21735
85939 30727
62301 84631
56580 60744
39294 72993
86906 76081
69796 86227
33677 60841
13961 98266
53340 76641
42207 78303
67166 81816
40795 10889
88958 35601
69260 98321
33793 88413
13830 78425
22094 5045
44484 42591
29903 52728
16895 91184
76720 10211
46788 90417
22851 33549
66504 15795
33881 69033
28151 78256
71344 52004
31492 4337
8527 21066
49573 31278
72363 71358
22054 55611
30878 44347
19456 39067
417 48957
20227 53336
77097 76754
54798 9528
17209 47562
77229 87085
14192 79443
31320 44680
84234 81312
49812 30267
83171 21053
80319 81088
87104 15669
28061 72783
49300 5798
44195 18902
41034 82389
85456 15888
83369 30900
73151 81791
1439 20050
32852 48334
20671 77949
70278 45353
84036 5200
23491 58481
6110 56125
4548 99046
15736 8238
86034 75443
53958 7958
7483 85855
15393 3017
64207 82025
67133 99696
37218 46267
22343 15295
67937 68912
35328 11337
69133 72638
71468 86879
29915 22596
73382 92646
27048 33583
76458 4247
25140 84623
52184 62138
37971 25418
32995 49142
71307 1237
22426 56696
14531 65891
7634 26998
53559 62906
37247 14294
68160 1564
36509 18908
65919 85654
23920 18386
27059 42869
16316 46159
55474 91385
6724 92010
96669 86101
22273 43783
96646 37509
86631 31049
73349 54003
1651 19383
86187 51985
71811 69006
7990 31544
88537 64506
9783 24261
59900 73925
65174 76880
94523 15301
33313 92040
19243 76055
26570 74025
3811 27770
41640 50106
32616 90166
8606 63083
35435 20814
71728 376
29825 4806
97034 78711
75750 99193
98434 45016
30189 7531
8187 29891
23275 80953
32170 84153
18538 56742
84028 14892
22296 14342
43217 9222
11050 31596
86008 98713
93378 87281
51659 93594
40784 98677
6767 49865
40054 75389
32963 39561
63674 65030
51562 79390
97103 18450
66389 77542
3675 94333
83386 86611
15036 12084
48543 29513
34045 55253
47638 1469
49397 60719
6568 67815
15491 42890
28809 69423
81577 726
84685 69088
60698 99570
83524 65763
41448 97444
36776 17557
82831 14697
68541 61037
74662 23620
38401 55183
89156 88341
40665 78947
77143 54614
75879 90075
76256 34394
59736 95978
79420 77833
80544 25208
53389 58762
87518 83317
6307 45748
68157 27895
63661 80573
13513 30064
37481 3362
93311 18359
39692 12619
18674 89020
36309 15444
62210 37412
26727 69304
28680 29228
25924 54616
1999 20867
81730 59888
65391 80446
41235 79109
39551 51352
87995 37359
39616 75839
7452 17728
45664 22849
23780 1989
72139 32133
60871 90394
64754 54862
6736 63418
73732 26686
18447 70863
34475 98990
31140 45199
40790 40601
69847 81004
23730 32836
54926 47748
14379 19251
98613 91143
70911 91548
33044 70820
14974 52366
67831 78674
98672 95579
38080 87900
16629 63291
86088 66643
43006 15186
43414 97663
93777 51687
8553 39974
90092 76682
78064 21951
24986 2554
63460 88385
85126 42767
84880 56324
55434 60337
79177 87146
78657 83212
18347 53281
84501 16564
86837 54221
55237 95370
19980 81561
12223 3729
38522 57569
50002 5891
39222 31272
94136 95132
42998 85403
13738 60894
963 78538
62292 36866
27567 24789
43038 87973
18365 25016
21746 19179
66223 26787
90421 12105
49503 56688
19458 36663
4905 3189
11210 47269
50649 50506
9763 48927
99834 63553
63216 87628
98493 77869
97475 76907
2229 93345
59940 97850
27924 56012
54381 24190
94859 7945
30040 84008
45320 17479
27533 36040
98649 23001
8379 98112
26972 40180
39147 6687
16741 51139
28393 7843
62021 34818
17345 64212
94556 8800
24043 60299
32045 25325
87145 43432
73416 58919
12177 18203
37085 4361
83309 6283
61859 72897
90874 64384
22661 45548
94226 45075
57649 57745
91682 34043
62899 94682
45005 11443
97423 78363
88896 19985
55713 85023
67705 30946
77821 400
64729 61299
41513 12219
15725 61205
92690 29153
81080 15838
57058 81225
5347 3455
23590 47937
41769 74728
46621 92556
53460 20802
69353 44507
65973 40584
77983 26323
80953 10613
37408 11463
89169 31641
44441 18353
96317 50601
74826 51816
72793 16396
92366 3872
57617 90131
65384 66905
4634 97266
62439 87169
11984 18512
14386 24217
55316 80983
58921 85661
83819 13113
1137 24094
83098 52080
72744 83383
15063 33059
87824 72340
64897 67624
85680 6645
63919 30457
13142 29667
20418 73447
37880 97060
76666 87505
72549 10139
39214 96494
62368 93330
26542 62292
57980 73017
45341 87819
90987 44171
33508 33934
89251 69409
61683 10037
48574 23230
14836 75309
22840 85634
99594 21600
69254 49165
41863 34819
39407 24162
50652 86660
68647 87037
75604 94141
25315 26916
60233 55097
78774 28757
53836 12297
65799 74708
32356 29817
67188 61531
86462 39420
32133 18320
14632 57776
28613 62830
60286 54345
94513 65312
52838 6012
14706 14904
14065 21910
54905 67586
72092 78258
11422 28620
23159 15223
8102 23042
74203 69467
11245 7625
28201 79759
98926 714
6415 4801
69214 12621
11483 14433
89936 6830
24151 50961
85345 14815
30160 43945
59904 95153
94081 21171
31572 42164
95793 54667
38946 34197
71098 53266
43937 69640
23242 83287
31449 4047
48372 10882
19973 62379
20008 75181
27326 26454
81195 11046
58346 1906
16151 51830
92772 89449
66762 81158
81359 2804
1601 15228
23183 27140
54663 51336
29918 39562
6065 3466
28820 58564
77726 98790
52085 2062
12728 95627
27873 76272
68823 33528
80184 84375
86294 34412
55852 74330
30372 42834
88118 9242
76362 7730
89436 35143
3361 65411
23234 73586
1042 26772
14556 51503
96001 32082
3729 21537
89688 74317
93017 87377
83524 25121
77882 5398
87873 79877
83902 30800
38018 79931
10699 58044
82238 15214
41762 83544
4449 80124