692914 528382
321915 454094
922900 782839
814718 353774
520061 234193
339640 793127
893573 52910
270770 758817
120060 683306
479311 433916
951803 406657
320242 809358
324820 794974
610365 326072
61035 139137
950901 676771
838366 797707
199873 576476
904608 266857
196113 615434
759907 548699
16476 640648
424371 531296
908609 201251
409504 317248
670671 320881
844564 698805
706656 104012
257859 233783
235232 589034
564927 972451
264235 442842
600619 937799
406740 945949
681416 917132
922883 980383
379435 832321
175990 613905
586063 790912
996264 513188
131847 841727
773134 419235
369548 944565
282814 888813
57460 790886
832363 150030
104964 985997
498123 132858
148956 777830
759065 823205
882256 874901
828086 919490
624984 963766
944171 991509
217885 396354
476105 498807
917299 256282
402674 24486
963494 604659
788144 229510
716013 21599
681794 206200
424700 131828
647992 375958
613621 935451
671092 613576
496638 777207
479376 24774
259629 383343
508766 63658
533024 288090
776010 510000
133610 854022
1564 973710
396968 70437
161242 784682
561073 84053
78922 947133
393515 866827
660693 460226
984507 621467
762696 248090
543828 287846
813299 38463
621745 417824
771444 548963
810205 375100
298766 847908
308015 962103
772722 805998
270164 347902
27680 578478
891397 248573
403431 3247
579031 990533
514952 279122
40881 107865
170041 816942
347095 889750
10181 513986
921125 602556
203536 702611
249688 24093
398201 235303
353031 183776
351192 177052
239407 397362
593638 308901
15787 856971
779068 809250
51074 701400
463220 343580
308699 175882
980652 524250
246027 752955
776553 14242
292495 553336
163543 596047
480789 827375
903983 807307
886965 40438
791089 786090
428733 59829
105425 31588
174953 735218
353518 559084
479154 129656
823933 895921
696125 260130
691332 698992
462964 60233
966275 458164
184690 933640
869165 989868
495448 398120
165843 976743
874621 17133
158882 909742
924994 24572
100355 895485
768066 441575
398048 75936
206760 277911
98695 769319
25820 736277
855910 94534
374806 113973
380278 841035
310995 808095
216629 443644
488036 444283
613771 366860
715555 335096
474830 30010
458049 318009
256225 541447
109499 902686
961847 437266
521067 569194
992694 701905
245435 577750
755830 924206
357172 646001
617576 201211
549620 254834
934419 953556
768382 771804
706810 716816
365100 382476
195354 487459
295295 480930
548495 265299
810391 146762
698966 769621
866750 900838
309101 847364
698398 450330
260567 989245
746515 261491
523132 444249
470747 265972
937133 343304
31978 599167
143108 338183
772122 388445
788841 293885
608704 685290
71474 294776
337562 679456
929826 929279
386020 76862
779410 903699
327625 626708
292654 189959
662007 667566
654294 413433
617483 456027
562788 699180
670700 899352
844109 897027
316852 886302
74400 2908
801480 990277
520044 765511
164552 22227
809919 901730
271970 491494
636936 824018
684801 110009
802654 580192
10787 486934
442202 366765
576905 25752
559326 558420
538823 438684
585529 910554
147195 772804
719459 92884
143706 636071
433506 876310
969190 442457
733072 956179
931772 445906
871539 661846
676361 387965
479564 223260
418397 856223
240939 602251
321368 17570
889151 174419
628736 810366
598700 20256
515125 254595
663829 87609
334908 960517
616313 710776
168567 329699
776505 166054
577653 945014
998583 547507
664102 199827
905755 721998
244455 674750
686127 522343
692732 859115
799210 953471
816411 361137
720586 430568
462501 841806
506394 123935
506416 837137
190099 721858
755263 247336
27615 37359
660435 29382
58169 766331
982362 999344
94511 517580
621638 539877
908553 912084
222265 714728
225476 484714
483868 916395
448759 673094
990607 712410
916375 126361
150650 637953
535190 497223
634498 81306
370790 52098
469208 972727
226715 902532
515499 430472
792238 247977
30846 914570
508189 74662
191572 674125
462960 356074
145991 463840
708567 52687
709944 738202
909104 657469
326688 881159
699876 24028
680773 478702
574193 450355
867913 243452
44354 699362
855453 950095
614202 555064
801554 432480
899599 278770
931088 520077
588371 432593
19743 635586
910799 870039
293858 234372
891656 728157
956261 821849
150115 750868
844491 801688
451044 731222
550890 168265
869138 435880
552306 594296
304695 820559
893640 435227
515843 448907
810545 78557
828176 437108
114089 214214
721537 842480
26900 436105
245955 251023
363340 760299
764981 378051
429017 887627
320868 974143
951678 941586
332591 470954
363184 179063
889226 866944
859106 228975
769309 651142
630523 82480
548492 542375
229609 822817
638866 850352
124303 247840
394310 617061
740634 227887
329152 150718
934065 291836
963477 944513
703498 173515
22077 467389
626842 840770
212758 168992
667045 442384
354690 501686
509747 552507
608619 265534
478819 188038
863526 267115
695257 72379
369717 784692
703058 406938
500071 527448
683993 951006
971034 856178
203923 77928
844385 5300
152948 462027
369984 415811
290260 685619
956052 272815
820636 756850
565328 374029
167130 103465
296545 196787
411893 625231
286835 975760
408378 9953
723085 802662
728084 682086
527448 630756
796634 970206
903549 620900
204355 790150
809067 714301
57013 827083
132536 274438
136954 139081
77279 479400
808980 966014
27048 360543
756647 148944
964901 465613
993748 843703
490456 718971
885479 650888
520434 650348
442918 888735
59894 201824
445002 218985
621756 495970
313482 989451
189906 129230
33490 439411
160189 773347
439187 12665
816221 759808
687923 645361
771438 496511
964965 800015
842667 353451
800468 806967
760781 556127
690106 238625
781297 127996
177037 518054
827095 614214
302296 745193
263430 872476
126759 71397
707534 33426
26779 581134
104165 53932
204254 605990
781427 670650
934321 15072
886569 641035
756897 575657
919820 540303
998937 813911
348624 997965
281936 257777
808799 275773
417187 515033
288505 651139
836925 371986
345653 509384
249458 619954
561957 681655
875819 662181
59159 15569
892924 553499
686648 590062
19282 647183
57748 716689
818824 489141
451512 2662
647064 410944
877049 31834
575598 100493
248013 509271
939800 590639
587094 693595
821466 738840
552127 213492
823519 798816
739199 627290
668105 228277
303931 134952
318569 506592
386504 951929
152842 805807
818190 819227
230824 290501
402184 505203
647294 1146
307431 707245
807357 137328
154838 135645
731161 443059
330585 513335
18236 906060
328143 338663
78814 814627
11798 811854
995436 995342
205261 226267
870629 613690
424948 734017
547844 474292
105520 955098
288344 349589
710316 127320
954671 249480
350041 493859
966576 489849
895317 149
740232 410972
289130 514510
112573 112279
208493 326132
673758 228173
423303 553098
347483 672456
1296 285676
956273 869891
922071 832741
929214 49361
561534 147629
791730 237932
878082 500162
183398 298014
805465 366049
195207 861637
683636 486433
963946 787271
604644 688109
755140 959891
869976 911708
563953 308175
532996 170095
652530 380835
405918 789030
233652 210466
403586 151551
165323 700880
332598 939852
442686 675796
516359 780015
355899 9403
808594 434549
512811 964006
42079 560781
731040 823762
224743 640676
851755 546434
413622 469214
664395 196619
936427 673010
129920 558908
98909 87266
105789 898599
654168 864854
694779 438416
233989 515284
509418 294578
341735 974302
147778 858472
489538 855657
963128 19839
21718 458933
300373 921033
403341 453440
553261 303586
884317 247396
274643 87025
950123 331148
63462 148877
338228 12834
376583 350838
742244 317527
830237 835096
255600 62133
383746 833201
827988 764880
358541 535945
914788 262874
937212 466272
309201 450390
830206 545127
363579 89061
901659 431332
609517 570556
805313 95992
510266 56183
663724 204925
614193 360646
436656 363913
701631 862213
443814 327760
550946 918698
786865 96998
880838 657304
579564 945377
10686 396048
437938 359004
322336 543943
941193 208024
264253 481618
484843 751998
95035 636158
97843 67392
2257 63996
75745 523677
776351 746425
781450 678787
438248 945228
786207 800654
91309 363209
105367 765487
611559 418930
205436 87784
709024 488269
680591 717363
373230 968785
715033 139970
792973 707962
265744 35042
588568 591100
237986 66233
424356 833172
769120 916462
982201 422649
703754 196967
725294 635762
431667 392109
99104 16577
845777 376493
250958 537277
738019 520728
378132 677373
346943 137193
950402 785136
960119 922502
543193 603082
376551 753216
892258 673881
433822 449653
187370 58166
955495 278293
934301 978838
660531 799617
304318 806272
117796 886031
944960 591385
711992 816362
574404 274203
485456 348119
910384 910884
780637 255570
173800 534379
777574 528407
484076 947661
424951 329596
637902 613253
679146 58171
932046 384443
763531 115854
803860 499571
490 98291
476808 598438
95810 575503
937745 387502
22081 210159
404265 535642
177204 166057
511898 832353
928529 842017
985560 177524
150688 112167
809529 326380
775046 417470
126677 480099
291887 980664
80438 391518
498071 274940
56636 306535
362230 148010
197008 431546
844870 48341
667267 853397
808050 871471
969922 935346
290076 744835
538872 340817
890123 125979
949824 25966
946032 443265
749829 326035
527059 484067
624953 942854
588575 540624
379374 520354
313030 530270
764500 508803
820114 264686
725584 175067
438090 703368
902197 992610
631421 265120
800673 337706
41198 208250
817591 871632
929051 682153
11764 381966
206060 138483
427888 327854
639605 505360
870323 315353
918952 69905
330930 294926
163738 894686
629541 662510
955888 491608
269446 708211
318182 842781
485159 419265
893435 846505
376048 654869
471037 853593
269685 960154
752620 273995
667184 205978
98446 495010
924960 500753
653455 447206
932221 386782
486354 11080
185302 132307
127128 693507
658121 345067
32971 758877
157790 957275
20136 853452
828801 793409
849352 797814
271195 749945
435913 722385
563340 844687
165661 33514
211847 811470
669679 478913
680969 149687
613549 749456
985463 736525
335862 846188
370579 565517
997538 556997
930330 173628
646312 382280
773118 368664
620144 178083
763771 639280
165942 956904
718424 15120
579543 671563
289917 446932
569340 296838
388011 158493
923232 377372
291035 196898
62271 567609
33591 235806
176669 329144
988335 244135
734191 24191
48826 405919
74794 737669
891946 862403
602023 69876
204073 788001
63920 746922
288853 822502
433066 832473
495798 458005
65758 436237
990296 948692
897254 691470
630538 648865
467312 157019
438193 845601
979058 730007
737225 132185
728042 729408
313338 895478
545104 206041
715155 455238
788700 360362
34661 151433
959021 29278
189310 515362
430045 795914
729153 772584
842590 270925
19231 678298
320400 417810
404852 528239
940899 781298
371968 993162
95972 677943
102400 940044
996006 866427
243496 547972
977422 930416
525760 788481
961082 106233
982296 24457
476110 461940
667433 336226
82525 134427
520586 867021
864241 147264
678027 80402
282616 618294
267250 196918
54731 536590
922064 892746
562907 20799
78910 849502
142010 381983
566841 854994
779076 869198
964696 304204
715496 230066
373990 838277
393751 539292
411168 545214
526023 267273
929228 751377
45924 299077
639732 402210
423700 340394
532158 99124
567461 705095
715817 955608
333718 782940
171494 109312
728447 106241
943632 97905
172573 511653
413130 464023
902910 181172
486580 203058
56773 485202
477257 368366
452059 70277
782360 64337
129394 188399
467613 946510
402039 976504
989052 509622
119380 941642
57177 164046
912927 63478
860054 999163
330210 653556
520810 943450
606407 432071
496027 441836
119840 926911
755352 893295
805585 347032
999221 409288
142875 173056
988035 790043
749125 255414
795147 854077
959400 125390
458023 432321
43928 37585
902718 246191
334315 330753
472154 404563
401255 352505
713128 826993
799180 539635
679627 873814
21114 706340
624989 450953
416128 351426
975043 299553
339267 541349
911979 357104
990920 903307
128101 871837
590238 950710
224859 109967
421099 433456
571438 427269
976337 383151
377903 188739
56700 712211
849975 752359
122315 126155
387172 185690
239128 885528
839344 492386
218342 48490
501999 253523
16486 110182
466277 490598
581606 623817
514817 199842
635926 59686
284346 843446
985785 6859
209605 242856
240229 534338
456048 167528
880182 532211
754846 993470
432341 388007
891936 350627
586080 166119
615724 997163
963319 352963
995068 166815
579106 483374
849221 362985
454754 485958
74450 155816
213587 410290
856125 855268
573242 502117
342730 564443
456305 878015
597472 922042
992620 404242
953957 928039
980391 936769
411509 775035
744302 769029
444734 681421
332104 999177
916474 984937
984577 825205
734794 801120
53011 664969
348844 561401
917232 731807
937305 797445
701743 597970
477374 406608
156304 616126
619988 237620
163758 761181
990046 500039
197120 647248
511487 130164
216459 71871
908341 851303
229992 466583
119926 515746
460909 940658
108517 114861
359227 521749
466929 558122
428196 560978
121482 872518
915702 665934
956225 14412
322729 137309
683516 383764
235808 947977
482578 515608
744863 504434
429001 992294
291594 849679
242217 512946
612374 656402
760380 388995
424783 651434
717669 279310
818436 462562
526747 60896
371026 152807
917504 775284
969484 626150
770146 667684
80452 685844
404685 718717
407481 234055
908682 506667
277660 86018
703225 827923
193792 311054
729222 889536
18015 348867
724107 864436
907139 717478
859266 433504
986648 831084
904869 270320
672843 917021
930852 189181
954014 564308
86466 101286
35659 837282
649229 917561
82258 267795
718264 860042
749089 120648
29207 423910
634271 544131
811190 892834
4758 143682
888981 300556
395387 981250
303620 231171
909594 570596
647639 236771
86242 185581
193479 553368
12299 344616
890597 991380
745824 140262
279803 181019
762476 818918
219201 545147
299845 373007
435833 715802
904368 343002
767144 380583
878191 851916
161905 543730
359726 345057
23951 887320
152006 832453
628206 753303
70699 557307
411175 539520
460153 10400
946775 540234
343446 395466
330842 54338