2625 2651
6431 6449
6761 6784
5323 5338
6353 6367
4499 4534
6097 6125
3345 3378
799 803
908 924
377 404
5083 5125
3362 3384
5379 5382
7917 7939
2412 2456
647 690
3637 3660
5722 5744
4819 4833
5099 5126
3355 3367
3977 4026
449 459
926 967
2815 2821
8077 8090
2878 2904
4383 4409
8756 8789
7446 7457
7059 7063
7704 7744
1030 1044
746 787
2937 2973
8157 8206
7064 7106
1557 1564
7206 7247
6957 6998
69 118
3126 3173
272 282
1277 1294
6261 6285
2573 2602
8370 8412
7796 7839
5993 6011
4285 4301
8708 8709
3535 3554
7370 7412
82 118
4608 4635
4763 4790
6994 6995
8759 8764
9864 9883
1442 1455
3302 3311
3119 3122
4604 4621
8523 8536
307 354
9285 9326
7391 7432
4649 4663
2732 2770
5850 5867
2434 2441
1047 1070
9950 9976
5875 5896
225 239
790 827
2546 2571
8725 8738
5649 5692
4860 4880
9289 9326
2438 2445
4404 4415
6002 6035
2750 2767
3626 3627
4204 4238
4769 4775
5932 5969
1934 1983
1395 1405
7761 7801
3160 3202
2893 2926
3172 3186
3063 3098
7969 7986
8085 8129
3147 3196
1009 1036
9291 9295
7404 7453
2080 2128
232 240
7155 7195
3452 3486
9114 9159
9146 9195
6997 6997
8304 8306
2278 2324
314 324
3472 3487
3971 4015
6431 6436
8862 8911
1555 1562
1596 1632
7056 7056
2028 2073
5704 5729
7696 7745
6749 6778
9065 9074
9942 9952
7564 7604
3625 3641
5447 5469
9277 9311
8229 8254
2425 2447
7297 7342
961 968
4710 4722
7069 7117
1869 1915
849 868
3102 3134
343 347
3350 3395
5193 5241
5739 5781
8653 8670
5467 5486
9499 9502
9647 9662
450 463
9857 9902
5605 5641
2038 2073
8457 8464
6361 6400
5891 5915
7464 7510
274 302
8038 8045
5532 5561
9705 9737
9765 9791
3287 3302
18 56
8643 8661
8419 8462
2821 2845
8474 8493
8677 8724
1558 1569
2177 2213
9636 9665
7267 7307
4053 4089
7012 7058
492 515
9810 9815
3330 3369
7546 7594
742 745
1350 1395
3527 3562
8437 8480
6528 6545
4753 4785
4867 4901
9491 9537
2264 2311
8898 8902
1964 1971
9285 9287
2022 2034
672 717
6597 6635
2004 2037
5901 5934
8346 8363
887 918
4281 4287
9106 9122
3397 3401
8629 8647
1968 1968
9815 9844
2473 2474
5375 5413
6337 6359
713 757
2112 2140
3632 3654
7908 7948
5788 5821
6180 6212
6940 6949
8967 8980
9440 9450
9516 9557
6906 6909
9639 9659
6036 6036
7067 7091
3289 3289
5472 5509
8945 8979
605 637
469 518
1466 1466
3241 3279
3159 3184
8880 8886
4920 4944
1189 1218
8226 8249
5190 5199
5591 5595
1302 1337
6379 6398
8658 8682
8009 8031
6747 6754
7730 7749
9125 9147
5300 5303
3514 3531
8422 8434
1437 1463
5779 5816
193 197
7377 7416
9002 9027
2064 2098
115 145
5453 5493
7252 7258
6099 6135
1255 1274
8779 8785
1425 1445
4067 4083
6547 6595
2196 2245
8555 8603
32 62
6000 6014
1927 1953
8023 8055
1265 1309
3166 3208
8229 8259
680 690
8103 8122
2768 2768
2516 2565
9899 9921
3303 3307
7531 7538
4294 4316
6788 6800
3797 3826
3551 3572
3133 3174
7262 7263
9274 9321
7455 7459
4982 5016
6409 6436
4620 4664
6501 6548
1543 1591
964 1001
6077 6085
918 939
4351 4394
8947 8996
7243 7281
349 372
6240 6242
8210 8259
8411 8430
9403 9417
8291 8324
9839 9839
5609 5636
7539 7572
8929 8935
4079 4105
2007 2047
3979 4002
3634 3661
6511 6521
9257 9271
7638 7639
8188 8206
2243 2273
8130 8142
5351 5351
5713 5753
8773 8819
1142 1179
983 1014
1421 1450
3899 3908
5956 5981
5935 5947
1730 1730
4836 4844
8566 8614
6553 6558
3403 3426
1188 1210
2720 2753
808 822
2578 2617
8787 8792
8730 8745
32 43
8486 8524
2844 2851
7395 7424
2344 2381
4356 4357
6058 6080
459 476
259 263
4569 4584
7237 7251
9315 9343
9237 9271
6426 6445
3555 3581
8765 8787
5914 5916
2984 3024
1970 2001
2163 2173
2602 2645
6731 6766
2858 2884
2638 2664
6880 6926
2146 2181
9769 9775
8220 8249
738 753
7500 7532
4110 4113
7685 7693
611 636
2766 2773
9264 9282
2244 2271
1243 1256
2090 2120
3343 3348
3206 3208
544 587
3809 3812
4160 4187
58 91
6901 6936
2413 2431
9263 9296
5500 5544
808 832
5301 5341
7909 7935
3478 3493
1650 1669
7141 7165
2946 2989
6013 6030
7951 7993
2241 2278
9132 9142
8844 8890
6836 6885
7919 7920
8398 8431
3944 3972
4888 4929
4679 4715
7349 7371
8520 8561
6563 6655
1520 1537
3692 3761
7224 7290
6122 6188
9807 9881
9552 9611
9218 9294
6804 6846
8454 8457
4341 4412
2657 2737
527 566
4799 4834
9504 9512
9754 9850
1379 1428
3677 3738
311 346
6544 6588
560 596
9286 9364
4795 4856
3339 3364
8667 8736
5126 5189
7582 7658
2301 2348
7483 7570
987 1008
4920 4946
5627 5693
1721 1741
1264 1283
5356 5371
8075 8130
6557 6609
2912 3000
4400 4478
5623 5636
5854 5885
818 846
6642 6716
5974 5982
361 401
7412 7424
3038 3134
9642 9662
5914 5958
8509 8584
9109 9116
275 374
7696 7739
8027 8125
2544 2630
758 792
2946 3033
5517 5562
7962 8018
6562 6642
4936 5026
9686 9732
3045 3081
2968 3011
5692 5694
2231 2236
6619 6668
2893 2958
7718 7735
5152 5191
2445 2466
7014 7069
3998 4024
3627 3669
5313 5357
2408 2490
3956 4007
8429 8475
6044 6083
6051 6076
8403 8461
6226 6266
5704 5752
3121 3183
7980 8013
6876 6970
408 440
1864 1888
2918 3010
1088 1104
8511 8519
1841 1894
5819 5890
9461 9519
7527 7618
6619 6678
8693 8773
3970 4057
3606 3620
6072 6158
8767 8834
4107 4120
3123 3146
3051 3093
3809 3894
6015 6079
7054 7136
1427 1500
218 300
6233 6260
5654 5741
9520 9601
2873 2963
3769 3807
4557 4620
3496 3530
7166 7169
1911 1982
1775 1859
3821 3900
8163 8251
4140 4146
5560 5563
9527 9601
9872 9881
6820 6904
7787 7792
7473 7527
6579 6618
6380 6402
8600 8680
6073 6165
4678 4711
1452 1504
1101 1123
816 825
5938 5981
4585 4666
9382 9402
6419 6444
5641 5690
3602 3626
9912 9923
2029 2103
7385 7402
3869 3888
7359 7410
403 466
8851 8900
5574 5621
5008 5065
3634 3730
7475 7545
155 174
9121 9190
6976 6999
5411 5416
4367 4445
2381 2408
8085 8116
1824 1852
4017 4045
2845 2862
6780 6790
8661 8701
144 234
7881 7908
2499 2555
7677 7706
8421 8439
2596 2686
868 875
2091 2111
3029 3054
1981 2048
5079 5164
8542 8552
4762 4804
3850 3850
8141 8162
9592 9649
4053 4136
6920 6953
4867 4922
7717 7745
5963 6051
2535 2574
6344 6361
2928 2976
3105 3111
6505 6530
6403 6426
4280 4341
2925 3022
2561 2566
4429 4465
7289 7379
7346 7435
801 811
4752 4802
2928 2985
1295 1323
1716 1747
7090 7117
14 91
5021 5032
7315 7397
1849 1849
4596 4605
7868 7954
5883 5885
4 94
6743 6818
6657 6734
9220 9223
2986 3055
323 324
8647 8695
5508 5606
8027 8060
9667 9726
7638 7703
4251 4306
4680 4777
7592 7639
4652 4701
1201 1238
4632 4675
1071 1097
9391 9444
466 556
8338 8413
2564 2597
6420 6492
5234 5299
8921 9012
5212 5253
9464 9508
4660 4668
7280 7314
6265 6363
3503 3595
4109 4139
4930 4957
4494 4547
7382 7401
9629 9702
7765 7844
953 980
682 739
6966 7040
2420 2443
4168 4250
5532 5603
142 234
2431 2458
1596 1599
1034 1120
8568 8625
3081 3104
1361 1384
9907 9948
3816 3861
6757 6848
6088 6111
158 187
1003 1102
8037 8067
6579 6588
8207 8306
844 846
8583 8670
6134 6170
9280 9339
4268 4293
2340 2371
727 794
7664 7677
2338 2415
3360 3379
8692 8720
419 446
4809 4852
5345 5439
7067 7118
1325 1395
5424 5467
7285 7365
3343 3435
6980 7057
4418 4507
9996 10021
845 887
4569 4620
1022 1034
5158 5217
1093 1143
1931 2016
6362 6372
6673 6729
2814 2856
6129 6226
345 414
26 35
5786 5885
58 127
8804 8862
3447 3529
9376 9475
7674 7727
5005 5047
2614 2646
1088 1179
539 554
5479 5560
1788 1876
4696 4793
5526 5557
7275 7288
7301 7387
6685 6736
4021 4077
1628 1638
7436 7473
7646 7665
4302 4316
2625 2636
7280 7352
4842 4889
7670 7728
5275 5329
7755 7762
2792 2874
712 799
5109 5144
1798 1802
5151 5221
9640 9720
1730 1826
7221 7224
8068 8083
8801 8876
6860 6929
6467 6525
9688 9781
8223 8239
6926 6940
4259 4269
2588 2637
9330 9389
5483 5546
6460 6484
483 517
8344 8391
8304 8310
231 285
5839 5857
1582 1633
1310 1375
5519 5566
6352 6392
2171 2268
9835 9883
1549 1553
9519 9531
1041 1074
8094 8176
3142 3180
5937 5972
7800 7830
2465 2502
955 1026
5038 5127
81 139
5241 5309
9348 9410
5881 5897
7068 7079
5833 5857
3920 3990
9889 9947
8782 8870
2990 3007
7157 7238
3613 3662
6763 6856
3245 3315
4359 4443
1230 1250
9780 9826
4046 4086
5248 5272
4374 4459
406 428
2292 2380
3124 3223
4078 4120
9783 9829
7998 8005
7815 7992
7293 7374
1621 1673
2925 3047
885 1014
9452 9515
405 409
6752 6761
5076 5170
6414 6432
5981 6043
6357 6478
1873 2008
4628 4655
6422 6614
9294 9421
460 530
358 399
3514 3563
3852 4035
9898 10014
3654 3794
8189 8339
6048 6213
5086 5142
4806 4873
563 649
6053 6121
2812 2911
465 560
8231 8274
4193 4308
2740 2929
5534 5627
5004 5068
8995 9080
4830 4949
5449 5567
1034 1134
6047 6244
6991 6994
8275 8341
7134 7261
6909 7099
2272 2449
4482 4486
5205 5394
9624 9821
6894 6912
8139 8189
7823 7878
1995 2157
474 602
8194 8320
1157 1268
3327 3471
5894 5977
2236 2352
6863 6865
7191 7250
6658 6791
1236 1279
8109 8153
5429 5577
6409 6519
6113 6200
5191 5283
4429 4584
1124 1227
1616 1755
4827 5026
6512 6588
4002 4064
5014 5136
4667 4829
6557 6727
9242 9341
9205 9291
2617 2714
488 634
7814 7908
7383 7521
8535 8632
6917 7094
7284 7457
7392 7581
3719 3829
710 865
4899 4964
117 122
452 466
5880 6068
4208 4399
7811 7993
8068 8198
7908 7946
4131 4169
4242 4377
5572 5735
7258 7414
498 581
1231 1360
2949 3043
5760 5852
2745 2793
5248 5370
3264 3292
9473 9645
5627 5728
3162 3289
1515 1647
1114 1268
9072 9198
9143 9220
3279 3475
3254 3372
3268 3423
9659 9735
3104 3126
4690 4747
306 496
3981 4169
9264 9264
3746 3832
4659 4810
7818 7896
4249 4365
2555 2584
9245 9305
4924 5073
4685 4736
4963 5119
6147 6218
6289 6419
8420 8465
1259 1377
3774 3782
4384 4439
5593 5667
2646 2783
3647 3798
462 589
7658 7692
6681 6734
6217 6242
7686 7846
5506 5506
698 853
5494 5543
5983 6174
7804 7842
1983 2151
3742 3844
6127 6275
1358 1541
3844 4017
1158 1206
6276 6464
1192 1264
2598 2715
7668 7795
3531 3568
560 585
3110 3119
2981 3007
4066 4238
7956 8083
5357 5480
1167 1197
7567 7568
1507 1525
4342 4508
8465 8470
2891 2914
8416 8467
8259 8439
8333 8400
3537 3666
6076 6133
654 761
9462 9572
7432 7577
6982 7035
9960 10005
5075 5190
6999 7197
3578 3661
8439 8546
4407 4414
3823 3875
2908 3000
7633 7744
7459 7482
3084 3254
8552 8696
2750 2876
2466 2486
8286 8286
8896 9043
2209 2269
7096 7283
8684 8748
8936 8979
3136 3196
6239 6364
4927 4992
1817 1995
194 227
1527 1558
8659 8814
1897 2092
2653 2846
800 872
1761 1816
8267 8460
4682 4731
6830 6987
2498 2610
2753 2782
1177 1359
7121 7152
5942 5953
7138 7213
4231 4275
8071 8204
3835 3894
1681 1854
4919 5097
7479 7617
6593 6705
3477 3521
8565 8633
6980 7124
465 548
886 888
4973 5137
5076 5086
1668 1718
5027 5169
1250 1259
8483 8552
4921 5105
8981 9053
5876 5935
6992 7015
7176 7262
3303 3464
6338 6506
8266 8390
2572 2667
4093 4233
8949 9142
495 640
7606 7759
5302 5496
7749 7774
9210 9312
1443 1582
8248 8308
9325 9350
3696 3701
4390 4582
4542 4602
5763 5856
7039 7183
6170 6201
7896 7943
6219 6229
7899 7929
5608 5753
7608 7650
6977 7117
3885 3914
2943 3087
4444 4473
7853 8033
2849 2913
2616 2760
7093 7201
9449 9453
2707 2870
3984 4170
2140 2202
8951 8989
1663 1857
6905 7074
9155 9333
9735 9763
203 294
977 1147
999 1029
3773 3947
3690 3743
7691 7721
1432 1618
4519 4543
534 591
6980 6981
3898 4053
1093 1163
7154 7224
2677 2844
1524 1660
3113 3227
7794 7911
8559 8663
7515 7638
38 193
1553 1603
477 494
9570 9702
5086 5122
6294 6459
7883 7884
664 841
44 233
8427 8437
6924 6971
438 522
9113 9239
1795 1920
5984 6125
748 783
3314 3378
1214 1229
3275 3335
5295 5487
3631 3676
3572 3768
6234 6307
2825 2908
3319 3426
3299 3377
777 827
1461 1544
9160 9255
7598 7608
8040 8144
6653 6703
8666 8825
3898 4015
1395 1459
3786 3889
4188 4223
6463 6647
9784 9883
8767 8933
3887 3991
3232 3250
3899 3975
2763 2839
983 1048
7521 7561
2445 2635
5314 5340
2713 2799
9147 9295
4210 4385
9294 9413
6997 7104
7030 7040
7753 7921
623 650
2174 2209
5147 5170
7583 7758
8100 8231
1351 1382
1563 1668
6324 6462
2974 3031
5318 5415
4058 4139
9702 9848
1736 1848
6542 6705
5369 5444
5300 5399
4172 4211
1196 1303
7243 7259
8082 8161
6365 6472
12 93
5614 5731
499 527
1029 1208
8764 8790
4780 4877
4444 4598
946 1106
8215 8222
8039 8183
5469 5659
9786 9883
7204 7385
7638 7796
1778 1851
4560 4723
6613 6762
