1 1
1 10
100 200
201 210
900 1000
1 999999
620 45492
398 59872
543 20769
786 79504
752 18984
410 97591
537 72604
678 20828
951 67679
392 13600
370 9176
503 23643
496 7580
97 64493
304 99592
911 50113
284 98674
666 51588
487 91009
195 48953
102 87559
848 26206
484 73967
843 51061
958 56919
732 2128
597 60786
607 5215
433 48555
768 92627
402 11052
475 61193
730 21498
632 35500
575 84947
907 17813
604 22440
738 51246
655 60912
895 11092
229 84524
405 1776
794 57676
328 27028
957 61041
645 84969
719 28609
712 59622
828 1592
229 60305
618 92803
206 89748
550 76796
306 42476
775 34195
303 13561
738 15502
519 66492
812 12141
581 21259
70 2246
875 53277
898 94432
492 81975
925 15259
852 98951
797 36329
511 41290
553 38869
295 53476
927 79171
607 9989
320 19783
516 11808
312 75733
116 77730
530 21534
654 8145
504 89849
297 59168
720 69947
257 14370
403 77372
243 75456
111 3799
746 7687
724 14370
778 21291
659 4374
386 61840
657 60146
639 41856
132 78773
59 74219
709 1830
44 8448
283 83398
112 14302
736 72518
262 77866
893 24062
209 18132
489 20477
78 92193
254 66068
140 25808
44 39458
251 40101
735 91955
492 5144
852 46156
897 46074
961 72526
454 50449
530 98266
508 63742
847 75714
535 93395
482 33039
45 27262
327 22572
166 77105
421 6788
707 59719
33 76897
872 76389
361 89620
427 47632
494 35336
686 11831
42 94015
697 14482
545 26396
440 72165
789 20701
988 61084
241 89789
333 15789
527 91832
101 91881
405 95724
368 52207
601 80134
887 23914
262 32314
652 72706
95 80704
272 53893
192 70365
592 44017
411 37404
735 10053
736 78528
76 23378
246 2075
499 41975
814 2566
130 61201
24 86097
66 18817
789 9627
493 50088
898 20414
174 88392
270 55055
940 39758
163 24267
513 68562
512 55386
183 47175
911 1704
874 5751
738 92903
377 40901
601 87347
309 68915
382 93527
164 100439
290 48968
343 58577
912 59296
751 56776
871 95660
519 50934
325 5018
859 51282
30 62996
878 56301
244 50131
657 90962
321 100972
191 74805
383 100946
853 95224
353 77763
503 8655
146 93786
822 69320
27 100591
669 98249
547 5366
3 97136
966 34910
795 81513
752 11137
942 79983
35 9931
171 72646
731 75178
116 2252
315 4469
330 41641
513 17370
339 89160
164 47783
855 46287
662 24762
843 100992
636 30237
676 98946
834 29103
237 76327
707 49699
308 14809
774 9484
390 9998
909 82701
603 69250
319 6309
804 95796
93 26555
513 32744
154 37106
599 100424
803 29980
22 39221
454 19461
745 47930
495 23333
791 9745
469 59923
982 37241
3 90331
279 86083
618 13744
12 22180
507 40177
806 96304
923 33310
556 23400
264 70427
645 78549
656 33796
238 34885
816 95050
992 9479
466 35859
552 6160
976 87496
10 48749
300 2636
392 4859
626 86242
363 74009
869 61061
293 40750
702 42319
301 9051
876 22046
577 52483
485 7116
690 58782
578 100184
497 21237
848 32266
527 4903
787 63778
219 94761
149 49523
852 10958
396 96713
902 46827
898 44438
42 22336
350 7271
501 26048
303 54734
882 30502
737 52337
396 80897
744 11623
772 81115
129 91921
609 37522
425 100855
829 88808
452 94266
899 13322
959 72456
871 97475
18 64081
150 61355
781 74015
109 27680
907 85185
901 5184
812 40348
699 77001
244 72580
854 14446
105 34127
186 25635
546 92086
65 50759
202 82685
697 71511
356 63541
913 57085
665 54548
308 7704
436 65680
984 96172
703 44486
313 77199
670 1343
591 17153
425 40027
94 40671
112 91598
443 79033
998 21820
476 4092
56 98567
480 63110
591 3555
902 11762
9 63766
442 19554
933 17822
138 74735
757 39469
902 44348
862 41060
806 44310
283 78340
806 90240
384 100859
892 45150
690 9206
585 50076
260 24423
46 57312
388 25547
942 3582
44 98818
265 37856
484 86631
554 96396
692 35036
582 18622
583 71350
148 100056
932 29894
100 60841
166 19146
760 60676
907 3166
407 61487
706 74224
440 84797
85 94943
436 67745
190 64328
564 76658
590 84460
825 28232
209 48317
427 22168
621 17552
489 13759
520 77227
311 26122
65 83644
878 66010
303 45036
29 40393
407 91587
805 74101
649 83029
210 31621
249 63175
69 6348
531 14425
30 15853
495 31323
911 75787
853 84578
380 15522
82 14858
751 8437
408 14575
264 92953
987 85226
633 3073
912 68773
71 67043
256 15483
500 81404
58 67457
10 66881
447 17417
338 79867
599 52358
154 14611
761 63839
125 46138
663 71891
869 6975
592 49947
659 42066
871 78620
503 2904
304 46925
763 63484
43 27094
825 31320
601 66128
470 24896
891 14388
222 52747
3 13534
542 80483
146 40321
568 1397
80 2591
217 61550
817 75553
343 29969
829 37783
710 91843
64 83613
905 92143
712 36733
934 14402
718 26744
434 74628
899 87749
84 13296
99 30865
998 35881
55 98602
917 84961
660 17850
258 100049
89 36994
888 37095
207 77389
534 45371
281 84246
87 63742
650 45398
148 83438
901 55974
412 54721
176 56531
98 46514
546 34296
612 64861
675 82285
276 61522
811 40281
111 54246
42 97793
738 27284
327 63753
645 94954
428 62537
440 56780
391 19161
322 63374
211 57735
528 1351
332 79801
210 66708
82 12057
441 15630
373 53809
109 90402
839 51413
395 96770
767 92940
620 46241
689 85064
528 31584
946 41963
121 66183
26 78421
509 74651
826 100413
946 4990
157 83169
518 66809
211 75458
439 68933
408 36779
20 84379
212 66586
495 74233
859 35927
346 87410
36 99359
646 87342
423 99351
555 40955
304 42024
754 51100
352 10911
526 88687
770 2619
120 92440
827 6420
146 55512
19 39511
299 14532
664 5209
553 19233
633 15826
981 56979
384 81121
176 28840
169 10064
308 98713
767 95280
397 25089
14 93443
246 32446
851 76425
440 55695
815 66598
268 76013
610 16457
698 82987
781 24012
282 52072
864 89968
408 22782
201 22789
301 47001
166 45024
688 40094
82 88041
603 68610
443 64321
817 85357
517 75413
702 29277
159 78644
231 56220
794 64752
841 78561
970 97442
661 6686
205 63194
801 59373
753 12360
409 85098
267 13858
916 63440
873 61730
948 41316
528 77868
821 36636
449 68731
502 61264
527 47552
309 6211
156 3853
877 4273
753 10394
595 96425
660 49946
47 53439
132 56117
45 32644
104 37825
634 87776
725 17142
756 47976
894 94737
531 67642
278 72901
572 83174
785 30453
283 35525
736 38889
512 9045
803 14402
971 67386
785 7340
986 35596
940 67312
113 9401
87 84388
248 17668
385 89420
184 18478
515 38231
959 34061
421 84174
940 51970
607 28049
20 26195
27 76703
523 62953
872 87029
758 25590
152 2116
116 58033
3 32171
477 87338
957 48593
251 15647
667 82523
581 42823
675 73069
763 36768
425 44590
211 82383
78 63762
490 12195
954 99462
334 81685
490 70051
144 7110
813 85968
135 99957
184 46163
559 98191
666 83840
585 24264
593 37937
220 63164
595 94293
121 3945
649 47869
364 7458
806 48734
990 69595
261 96710
263 30459
544 67771
209 43904
21 9178
992 99967
435 85259
534 39391
650 19304
323 58731
112 82579
673 11849
192 41692
589 29232
661 15064
570 63680
613 92863
63 32438
832 33122
193 74469
568 92744
611 10807
722 99328
481 50616
306 7180
773 22834
797 39194
664 42340
728 20661
882 50344
862 83228
5 44085
278 6050
836 2461
219 10001
889 29472
452 61065
147 22028
708 25580
334 100305
565 90306
749 29409
389 41514
610 73858
19 91883
302 13486
626 14232
212 24255
884 83792
856 92577
794 51148
278 58167
311 14452
588 44726
477 36305
33 13812
919 47204
783 82969
573 1954
155 87158
166 90450
46 80969
344 87126
427 33091
451 8794
953 42607
227 3611
403 8423
60 35369
99 27787
24 80507
317 51470
428 8421
831 90641
977 79613
879 21462
142 55671
524 16820
458 14813
86 99209
215 17475
818 59056
674 71226
318 42534
151 26557
659 53792
442 86869
303 54334
928 19607
170 61835
748 15043
313 94555
445 16666
390 87201
276 29995
89 13004
156 69996
959 41588
826 99457
273 16448
972 73311
632 39779
326 59266
89581 1355
81537 19743
67853 23027
84100 7882
66254 41118
70670 240
67869 27327
95804 18859
77245 46791
92530 15574
56338 25285
55688 25552
57053 4393
59086 36175
93327 8886
99325 45841
91820 8709
61772 29933
66126 16166
75707 36168
81731 17058
70112 24500
51796 844
59004 43587
53586 3253
65288 41593
71023 18143
82881 18207
78055 37353
66093 2612
65161 14714
51610 25006
64469 49689
79954 8750
91204 11544
80764 29602
53535 28896
63361 29907
53165 29240
71113 46159
89404 6863
72643 48545
52731 36345
75694 44300
70161 7191
90742 19847
50030 17950
69214 43810
68253 8490
72950 10166
94434 13692
82505 28475
98806 26574
56694 41715
76555 32759
94953 33923
99342 12345
82070 19042
55945 28776
90177 18586
83937 12229
92364 43404
57987 14729
51934 27264
69158 26445
56749 23242
88669 11526
67800 13047
62636 46174
52163 40726
95747 17437
80799 3636
92844 3719
66501 7632
61549 16798
54607 36238
57787 4616
78148 30871
88667 9948
53406 23565
54822 36150
82810 18876
57496 15050
79243 23723
63029 47413
67050 1922
56457 43263
83855 47254
63866 40236
73973 7680
93645 37009
73693 49372
64817 17092
57233 32220
54780 7325
52850 27676
59440 889
61809 22273
77993 40557
66055 13979
56261 2567
64354 19098
51633 16847
84844 8636
59084 7453
80857 18644
74571 35157
51549 13590
86553 18717
57559 47743
87431 46751
72862 37426
86199 46457
61063 11437
80577 28594
89120 25978
74209 679
83276 18033
94782 11764
95803 44619
50071 49854
94405 8417
50523 47388
90676 45427
96821 35718
98235 49204
72979 5638
98598 9731
70946 14636
69343 43269
87799 27725
71994 47053
84908 23339
98046 2845
68693 17167
54529 41718
83022 11443
73470 6876
88083 1852
72278 46965
86955 32117
93840 37792
86178 31223
57470 2162
63490 25412
69966 35563
75757 13891
57945 6167
58730 47365
62284 10049
84761 24774
51392 3554
99748 39647
96648 11783
93221 41272
67302 9600
86702 40060
82491 27861
58633 3205
71306 9923
98268 26261
62087 46740
96216 19894
97553 2189
54959 6490
77912 43921
54191 49788
63997 6482
53519 49079
99542 43207
99333 31285
92346 17689
75506 1823
98415 21256
74363 27348
66189 26539
97109 19365
92158 43237
89595 6157
89509 21202
83167 45357
69753 19568
52507 20997
72316 14315
93331 14015
58508 26641
61401 26230
80869 32276
72203 40452
88416 4590
51613 44008
88413 47118
82415 23990
50888 14624
57708 39705
86571 18331
84046 47924
99120 22836
78640 2934
50849 42064
79506 18843
79054 25575
87411 14095
83866 40116
66030 29485
54611 38041
68131 49382
96348 44383
85984 462
77528 26395
92780 11600
54709 39548
68689 44657
67699 26032
90979 8274
71136 28774
83137 8303
94241 33599
58615 25524
98431 16430
76045 40383
90107 2654
72688 48977
89247 40115
51883 42942
66147 36824
51762 965
81065 7991
93674 40361
93126 36840
86104 38525
84125 9377
50501 9214
85977 17835
67867 3738
80486 38485
67278 18910
78381 18082
57369 41101
80202 31117
85908 2045
94636 36093
85968 22732
85097 33923
78255 5392
73899 4000
76499 491
94651 30228
66721 18349
68200 22849
66912 35683
99876 8190
64468 28526
79932 39895
97858 13391
56978 11538
65456 5182
71112 33132
66955 8473
60298 4594
90051 23033
78841 6172
88935 32785
66720 12723
53592 14624
72837 6707
64477 13286
79629 29292
52403 18018
69116 7218
73679 23130
85113 13237
63265 10516
54938 10955
81254 4593
55584 15048
57434 32026
56689 47568
61832 42706
54542 26003
63825 17307
99521 22103
81412 22276
76630 10884
60335 41680
60146 21816
70899 5074
98900 47227
62397 26900
94198 49836
58758 48887
50767 29786
98537 39717
53897 19472
51660 35874
77899 43272
77677 4081
51746 30576
90282 28419
82001 5385
82045 36426
78545 12092
81138 46715
69222 43975
55207 43506
88737 20869
50783 3775
55355 17116
62482 495
69861 2176
84533 6230
95273 39909
63313 8775
52188 9905
97555 4838
95602 24720
77151 33220
91902 23825
68578 22810
59269 42894
80723 33938
50462 40761
75428 15070
71560 31665
69003 46603
87640 32804
97671 19728
50237 8846
87666 27057
95394 12848
92930 44161
51999 41916
63739 12868
52428 17837
99621 33826
56164 1763
65205 48023
59345 36315
80858 42823
93210 37822
60279 17887
90230 14496
82664 22871
83851 14904
59250 20035
62360 34448
88444 9881
88779 19954
54804 25980
79632 8850
71375 2711
73174 2507
81921 45382
98447 35569
73045 4190
87109 44854
52105 27565
53268 39592
64810 46812
87607 36519
86903 7585
90706 15284
61188 4288
99049 41445
52366 23666
74924 9398
71974 39102
97969 26905
65051 36803
99100 49422
64264 35544
93948 34846
63640 7754
75173 38768
82385 3605
70501 30078
72356 29710
71205 2354
67567 13053
77231 33802
87293 38872
91751 35052
71468 32921
90375 12306
61048 45378
69834 15462
50520 18487
61669 19609
96469 28442
97245 11468
54819 42485
51241 27874
83197 25615
99909 29533
79409 28945
97135 29829
66789 41970
85762 45511
96453 13535
94429 10922
98587 30166
81696 15933
61609 7825
97426 39468
90373 44321
94849 13105
51730 48288
50119 27846
77911 35528
76757 39321
73374 36802
51583 3673
50299 16182
56051 15261
50678 37345
68167 30068
79624 43141
87295 6007
72814 38842
69304 23722
99485 13186
95028 10033
98050 20986
84946 17887
60356 18349
72361 23226
91273 45875
57009 26795
64833 4406
99134 5489
51139 25541
94058 24100
90931 33249
65437 18087
70060 38420
93931 43928
74063 45970
62379 22113
97304 24392
67600 40048
86330 24753
75862 20724
57463 15176
53258 3070
68845 45079
87638 32871
63936 13934
71640 17296
84848 1999
82189 42771
64119 31829
56543 29801
63617 40917
62297 34934
59208 18813
75699 40254
84156 4362
62847 37803
63371 26213
69310 17302
52690 12141
61743 5970
85488 1056
90805 47609
95923 18738
58340 33006
90978 3344
83304 8754
79414 35871
57891 32322
78134 32062
70177 39677
93709 49178
57864 39491
60986 16015
81361 1240
71284 26732
59790 9448
59048 43887
74711 21253
98785 41232
72485 40572
90194 33354
95130 42646
55379 28355
69803 45690
80357 10637
88924 10800
50292 25813
86182 11024
56184 7545
55079 12056
66184 22999
98118 4940
51980 896
83201 8280
62588 12283
53205 20097
57771 43078
67545 22762
90394 9047
52408 30275
75002 26560
53625 25147
73410 38321
86492 29478
94664 33112
98452 25497
98784 35635
90075 12450
84687 38118
52215 13445
98586 8824
89575 18225
92432 13880
51913 27410
52512 19645
80076 34303
74713 49914
69964 18275
99468 15344
77327 17561
97728 38814
81515 46224
74834 27060
60482 10302
73142 36325
61004 3489
73454 35291
82655 30320
63590 47844
69053 20449
82810 2122
70891 32484
98005 25152
73721 13852
51127 30712
53602 8813
73361 31985
79250 10800
99248 48910
85743 14660
85636 5570
71813 14415
62908 38647
62482 7731
61072 19295
83419 29739
94795 41553
84905 3364
79715 13109
86596 15001
70693 11867
53226 13206
94466 26964
70667 29886
69408 29652
80356 43016
82318 5536
58999 10468
71081 13922
64275 35420
78180 16635
65061 33813
70631 17624
76187 16293
95830 36781
84273 35550
86412 30797
69242 9560
53333 16572
58236 36605
80517 12860
56248 42782
68952 23267
95204 41347
92071 15982
71095 38144
62980 28910
98513 44819
90338 46881
85764 33321
77235 28348
74211 33136
77375 2932
65686 20119
97726 40972
58903 39522
74163 37016
62140 2906
98870 1040
81697 2065
53612 46416
63825 12659
51988 34316
63105 16040
71328 20145
56601 36118
56078 10775
89456 49507
56867 49346
72627 31128
60515 34120
68289 19217
62463 15981
81286 29648
73739 46457
79154 23746
82778 44763
72198 36585
88441 3560
76554 45689
58214 11484
73117 34174
51995 13360
51914 34442
85146 588
70452 11917
89142 16660
94590 42989
94459 12878
91946 40917
58876 19732
51787 16121
75831 5797
98552 33175
57543 37878
94576 20681
58486 1525
68965 47079
89069 41998
90023 13354
99721 48406
64974 28107
85004 53
82946 40458
85533 46401
50682 20987
80076 38725
82048 25562
70918 18448
77230 19343
54418 3658
89175 27757
91990 19505
96772 3620
88185 13250
75881 17430
95189 21796
55555 22503
72536 2558
74929 48237
85288 6888
90300 49447
67696 29406
59365 11162
88428 13489
73993 20294
86333 37256
82019 32568
87209 35189
98846 30361
53634 11378
62997 42995
52321 26361
61354 4563
50223 44691
77679 14553
92096 22120
73300 18509
52380 39365
75933 19997
80811 30972
69199 36593
92221 44533
92968 11647
76883 2226
71608 6105
87005 10129
80927 25300
98481 42586
86805 42164
83892 6536
67216 5652
75305 1125
61861 42785
54260 36989
99374 28550
95337 17493
80996 46066
80117 5172
90857 37877
71256 34095
97333 24074
81806 31939
95932 5054
85529 37419
99000 44639
83821 12642
98567 24975
74919 24866
74163 11208
91099 34379
78538 2505
79016 39439
90507 20735
77178 39018
76732 47775
64300 15119
72458 19967
71464 39197
76637 44916
66349 2064
58775 15398
57772 15252
53850 30352
76239 32245
56291 41156
81797 14177
99143 22699
51182 26063
57048 15994
86928 23417
87572 48752
83924 45013
84010 6796
80080 14802
61257 35899
70626 1197
64631 13135
95013 34994
97163 49499
81155 4864
62488 45802
84248 49317
87959 25664
79870 15017
83440 21993
57194 44599
79636 8189
61635 34870
98953 9253
93850 39254
62515 23863
80186 32037
83068 13420
63694 1793
63664 11763
66041 28872
95335 5551
78550 40203
