231 387
773 119
839 148
853 173
857 492
399 650
534 170
10 159
728 944
143 97
630 751
105 749
697 272
712 497
956 960
677 136
894 254
929 806
862 901
610 387
672 539
957 976
380 775
970 112
584 306
917 149
834 662
224 198
991 963
38 625
43 75
298 551
640 414
960 720
43 506
163 171
709 434
288 47
673 617
879 918
462 803
98 345
899 480
805 394
381 178
831 199
161 473
861 641
716 644
603 890
929 204
664 4
535 959
729 849
296 870
510 526
839 122
246 585
254 942
494 862
158 490
751 554
761 53
931 306
39 663
448 924
441 777
169 219
74 194
803 772
531 958
559 175
723 599
673 245
57 665
761 18
33 500
999 19
273 448
691 721
719 317
883 210
564 527
758 467
293 843
951 284
350 959
208 320
739 351
85 259
763 906
960 14
273 361
152 81
65 27
891 43
38 308
124 546
824 451
7 837
838 789
674 835
519 5
610 745
634 195
97 63
939 532
873 218
717 966
281 191
282 510
949 804
241 153
661 880
676 342
430 940
736 636
636 70
980 459
251 955
800 775
279 580
27 809
71 596
464 745
737 571
918 343
165 590
188 887
956 6
520 39
533 422
99 397
121 803
618 780
513 246
80 547
114 59
515 859
645 8
7 866
868 710
154 25
680 602
940 455
442 271
923 496
594 405
525 133
857 206
799 224
77 908
852 257
458 802
487 891
646 354
819 417
297 462
766 86
954 171
371 919
789 260
195 451
33 423
541 19
852 244
960 445
675 468
114 937
32 812
527 569
51 698
930 244
537 128
335 679
147 714
130 288
459 598
902 136
843 792
928 45
740 579
472 836
518 848
699 201
860 39
490 885
746 858
885 726
744 428
542 829
106 506
725 109
533 288
798 981
662 199
504 519
957 385
241 834
798 361
986 611
220 87
879 58
282 178
737 441
527 892
723 124
935 478
43 861
684 199
64 998
911 955
482 123
261 590
158 313
559 863
861 456
499 817
904 477
582 509
509 580
657 387
255 61
407 890
594 220
826 404
9 966
230 641
965 465
326 936
787 443
550 553
34 514
818 492
367 10
388 548
489 109
93 329
534 141
416 526
529 255
887 137
806 965
163 498
980 180
322 11
810 948
382 695
27 468
499 874
2386 1389
2675 4512
4244 3766
1809 4709
3999 4516
4205 4295
2473 1520
4938 1417
2176 1444
1026 2738
2293 3999
1917 1751
4663 2201
3824 1272
2730 2306
1610 1352
3340 1319
1392 2119
3116 2346
3265 4542
2088 2406
1321 2157
4157 2872
1716 3822
4066 4743
4316 3355
3248 2194
1303 3889
2882 2913
3444 2692
2871 1108
4555 1136
3910 4088
1408 1558
4116 1364
3060 4559
3616 3914
2561 2697
4593 2752
3452 2935
1314 1721
2724 2998
4553 2077
3604 3255
1479 3634
1348 4599
3978 3777
1864 4034
2708 3173
1612 4054
2966 1205
4595 3858
1211 4212
3520 3627
3377 1785
3119 1158
3111 4614
2191 3455
1462 3306
1443 1905
4570 2747
3498 4206
3856 4172
4564 2179
4388 1733
3514 2588
1099 3110
2923 4394
2895 2228
1215 4440
4751 4052
2665 3184
4002 1117
3518 3154
2377 3364
4691 1020
4990 3147
4836 2482
1850 4669
2262 1564
3940 1334
3457 4455
1072 4509
3666 3258
3299 2068
1350 3183
3470 4780
3775 1128
4145 4044
4829 3841
4608 3311
1862 3084
3610 3458
1221 4140
1414 3564
2856 4569
4070 2557
2922 2598
4469 4798
1648 3412
1213 3938
2745 2537
2696 3035
1607 2222
2548 2488
4666 1614
3461 1634
2996 4325
4511 4816
4376 2377
3797 4056
2661 1943
4107 3401
3417 4797
2366 1284
4707 4358
2082 1320
2676 3271
4678 1802
2609 1996
2561 2729
4569 2376
3190 3076
4867 4588
4677 3579
3661 4785
3482 2603
4781 1818
3503 3082
1972 3639
4066 2908
1474 3451
4453 3003
1483 1308
3750 1937
2499 1678
4677 1954
1562 3421
2085 3349
4461 4503
2693 3023
4888 1024
2352 1920
1438 2865
3640 3757
4337 1068
4846 3548
3564 1393
1000 2984
1286 3688
1693 3458
2788 1953
1532 2276
1163 1492
3007 2567
4622 3365
2074 4606
3778 2883
4188 1119
4642 4717
2954 2132
3541 1268
4037 3593
2881 2584
2079 2676
4750 2277
4980 3127
2276 4917
4737 1617
2765 3437
3968 2578
4816 4861
1007 2648
2605 2532
3364 4946
2910 1859
3011 1782
1765 4347
1641 2071
3271 2326
2420 1960
2970 1861
1489 4772
3930 4561
3144 1628
2969 1098
4889 4166
2326 2259
1041 1000
2705 3751
3370 1141
4381 3964
1723 1813
2200 3816
2774 2422
1957 3772
4825 3092
3600 2493
3871 3245
1208 2812
4199 1705
1069 3167
4945 3980
4520 2644
1719 4506
4144 3750
4926 3236
2243 1917
4896 2839
3045 1512
4915 2256
4835 2898
3500 1877
4754 2093
1406 1444
1198 2946
4046 3658
1747 2926
1439 2025
2097 2982
1593 1706
3756 3205
1606 3433
4746 2111
4721 3791
1648 4371
4573 1634
4023 2820
1008 3105
3499 2805
3775 1953
3132 4767
2195 4081
4534 2236
3890 4636
1096 2822
2664 2899
1108 4436
2652 3798
2830 1943
4571 3169
3505 1511
3220 2131
2652 3110
1422 4747
2600 3231
3088 3717
4904 2280
4984 1955
1029 1528
273055 454606
219153 170182
191938 275104
212945 397382
177538 118868
337915 294725
221264 246081
177501 134338
234353 129342
245927 432420
202655 177356
292193 104857
155330 236777
177959 155673
235834 111038
241794 400477
439753 478756
304555 476621
203955 135643
330596 433587
253371 460438
299438 461508
131850 234256
170846 205165
426162 449325
441314 263088
278579 358970
303346 258694
498934 387076
426263 376444
411417 307192
374514 167954
131119 371757
191781 200852
188006 102473
364710 447550
233548 106367
188599 448480
315111 436613
340564 329731
116723 450340
156879 262404
166518 411214
421220 115251
303024 466046
469779 158798
474754 368488
459476 381124
498766 235326
450180 159535
120661 378092
235339 352361
394479 251438
448586 202894
230329 264355
117326 378583
314032 442721
276631 189908
178409 422402
489015 302897
400601 390476
145890 330937
156875 414928
113514 146506
425984 393490
151536 237344
253583 400273
246587 242509
162014 235866
312372 171761
180687 122840
159492 340687
396619 201940
208392 440294
209480 479389
254880 274240
152527 411440
314853 429744
239473 187832
296879 300309
464860 236025
352358 445546
353514 451748
126555 275226
407782 230479
184631 416437
230266 328835
348472 470301
459071 408249
494785 209221
118209 205791
211036 291444
422181 244540
234844 155083
391471 283595
327971 129157
439649 446206
433219 419654
334351 135794
323820 388844
140292 235903
428026 499272
152866 471180
253575 265202
295452 301125
267919 293707
290764 499124
398944 478602
474656 189215
123741 247121
284409 455883
404817 441786
375508 184677
408434 173879
452718 418074
460940 299786
220437 349676
343312 325700
264488 253243
128939 292539
303595 137263
356864 409998
460650 102716
318777 320816
337629 377612
417826 183089
392460 238330
269208 489188
127333 398081
424752 285848
208263 298536
139181 259708
327747 464030
246731 288971
341932 119317
252099 189021
429581 111111
227196 487606
200067 135661
136302 496142
133680 443524
180292 258543
260918 261987
243457 146242
418936 180458
279559 130498
242283 403202
234183 135820
114217 469241
319925 323727
241019 147726
175994 190544
429104 318043
119677 382755
445388 222818
229826 402183
189067 465435
206298 242295
172394 274020
368375 457276
260933 432106
478557 154691
171025 305890
180690 460663
155416 140148
107323 303880
418679 473255
479542 127368
170374 261886
158675 305859
347667 203603
199109 281805
411561 249275
213794 107432
263915 418866
193359 392914
140892 346062
291038 160788
430325 407302
356652 192392
174291 247102
340484 160965
450401 236701
145556 377427
249373 430138
288815 109865
401031 130741
433801 310667
106440 329572
144912 368299
321950 331308
296527 332945
425703 195189
175554 450895
294486 303590
137708 346829
245241 460274
334512 448565
272269 302881
190840 307390
304202 183777
345934 326741
215397 162344
370279 288492
457291 261901
198151 426719
392146 381733
176817 308231
349240 206019
111599 454447
155633 404940
117653 254568
406519 478863
358898 345832
205853 113833
397541 193810
385574 130843
118886 304729
135398 471532
215110 471416
175394 372677
373446 192943
240554 163171
340832 207839
457164 168655
116104 415062
428534 332805
360535 304129
333789 390756
424052 177255
165792 247733
493196 109658
361761 493250
296305 388444
138003 288934
264116 291040
179107 374968
492010 274785
212491 233408
178944 275431
289287 386856
155302 443642
344074 419215
269502 425586
422860 447086
324331 275679
222673 189162
362861 453702
340985 114860
330146 287810
374 509720
358 885852
347 395485
392 111444
384 393626
270 383306
265 824039
381 171601
196 341632
160 897981
94 723066
305 81196
64 120847
467 379122
379 186092
88 361987
458 69374
221 162437
325 868216
277 969033
412 805452
178 872741
177 43250
478 277046
234 706332
61 306518
222 810451
10 307855
313 366267
18 638732
485 390863
223 477490
180 309673
18 927526
373 285894
247 538800
396 528675
111 888732
444 939444
438 817650
327 562973
334 481637
326 751044
442 795087
302 803039
56 625738
86 819249
477 333768
289 693399
72 453992
330 13624
128 786021
186 818776
228 228705
191 120383
279 210346
11 902441
67 60900
181 104354
47 152217
446 484913
254 284447
14 533803
145 518654
460 328545
85 831952
277 637226
5 162995
329 296102
420 730228
466 119557
263 627765
238 387169
413 599861
92 189661
269 459033
365 741215
201 199108
214 81935
141 861712
70 734196
482 396347
72 335634
449 828831
307 510841
101 517271
226 712206
358 451797
404 137962
154 593088
384 595338
407 48203
149 990513
245 557879
286 706626
184 889990
470 51132
279 286897
62 420886
256 332708
440 976729
494 782410
65 321761
134 520999
195 694850
302 648575
230 948162
195 58022
26 356054
410 613207
9 977744
498 121989
191 201784
36 338868
203 514000
499 101241
3 623800
345 61255
18 430691
207 256805
148 159079
362 859483
443 901965
118 599729
224 3673
319 566718
40 27844
392 836870
19 757659
93 336198
36 163822
6 702991
403 681404
91 47372
49 843924
106 839393
100 975010
170 173328
165 449293
85 895170
80 837266
487 384819
234 267376
430 29032
325 542074
48 355956
258 127036
109 213079
387 724754
388 457826
7 875859
198 414589
220 614408
303 538369
210 823989
12 75391
158 103513
133 34903
197 813696
159 525012
442 836278
364 964705
385 674477
98 888406
355 319636
299 281413
360 236172
184 165162
53 135972
496 853670
254 810119
412 857282
87 427154
449 419978
57 396318
180 233536
37 970869
125 125659
484 734795
479 531307
196 100569
461 299434
163 722910
344 428244
238 896007
17 197377
158 827447
12 638143
358 335168
257 513607
105 83703
320 657882
342 417816
477 929928
109 388229
51 401934
368 4120
293 678837
108 835009
478 487936
466 933282
126 676341
113 18842
468 351798
354 766433
182 240557
414 842055
88 563622
67 95119
478 213356
22 699846
80 248599
463 476912
226 555554
78 13763
378 25160
471 142420
139 66583
378 421023
477 45099
269 312671
464 473191
171 866016
50 429410
103 356979
381 430256
288 94802
90 443999
476 691655
356 577933
83 178346
249 42329
94 509784
129 675958
80 40261
221 639057
377 473871
377 604322
331 677890
88 713911
370 165644
298 505609
219 227691
457 126779
373 48875
361 327610
129 805832
300 624308
247 809809
339 746300
