25353 82935
48936 79163
86171 42575
22520 40989
62663 71694
55058 6585
26046 25808
23783 47239
84227 87143
5228 33313
62374 2285
7923 50357
66238 48870
13655 93233
41100 41108
38370 66452
24042 87305
45615 10213
46232 84486
51201 8894
72531 22610
31830 98577
64769 55613
45815 48995
59107 67395
98659 21480
69679 22933
71837 52268
71802 1843
61853 29254
42950 222
95705 66992
87527 57671
93556 33758
42157 61108
59003 14687
83717 90833
29615 48485
62797 75430
13832 21903
59176 28842
43383 28854
51775 31571
97474 39928
33413 59326
69181 92715
59547 64886
76058 47073
38908 69613
97182 81064
30720 56185
12103 30788
63369 41717
95624 26165
33498 9455
48067 9025
54649 7801
37879 6423
39371 51704
62702 89136
11029 31883
81850 70575
13120 74259
34000 52027
60223 31181
49443 7294
3717 77897
38081 67085
35965 33704
9601 85815
59511 74020
94839 30511
81820 49069
36933 37543
772 99634
26678 11800
47868 24879
82375 60987
99137 32726
29366 75711
80258 78808
83004 83975
73056 21084
67411 9020
71139 93364
94834 47001
67383 89673
77511 65554
38741 30795
3096 39513
46781 46125
67664 11000
71003 66390
71987 86491
99115 17704
78553 79373
12863 61556
79699 85918
98991 47109
94937 86482
56824 89771
33482 40558
95795 27345
6112 34535
74491 25559
90399 37623
71684 74415
48623 59038
40804 20609
61881 39919
54664 40433
35643 67526
1989 15341
53443 17331
78801 64731
3812 35625
54501 53646
76182 66647
80990 98645
17534 71832
24204 7932
9455 12239
98698 58077
71276 39502
95037 49508
95772 49700
89941 31414
17225 8281
46754 87019
41963 25554
51749 45775
77530 22602
99420 70064
89248 96761
68708 6781
68592 92911
31065 78046
5149 29762
36122 92777
85615 31158
58636 81386
97209 64928
12799 30785
89560 59552
17803 31523
1458 85904
77297 95339
8505 93068
65402 14104
89828 34110
20885 58419
43372 68301
52817 64873
14414 88938
74001 29
36448 32636
81414 33656
97564 10565
80793 87123
86468 14947
34997 87925
850 12293
83264 25706
5360 65017
39810 95187
99126 77046
69958 58850
45346 22774
23722 76111
28063 97722
76139 64510
30357 73905
14518 44272
84469 11662
47747 70936
26608 82743
75213 27458
95036 74828
53163 16747
39844 9324
28286 55322
86369 14595
14171 48066
37368 37892
24177 81782
51965 16667
62644 98673
90571 93513
42945 75039
5174 90691
62327 31781
89785 37539
75590 84820
28718 45105
17919 68561
54428 62556
23882 40797
77150 54404
5214 30869
92295 29390
12650 44259
46057 75293
42932 52979
85157 2228
44370 90330
9270 6696
22111 99054
60586 97700
226 89303
42804 18144
74215 13584
97051 14449
70732 90552
68852 75945
21420 61147
21687 50421
21757 84095
42066 81040
37073 27222
83267 81442
17552 92536
4489 56014
7942 65074
70065 8167
70728 29221
42662 61295
42804 39712
75743 13535
30263 44594
5831 68034
22092 27517
18454 43849
11611 76871
41240 48684
4093 40859
46477 37996
49746 50966
10361 57687
32391 80425
65853 19471
9645 8514
80765 68800
64577 56507
82334 94839
1100 88165
62872 23192
15681 97678
83392 43644
74548 40983
92327 94992
81841 38803
49339 31587
6120 59699
89273 38511
40124 71478
57981 66120
96343 55097
34920 60920
11603 33605
55758 29054
38121 34982
68597 70154
49011 51988
13797 39910
9323 22475
34902 91163
61277 592
22749 83749
60291 28374
22259 16766
16203 96591
99237 12545
51687 34156
73464 79641
84113 45574
8694 22233
96907 77291
92386 45917
45630 6182
85826 71304
28656 37079
62467 6285
37671 1567
90033 14313
46292 28643
31078 62494
41585 46666
91391 9623
80822 81206
89263 81286
26779 14308
3518 23685
7950 12256
85953 69932
34789 71779
41235 79797
8857 20053
2433 62879
21620 92465
77191 67911
37459 24620
46757 95395
71286 54499
5017 68459
35704 10631
49744 78835
24938 69613
2519 49240
81868 4824
19171 33009
76602 76757
12805 1810
96810 15237
81041 34781
24053 58231
19043 77863
99203 65799
73257 70488
20297 78273
55298 72353
5255 21393
51187 30192
91005 70057
95783 89225
74880 31305
22233 67833
8062 51389
69643 4871
66625 50683
39651 90677
25265 58693
68539 24467
40844 41795
11306 77492
36419 66603
66196 41673
87995 17382
88216 95352
87439 83999
928 62318
15303 23160
46503 39716
74548 32497
60938 57524
83179 16940
48200 24795
91985 33090
65614 32828
91236 76919
26671 44006
59874 92867
85678 64220
26600 90245
59571 14038
90595 60498
92708 5898
9 39210
61965 90908
71706 22903
48431 71236
39842 96630
12382 31826
46071 77995
81005 37306
71266 24028
81311 31139
33246 83340
11710 59845
73585 71281
90235 64179
48130 99294
86428 64491
38503 64745
55398 26560
87647 3829
14147 43840
16810 42880
75666 62881
37227 73022
16538 8492
97049 97849
55982 30294
97540 67691
6491 87476
55323 96725
68007 19805
96018 70786
84295 50872
35530 39692
93783 23176
43520 24281
67016 60330
67160 59033
39562 20738
48406 56099
29229 45455
70299 1562
92100 67839
69253 98590
71666 40927
11666 39672
60731 24035
10458 61377
74906 45987
1069 85040
85515 60940
9320 68882
37621 92832
44266 77182
13569 92671
49633 59150
38125 36283
60711 46577
20473 46315
61518 92139
87242 73184
31810 64324
13570 58619
25701 4828
4606 43121
89867 6472
20412 15539
75353 58033
24722 19618
51566 38290
12288 17550
13791 66765
53833 74502
13341 74305
37168 91210
66443 40761
64393 14605
5085 94315
73223 47137
99142 94180
6609 89008
651 27020
4546 76003
1404 45619
11972 69322
261 24260
86871 14051
91024 40703
4904 20716
31360 42072
11925 14154
99184 92670
28758 20620
86984 1981
67756 86125
96160 90716
91484 13163
34088 12382
89165 35491
58000 1137
4812 58260
41748 8035
72311 49123
65089 93566
69838 96448
35637 98114
10602 34821
7135 55711
55440 94118
57691 39548
96594 70203
46615 88078
99717 80702
459 88881
16193 74810
6369 37356
33070 48116
61742 21732
13590 26831
15297 99779
23278 67286
97893 50231
18458 5027
5942 90249
15497 79984
46148 28442
66538 9115
16519 66254
89816 33329
71487 22360
24491 77855
76068 73912
42323 37809
95643 72264
64639 27291
72043 4269
10928 86287
54499 45737
7665 76792
52338 39513
73128 14837
67955 39665
23951 825
22271 13767
50506 93757
36126 74996
87963 12193
48907 46637
66354 60901
18901 30992
4543 7295
35260 15471
93581 6111
77559 1245
99254 29896
40758 72381
44733 8712
28398 68683
25888 50668
98801 76393
60776 51279
51388 48738
79823 16646
11727 46176
77546 30627
77168 98441
54273 28779
13911 47853
51241 7821
65449 50495
37717 6206
22875 98801
31269 51272
83835 57157
18291 98988
49901 79066
50266 17641
44156 30088
34286 55882
92616 28184
2860 86135
26624 57132
14913 56886
4984 82506
64706 70432
33000 18774
92990 55874
33926 40610
23498 17761
14118 41788
33100 64019
37206 83365
81659 81361
29804 32296
37242 38771
60479 56453
24905 3454
13584 56170
60339 34919
38675 41397
21702 88026
76522 31043
43899 10448
71653 83748
44560 2122
41888 77659
66140 79093
77375 64150
60453 23530
96446 14046
62301 73276
86850 3557
76730 16785
59726 53420
51703 14752
11168 89756
2777 87690
37151 63028
98137 8803
46775 59048
27276 5014
53058 9768
84106 30432
73917 60910
70313 86714
91307 32613
59990 78156
52522 53071
94940 12247
6490 62994
43351 34010
69102 46127
21699 6252
9154 36187
31406 72281
95234 58681
77294 48291
68448 77752
95074 58717
55013 65386
45430 46320
14351 21771
40827 66872
74841 52119
95470 97683
31464 38820
31692 16917
84947 69742
23168 10452
5928 70925
99084 17513
45958 92730
82155 14405
86833 77228
89473 41845
58965 34903
4516 73315
56673 61695
56538 47866
13813 52008
45548 61628
7179 93591
78545 8477
63332 18064
18929 69259
88989 34364
3123 34946
27093 85277
65702 13925
78856 71527
72122 37820
6429 76637
27487 79453
54683 376
27318 68495
52383 89217
46475 75914
82807 25019
84390 46138
59434 19670
31748 48422
54034 34870
99719 97478
36498 81773
27755 15353
53299 16228
53173 76079
9216 97011
55531 63899
97386 99201
48745 66121
4769 95219
42034 87576
36589 42775
50065 96023
62445 98165
44444 32830
49386 60515
30307 85884
42287 74413
1236 11937
90640 70760
88015 99856
67770 59897
63754 81508
59097 12498
63980 80218
7717 6013
84145 44305
48787 34209
56679 27583
48725 1123
60412 98111
77989 7071
346 36627
81483 1581
48563 88475
88693 36577
88330 72814
12825 68435
54321 88274
97284 18300
68491 21352
40664 52635
65657 5803
3195 38687
33385 51920
39809 10149
66382 34149
33571 66727
70775 31405
84659 19337
19879 73351
72265 24560
46165 85090
92994 16837
73363 6630
35137 41853
27981 92152
10839 9989
97954 14033
48676 47691
65952 4836
57839 48685
38985 91409
15411 9759
22813 70
45448 59044
89772 34064
83603 35936
19153 92949
52773 8867
99578 4261
67071 27558
96412 77909
37547 10718
8294 86222
58408 90597
91057 16246
39282 46393
24006 71044
56152 63170
71113 17951
22213 77237
52014 22168
13172 87519
15116 82296
12737 31045
2908 79808
74954 99320
74068 12500
10037 82361
15073 68444
72958 22482
1041 28591
68874 41398
99634 41377
20919 87099
59327 43132
64335 27693
81651 93858
15211 13118
76154 27947
44162 79061
24106 19115
94732 14526
47967 21120
96886 63039
5915 86195
85520 6955
31137 70746
64704 30771
12122 85623
17869 71449
45106 82203
15493 26756
76060 47055
39873 68565
75001 386
63978 15459
35852 58709
29984 83818
79829 43221
63209 85743
45768 65080
9050 76904
35825 90105
24026 64299
75727 41894
52099 37184
40448 67591
63939 32860
14645 20163
17776 5997
36900 81753
37807 72752
56814 67790
72921 36642
27363 52481
38736 89482
17561 64137
82737 69737
54242 6763
34035 46320
65008 86133
83504 5456
53723 63794
54667 84719
83957 72442
90716 37208
70547 28522
26311 27360
12664 15584
64001 56378
68064 19088
62211 85624
83225 44947
71713 37466
51709 5747
137 16717
8232 83640
38524 78306
47434 93190
63025 47742
81983 70092
84949 52529
14965 27612
96240 43980
43195 76592
16709 11258
95680 78919
13234 95256
23866 84946
49073 75574
7044 49209
92290 15275
32849 47165
9933 80282
40354 72957
44375 38689
59400 45675
7569 74364
73286 3809
34696 16480
80400 51404
44090 92431
30323 73675
87686 54188
58620 36758
46113 82015
85967 38403
13642 35167
1919 23574
31800 58625
96530 76174
97313 72281
21848 21233
62996 11486
25041 97691
44317 21793
49095 88406
30575 95769
62080 18261
49956 37051
71370 96068
19066 73688
50822 32707
8854 52741
56280 57005
11365 69161
33178 25029
57793 71378
46261 20788
82863 87654
18479 27179
25798 83925
31937 56372
79693 94016
90984 46000
47419 62354
42067 82836
52393 9241
31894 77599
61981 4525
34603 89697
90037 67781
31077 47829
55510 93689
68616 38372
97694 3446
81902 23491
3722 13838
96215 99766
24206 87198
45765 87976
65903 87832
70811 18296
13424 2704
95894 75404
7228 30496
81452 97264
14628 12528
61444 86489
22568 46411
41212 20262
49857 23114
43752 69930
53303 56318
69696 93860
43516 15460
81835 25770
19643 52645
44065 33066
71700 56310
24821 95279
86806 6272
8894 17785
35151 70337
4274 74071
16748 45485
94332 82956
84950 54435
52885 38253
10753 22580
32112 70620
54392 30299
96389 74034
99295 56806
7100 70995
13115 48272
66273 16272
70896 75167
50409 22398
45503 54682
96468 78602
16518 90799
61557 1468
45234 14442
56072 72338
53373 4535
59309 7764
34833 55697
81798 34128
28854 5249
21474 58321
53520 87746
74592 24415
79264 41352
46813 41119
12385 59632
19720 28903
50431 81277
46722 12016
12070 19145
705 65442
23679 60013
73206 58512
32061 71355
8991 60915
76603 30464
35587 46474
34561 26530
87241 13825
67882 50405
54943 80266
10036 74662
25520 76818
72290 72241
88833 84359
91385 5889
49801 31416
65901 39358
6279 97962
10712 15269
75228 3666
45732 10814
66491 96644
37343 53731
10468 21576
20487 81762
1842 30523
72776 27361
23692 45065
15954 12525
45776 23690
18413 95576
55105 666
51285 61383
14979 61996
76651 90206
65661 38734
17371 32151
35378 71065
2234 62197
92641 22720
43959 10834
69594 33086
54546 93286
78150 86851
22162 40277
10541 56926
52204 65645
57591 3488
43380 72569
65483 20030
79126 47495
75116 12848
95998 26845
265 14583
5393 92905
53654 65703
20090 23248
98788 90987
32885 93290
77838 55046
33566 88378
11971 85770
70374 85914
5609 13753
74834 71092
50135 70312
34938 41602
83159 47287
84798 83423
61869 90190