9	6
7	2
8	9
1	8
6	5
613	212
116	115
366	871
978	8
95	394
481	708
265	864
154	866
615	168
513	592
941	829
603	559
322	807
856	605
453	779
930	494
680	982
349	915
957	311
448	961
615	974
756	522
499	823
242	809
968	149
651	534
392	813
160	772
425	209
649	904
94	35
308	540
874	315
810	955
658	789
660	135
485	697
339	450
721	501
270	961
541	238
645	841
20	514
190	18
720	944
433	160
105	371
416	363
7	463
849	482
619	425
765	816
650	545
657	885
32	35
215	831
563	126
884	373
437	481
398	535
238	831
39	217
141	725
837	816
934	364
838	524
516	310
653	922
623	352
418	475
683	72
650	15
779	249
85	129
385	72
714	325
53	402
900	359
103	960
858	510
833	973
499	745
328	39
788	535
88	665
260	425
435	329
550	624
296	79
871	229
94	899
518	20
833	574
740	34
279	951
880	8676
7112	8982
9538	7182
7623	389
1408	1083
7590	8925
4800	972
5025	419
8925	8994
4737	4084
5040	83
9440	8269
8709	595
6188	3554
9778	6003
9993	4105
3205	2621
7517	7358
1813	912
6892	3611
8561	2877
137	2234
1212	4174
2569	2094
2116	9274
3321	6921
31	215
3611	2807
4393	8360
1111	8739
8421	2650
6721	9992
2012	2029
2973	1028
6013	9502
5102	4322
8642	8922
1277	7206
3768	6277
9363	5228
4363	4227
7343	4704
7913	8353
5732	317
6685	2951
9584	7384
5528	6079
9888	1868
4948	5376
4197	2899
9351	7043
6797	9049
5559	773
4317	729
8684	7267
234	867
9505	6110
1113	3945
4271	4986
792	9526
8958	9916
5234	1970
4421	1645
9906	4932
5294	266
4844	4610
9617	4001
7358	2066
4776	8765
8231	8197
2489	6797
6116	440
4078	530
3107	4147
5396	2864
9146	7371
6190	2075
70	3130
5584	817
400	9244
7122	4455
3024	3540
1108	3268
2853	5937
9190	4816
2493	348
5444	8205
8481	9702
9264	4240
6159	3118
7060	6738
1533	6817
4621	6328
3576	3478
9367	3514
7740	8992
5900	1317
4726	3195
5176	715
3331	5886
7939	4292
10000	7211
6713	6709
6841	2535
3305	4249
350	828
2663	5277
2686	842
7967	3501
3435	7650
180	9066
9542	5207
3906	6828
7017	8639
1549	7652
2280	3916
4374	4099
7867	7502
8782	1694
8757	3552
7688	2150
9668	4316
5526	4176
7620	1534
8676	6900
6086	2921
2740	9862
5490	3791
6810	14
3691	8883
3204	4189
1131	481
779	958
2918	8988
6076	6568
4530	7848
7637	5346
3140	9621
1670	7290
6697	6108
2287	5766
7420	7592
1814	2706
3524	2194
2104	9454
2772	5796
4466	1017
922	2658
5151	5904
9933	1046
6477	7721
883	3735
1363	6928
3401	2060
7947	3428
7161	9650
1472	6103
8741	8287
2376	5662
4701	5519
3642	8850
8106	3745
3756	9439
8691	9750
4129	9556
9568	728
1949	2115
7528	5794
5250	4081
8201	3443
7363	1629
10000	6540
2578	2755
7921	9738
8808	6488
4037	3706
9017	3901
4681	2794
7406	9236
4640	8204
2757	6768
8140	1988
916	7536
4518	9531
3517	4131
1417	8814
1926	3427
92	8106
1088	9847
9076	116
6604	3203
9113	4274
4047	5805
1978	9843
993	8393
8712	1217
480	916
3381	6893
8158	9473
7890	5340
53605	29124
40652	37282
96793	86308
16298	65968
35321	18089
27341	24091
55397	33501
20153	52300
12317	34968
59417	34042
5407	3640
60801	77384
10981	52085
68177	29212
39402	25806
79670	81356
37554	54318
97877	21664
29580	63912
92486	43255
70515	42914
94074	26558
13532	61816
59113	18971
40282	46379
6365	48697
14905	20453
92172	69172
26151	74665
76976	60298
41070	20787
37472	68620
25172	42182
5760	30109
85991	18432
10787	37916
59230	31580
21657	9351
46374	98200
99450	11949
49524	9851
89563	96264
97428	95485
19470	66030
2992	58014
34349	7177
58598	50734
32968	96326
11410	10318
83310	7425
994	16516
86225	52289
73510	57102
24812	98438
55605	83282
75225	14538
10976	81933
75316	30405
64766	72291
70526	47167
41247	77578
54676	65583
38425	74849
49300	86384
18802	14563
30664	94323
67372	95995
7929	36359
53930	58346
11608	13577
5390	21367
77268	49096
72893	38213
13352	79163
18423	5061
99930	62795
7143	99526
92305	13061
69313	44784
10888	92094
70748	96350
31349	64473
67847	58264
26946	94290
21786	85763
25052	57118
57021	5930
4064	75250
86246	23427
55133	18148
98702	46874
45866	5158
81126	23416
30395	46079
54419	26705
66671	75851
74925	92414
85666	33529
98950	25132
48808	44123
85642	13824
77722	6501
29907	32177
82752	47371
78438	51766
15282	78104
19949	21293
24812	99489
70904	65096
74862	75284
8691	88639
87890	43115
82902	15258
29025	3868
14298	45458
28975	48522
57097	75595
69383	1447
66157	11377
83062	34395
35486	53156
50401	39116
55834	66483
52504	20528
37834	29453
48244	32352
12346	90701
41889	62245
84023	16433
21640	72580
2022	48344
27065	42760
82983	34501
63308	79371
39305	2079
59025	90353
39140	72595
40630	94622
34007	20176
60161	57422
77908	79280
29303	87743
51189	80478
6882	48999
48920	96950
4772	86396
87236	69842
4793	80008
81948	89510
4544	59675
7163	35580
645	15525
17692	52380
93373	66567
72015	60586
69722	54025
26660	90991
65969	36145
10941	44033
36467	4368
33785	96309
41905	85565
55423	30296
81675	64839
26524	47295
8265	52827
1776	49603
66632	75126
40077	74138
16049	26691
63449	1657
2597	76635
98594	21804
90505	59161
20681	61949
57657	39930
97413	27539
5017	66368
76266	54562
10552	77089
40760	67082
55543	16330
17945	65663
89872	97732
87509	94268
2616	19533
12801	64170
39194	61136
45864	61933
14231	79548
5004	67569
66439	41248
38265	64383
6634	20232
41557	95687
50035	96846
33762	32479
88494	95532
18799	49165
10194	68978
20873	97504
70269	11077
41576	13089
66545	4935
15991	97519
88782	1515
98090	68706
15727	64175
49206	64182
66535	8116
76630	72463
7027	80127
12978	72034
33981	97193
94906	88696
66872	36642
86351	2932
27390	25088
79623	86239
67344	11425
94836	42660
61310	66539
98612	9246
68151	49007
36419	31011
17340	73216
95089	74974
95859	84347
81954	59598
48325	15294
16934	79944
410	23601
28275	15077
23927	34366
85917	37373
84052	98043
50688	5895
94080	38774
12125	24249
16444	79930
84960	46201
3684	75826
78014	69559
59754	50038
34156	61764
42238	44371
19869	44335
27965	56862
68470	75418
84684	2887
83348	53292
89570	89203
1982	47612
73937	85931
50366	43219
98652	12234
77557	65938
71851	87638
92373	12712
94848	27727
29520	85582
42016	63702
77549	47589
90213	63449
31392	97343
56398	16580
20384	79197
19587	17093
15171	52469
67856	42060
39540	17516
44336	15142
68342	82565
63294	42058
33688	76630
96584	27777
53939	80096
58366	42052
80871	76662
67056	53577
25798	80853
51817	2821
84292	67285
82833	2039
2772	13913
35771	11264
19527	82110
6923	99044
90451	69603
54355	92819
49437	342
67327	52443
10096	59252
94058	52652
15844	76755
36869	58606
88431	66102
87510	21916
82515	84275
33699	13486
791428	36158
736173	793614
256233	64903
89263	235559
199693	112528
589261	610058
905239	199888
505542	140306
999192	295899
674090	438967
924549	223165
440109	219091
924261	437565
575127	705182
542219	333501
853432	65859
726587	210685
354234	679426
366093	465295
795483	550150
213424	546511
288704	307244
635224	134409
917953	274556
849661	832553
604573	74759
139560	864323
803419	601725
78040	377491
641366	402040
673151	131554
757548	615290
36682	50258
787652	306608
879290	468680
351344	910075
864252	937933
6051	647780
152474	595794
944143	356478
138174	22995
100232	228123
721224	151687
264034	162006
310953	152207
604709	271933
384375	549390
311766	593287
416770	459731
58982	676059
630704	558614
770406	696742
682347	77644
376716	901967
747126	708496
478558	963864
580205	192967
823986	582067
852053	32500
709745	16534
765968	555920
858031	310216
183423	179184
384497	452469
808911	634544
525444	650955
5735	360659
2081	717204
794657	283935
940455	310729
756905	882370
624544	442185
87914	707143
392471	28195
760082	620472
747204	474536
293021	909950
66826	518029
946098	52909
612205	570775
271600	547894
524063	858206
953147	330225
680877	90557
333681	575834
520558	879674
767556	448417
659883	33464
131958	982716
364894	902217
268011	447697
35037	762512
945017	609006
414198	703990
933688	364223
564520	563053
375197	322754
616506	718430
898442	739014
517779	378483
221909	541146
774543	2561
909224	978121
260322	181382
157214	650362
266244	113226
318396	889771
163208	624577
94756	487282
440441	181934
359254	743384
142001	188341
520308	650602
995106	89655
79729	329026
567683	645435
381216	597031
605773	809426
792744	757109
118501	407793
110818	411999
771237	505594
208960	399848
609889	585643
953174	658378
47020	964147
311045	472371
390277	568779
239979	678032
84081	198133
956776	724866
728990	391472
64050	993501
154152	561573
675858	241173
113438	37856
582774	981836
912555	970115
769726	690863
158307	772090
667201	203498
335878	658122
534746	827868
938927	759535
414090	245397
167456	115125
822378	859447
220868	635918
321324	538730
321110	376107
197337	407189
399005	466998
835917	923398
10626	634382
48971	677495
821478	714086
94865	881044
711917	772046
800103	263020
123688	730383
218628	135923
70733	357430
261782	44204
674932	605445
283026	407385
143409	418653
312769	947685
955683	677786
630850	620831
263922	875405
321034	358110
641393	464287
8167	541771
660828	429903
424878	815096
859778	785539
71762	533054
843367	212713
509528	58646
175765	486113
407633	970694
613497	993873
262677	707343
140040	512662
382890	373546
924063	905059
187710	152920
345754	200162
679462	866673
569793	404851
191305	344039
567125	744636
699504	923166
879720	111461
421711	463176
414759	449700
431212	925133
70684	102026
875383	573050
686814	358155
347464	907264
492611	718013
504930	575111
80632	106199
295292	968269
141535	236712
290357	263545
707535	935046
936965	836209
708848	907464
409623	937993
636746	910383
619712	527256
74249	966073
984374	968028
326817	517999
35034	101810
162252	956832
298637	696757
69031	683225
675685	65138
434904	378577
194411	933744
426633	180132
51491	854325
351524	711629
159045	728893
736760	945517
194550	291085
576743	18451
746080	35346
828534	821675
552651	199056
106716	396615
242182	389463
498970	479347
214880	869542
601363	820638
799040	734885
676902	822673
255932	211370
433699	294880
342873	999617
495163	298611
361356	546143
883831	205126
525720	822125
538874	923260
269013	858979
644546	830967
318389	852518
310650	498919
360500	863345
144231	43625
412527	889859
19810	201893
210679	64333
574994	603112
876332	893570
464628	261366
420064	625902
183322	814911
508426	40859
355165	406668
878770	346974
845702	96055
475078	500151
141232	692543
119678	882353
584721	227086
562320	325335
690635	657387
183570	633476
139220	939690
473247	310039
518014	456561
921990	849763
85888	805842
29598	975995
492748	539536
769336	642037
671300	474250
389626	354708
479580	583236
483965	322516
655810	972493
395007	157215
587097	680192
289368	345961
199929	695281
723022	132525
25302	321028
937256	209384
62488	602972
858431	835903
311666	504551
198007	193529
487550	160058
364779	726564
892752	118249
329873	553569
324231	880269
918277	500193
848454	748764
823857	30856
456866	71616
658070	697388
499305	796241
53445	321101
489821	650592
416913	906939
119929	593337
718255	960529
672594	567765
395134	92328
269162	6299
499416	573802
658449	970656
504395	789705
456991	214219
572646	266075
98729	124971
517645	628674
961098	826952
609187	597565
125483	8859
674541	846730
719769	700094
679456	987228
287409	99461
894252	479576
24313	536109
613204	720070
456463	604018
356710	637778
701033	776483
559269	372974
933056	971573
332710	195954
83480	331910
262536	776204
915625	88661
381102	855525
632223	504122
376582	395708
598013	512697
991532	858966
344165	281502
567277	37361
279375	437994
479419	156515
919997	397794
257282	411539
44679	456902
628220	416327
863433	102257
497772	80651
235597	992507
387566	68024
906227	780931
93551	173822
610751	934328
780930	711342
758428	308052
447538	283331
179369	356626
355384	696812
258343	54789
654222	86850
833682	395192
989750	193847
593618	291520
405031	15541
879046	602916
858701	289313
232607	578484
693924	508213
239198	630360
457843	325313
558867	609524
374461	727207
923316	215090
181423	135777
558143	405849
628370	855712
908711	251630
679700	202469
357432	846344
477409	497552
15535	558372
379922	986638
332116	155848
387254	407393
708205	344831
77599	666340
7567	261003
381770	831211
839887	687714
905374	774799
1	1000000
