14242 13925
1485 10581
30542 5035
10172 7366
23730 4863
32527 8014
13576 4841
30027 32614
23438 5655
15903 11468
22316 27704
6851 30251
13487 23949
25916 21584
27191 9719
31485 28432
2214 10220
31084 3095
6943 8348
17815 19366
26744 4551
13999 12423
23688 27866
28420 1327
14938 18245
124 24925
14491 20508
29790 22673
30927 20574
12754 26305
31844 7293
16735 10768
6773 24949
24710 24437
668 25015
11096 11794
11699 16474
25285 3772
14724 5574
29650 30921
15787 9929
18118 31365
10400 13800
4772 14822
15565 5407
1528 31113
32431 29601
20907 11617
6185 7339
5182 30780
15996 8613
24800 29422
24631 20159
17778 11706
11000 24435
1429 1907
8546 2345
26516 2705
10528 23765
5968 29115
17845 21754
681 16259
7212 6385
27766 21015
18740 4589
23608 26537
7463 29240
9331 994
28439 11289
31884 14111
21515 1665
25553 13329
10523 9734
21712 1576
4279 29462
13124 18831
22598 23916
27314 14328
215 10638
15767 31567
1143 3207
28463 20997
19523 13059
30527 9973
7243 27848
14355 21484
12637 19156
12200 20912
27964 677
6648 571
23702 6085
6076 4952
4149 25596
12354 16888
3722 29472
18501 17958
531 7286
7802 30607
19556 21869
21841 5930
11835 5272
7400 15079
11365 2169
14521 26924
17043 18480
15108 31286
20016 9445
6888 20784
10589 10856
10044 23296
14676 19819
10865 26333
8020 18195
5937 3787
9332 13453
31904 21334
6436 8619
22736 15672
910 20518
23004 27131
29817 11292
21094 2141
7731 385
21873 2038
965 29685
13924 26541
2821 24605
7697 24650
8251 29148
14250 25705
16789 8873
1544 23193
1861 7775
26446 5924
17202 25796
4794 28276
7516 25880
26330 10
8445 13151
32528 3193
19207 19575
2880 32510
15873 18433
5197 18086
14849 32155
10454 4292
9398 8348
24528 15108
978 27769
2520 13660
2251 14926
25279 22687
7839 24934
22635 21335
24480 32726
18780 6037
15239 5131
21860 12836
27737 15315
2716 5323
9691 14297
3973 23212
24832 17527
25667 22810
18490 23114
14861 13211
28242 17841
29513 7039
12947 20927
13110 14335
23741 24429
1845 2768
23243 10362
18176 11833
12821 2058
24380 19993
26267 14243
17963 10538
29950 20678
4177 7984
26805 15007
10617 21809
27629 9250
12539 10353
28478 15617
606 32137
6409 1935
15471 6615
28370 9599
17079 5426
5261 4211
21558 4274
7034 26465
6343 7725
1136 20109
2846 23915
32052 28940
12035 22932
5020 19665
8077 29484
16012 14615
11558 8740
24351 23297
2561 24167
16220 9001
19290 32618
27042 4188
2039 1099
17905 26534
10769 15034
3922 26998
22974 19142
10310 27325
10090 6929
22928 29739
19468 5473
28707 3866
23123 29099
9581 29645
6980 6900
3844 14392
17484 29334
21255 19780
9665 32538
1873 23372
26285 27836
8055 9830
22174 10059
8856 1152
30075 28258
16060 10639
31527 11634
8151 17184
447 11130
20598 22019
24039 32338
18815 17831
24625 7063
25019 8211
16889 23423
29340 22174
31735 8550
3440 9818
22260 16558
21136 2068
25739 25591
1952 8374
2898 12609
14950 6562
25429 20567
26780 27024
31036 27646
353 4490
32663 7397
6395 31895
9461 20046
30268 20123
13544 26372
17092 21470
5339 10029
29119 6256
31228 5124
4520 4462
14722 5008
20420 11923
4510 7127
7795 3210
15778 15542
25002 27928
24083 9480
11918 202
18303 29701
911 32382
1137 13009
14450 24750
11553 16070
18164 9876
11959 616
25856 28040
27344 3460
19862 4419
12323 23282
18816 1415
19689 20018
9697 16045
11572 9160
10149 20169
32359 11579
3043 21302
32673 7181
10793 17952
20377 11891
30168 5285
23481 17549
2856 26254
24736 10128
22620 30923
28163 29486
24831 4584
10951 26434
13416 277
698 5094
30060 26656
26856 20708
16045 15714
20147 11000
26711 5846
17833 28292
10331 20777
16693 29095
4006 23337
23018 10684
26850 25531
28222 8189
9940 5026
22557 21728
16158 14901
26202 32466
30512 23718
1141 2976
16607 20878
23179 20964
26090 30555
21670 24361
22907 9595
17131 25579
28677 18652
24262 7077
21436 25408
30544 423
2628 24890
2343 31091
28522 3834
13073 465
8758 27388
23194 19933
27418 2285
23404 5405
1968 14007
4535 30355
17460 18954
25935 7098
24003 15977
19653 5060
3154 25304
14137 4539
4008 30527
11212 22285
5871 5795
14882 5816
28087 31712
10457 11625
23567 16495
13468 24288
15036 5474
15526 10372
2036 9564
12784 29903
8047 16493
12462 19960
16540 10506
20544 1592
14002 27697
2994 21700
5652 30323
24154 18543
25159 12919
8733 7227
24129 30248
14450 24784
23447 7547
3150 20534
8768 7493
13081 17132
7011 23851
5541 26944
30789 25148
16209 20804
20219 7267
3902 19588
234 802
4173 10143
17764 16146
13440 18416
18162 12501
30786 6280
29071 17226
8112 21941
18441 11550
10219 13446
14795 22946
4367 30938
14877 9032
17666 4510
30818 32245
15401 12933
10126 18954
29370 1106
10165 21215
15864 29286
6942 15933
30392 13604
24548 32587
9569 24213
8005 32154
27165 9404
10694 8281
4137 32391
15478 25225
31796 13935
7753 24826
12098 2076
29470 5650
22463 21373
10694 28592
30844 31823
15057 21849
15263 10719
24272 9611
17405 7109
9434 22697
13579 28189
6516 4375
566 10576
23969 3950
28011 31609
21262 14055
644 6760
15799 11662
15849 27740
31243 140
17152 20231
13449 31699
23865 10018
1757 300
19811 13850
23893 4724
29893 14857
2429 21727
23339 21841
17872 18016
22228 23851
9810 13117
24438 14993
30739 14074
23649 19787
22514 16244
25648 7517
12337 26113
15221 28906
11889 23135
29202 1225
13469 6888
32518 18730
17748 30343
13446 15976
1217 14056
21367 8153
30337 1260
8947 2050
14442 11356
24537 13485
22259 30367
23398 30791
2441 31554
16441 15804
467 13042
9303 26515
30170 16857
2425 22064
28192 4112
30224 4425
22426 18845
17118 28673
25259 23737
23390 3590
14878 1716
227 6155
22048 15352
2440 11063
7794 11477
16147 22854
25823 26320
19440 22732
10077 23162
30605 16431
16614 12780
1633 23785
13573 26683
28690 11225
16836 3568
25782 25536
26765 30053
19202 28570
27603 31860
10744 18635
30662 17911
29120 2743
4135 27312
21356 18310
7159 25147
3792 3321
7528 7110
21644 15395
9667 3615
10242 7153
29673 14079
12844 23550
5103 13662
18708 15606
14255 9566
8081 28899
21942 11114
9689 20534
28815 18343
3553 3288
11818 22785
20152 3137
26214 6414
21008 806
7961 11186
8572 28806
32252 5614
18377 24053
32287 16577
13164 3950
4522 4370
6718 27832
2329 12079
19772 11804
3504 31792
14488 263
22303 15431
23129 1641
19142 27321
13608 14029
21779 17897
16157 8748
2508 8634
14937 3441
32276 14531
28291 20876
16060 1358
15664 7957
7924 4762
21684 24509
27382 8380
8619 21732
12330 2534
18096 12633
12577 22388
29831 17007
26475 14476
32023 19898
22210 22075
19659 6683
21754 20657
32660 11790
11479 26846
9838 27700
10858 12381
17175 32559
27703 7878
15393 1348
10150 927
13829 24041
24886 10714
4048 13083
10925 10472
8516 21166
15058 3428
2761 5100
166 29192
25065 1111
549 18726
30772 3833
29785 27128
2781 4162
24557 7554
16858 12661
136 27748
4768 10703
29195 15409
15082 20920
4652 8398
7500 22794
1814 12295
1166 30624
15104 23218
15611 889
28522 7882
23689 8002
1953 18569
32067 6802
23472 25018
27578 24420
1556 7060
28153 26813
27866 22003
10071 14178
27435 16505
10061 4939
1190 16927
72 26356
7640 15776
20830 3093
15572 32682
22332 7538
1127 5491
8475 28833
19337 400
31696 30659
5922 12706
26885 21973
5379 613
4724 1069
7913 25322
25715 19884
26900 32686
4307 29441
14261 26028
32285 10842
3521 2330
5213 21526
32327 27949
12965 28903
13768 21604
1616 26835
32535 19625
22014 4237
31010 10642
9557 32588
15757 290
16775 4136
18612 6884
19892 20187
29725 32684
4734 10672
27069 23574
12216 15817
17896 27394
15919 6858
14977 27897
16734 5441
20994 26753
24780 1284
11871 15025
19759 21509
1534 20663
13629 21004
8137 18288
29919 15936
18339 7415
31860 3393
9865 667
8450 5943
1854 22490
17502 32075
14952 29439
24116 5112
5274 28144
13773 16572
26762 14818
6923 29887
8259 2229
10762 23278
11769 5442
4513 25604
8200 29788
13419 18234
13323 11618
5293 31995
20738 25388
28097 7630
8568 24432
8423 4525
22946 8325
27371 31304
5389 6656
3794 30573
7351 12194
18856 16812
6944 11584
18041 10819
32140 21674
22681 2693
32625 18712
22665 27417
16072 11123
9956 14631
8476 17403
1974 13023
16150 9858
15102 22544
2634 27811
11530 30328
21758 22062
25539 32593
31446 30152
11167 23374
22052 13156
22020 226
766 26242
22593 30077
27277 15316
27812 6138
10530 686
21547 20199
14741 28782
12156 28624
10177 24665
1978 18375
16730 30998
7769 17823
22409 22489
24333 21023
26241 13108
8384 9201
6868 16975
13754 15411
18583 7818
28478 12863
9918 25545
9606 4552
27868 30890
28139 21284
30131 11576
20601 18372
11581 31211
7687 21734
16877 11523
4884 26683
4847 3954
2956 1663
4987 32667
2082 25134
15057 1771
15784 22966
19132 24487
16631 5660
7522 32637
24827 2525
32722 20405
25677 26815
13627 9066
25948 29645
8852 9991
9193 4145
6608 2566
894 20880
15709 10369
7826 30584
597 6269
15148 19061
12978 16254
26905 30037
4848 20197
14111 19027
4399 13376
16400 15694
12876 10807
1977 31308
12387 14102
7729 10675
12465 8378
11318 28100
21373 11448
19453 13793
13191 26056
13329 25459
6206 28579
9516 894
9866 10683
10966 19386
5860 12388
25106 8496
27491 4596
7612 14620
14678 12436
19646 12990
23857 17048
28057 27096
23226 18523
18020 19798
20513 12053
26680 12393
13153 11401
23166 7411
9464 6350
27547 30092
16133 27572
23350 6779
6486 19734
25425 30060
8488 21642
16704 26791
16930 20257
23816 20319
18373 13595
25795 8113
32247 26326
20289 17805
8522 32221
10790 11420
16650 29232
14979 27666
31882 10633
16391 2011
17895 22404
9392 4985
31460 10878
14443 28377
21258 13945
12165 20406
19573 6448
31720 16608
6548 24516
20972 29691
25092 31162
2069 11690
32349 6660
1507 27349
21422 11039
29284 32089
23970 13137
2115 25222
10852 9255
444 17454
4318 15412
30211 13926
17222 16607
1138 27099
12784 7305
16650 25821
19986 875
18030 30209
22484 7433
19949 119
2196 13894
5377 32767
17301 21819
1542 4106
31532 1453
12945 12480
27218 11487
19764 6227
29704 16291
22341 29869
4085 11756
15293 25922
20498 24161
5041 11338
11960 6847
20682 1396
6491 7156
14369 4288
2400 29360
28601 19977
11175 24410
8517 12895
31098 17203
11300 2693
32327 19419
30234 13979
28907 22608
19364 30370
7765 15835
1551 10361
2626 3064
9338 21190
17486 29351
14401 6161
4188 31346
26199 29393
28428 3343
12636 6736
28368 30042
31748 18697
25904 19648
20521 5947
2417 24970
8922 9780
496 10320
6669 15191
24044 11294
25552 31429
4879 6759
20544 31415
32076 7515
13497 29362
28316 23332
10930 6726
22586 20968
26487 8044
24406 758
29284 31063
10397 15349
17915 20815
1852 324
6453 32389
16082 22775
7132 29546
5505 18132
5720 29071
19071 26001
179 299
4769 30873
30913 18416
30054 6008
20484 5708
29565 10487
27772 21728
18841 28382
14867 10019
26461 29909
10148 23961
21771 8638
22056 26631
577 22774
2748 17244
19865 27743
19142 7137
14693 31420
25953 9943
30950 18288
8282 20347
3194 588
21912 19304
5851 25745
24897 21533
6463 29988
30246 16782
27907 15595
20731 9188
18036 411
18484 16442
5569 6140
12872 6613
26352 3695
31081 15917
464 27774
12616 28955
13510 8492
26911 1336
13180 4879
12789 19873
8594 22220
23533 597
3380 22580
22536 23014
28610 8056
31426 24147
11219 3773
14082 29780
19122 1496
7655 10495
27263 11150
25499 13114
14774 24290
16512 435
6084 16145
28608 8360
3821 22335
21521 7918
8592 23561
26690 20671
6511 10692
32477 24935
14188 29677
26942 20491
698 31448
29301 20091
2047 1895
28917 26201
27870 25362
9058 801
29555 24844
19583 14799
21240 3261
18849 23591
27670 5467
8530 9678
25679 30266
24928 30393
28420 22517
10287 16716
23011 16925
24534 27647
7876 17530
5496 26544
28067 23042
8141 24593
23762 31485
22275 27697
7475 24869
11569 60
23380 60
22423 27516
8324 7869
29529 21186
