289383 930886
636915 692777
238335 747793
760492 885386
516649 641421
202362 490027
368690 520059
513926 897763
180540 383426
89172 455736
5211 595368
702567 956429
21530 465782
665123 722862
174067 703135
513929 979802
634022 723058
133069 898167
18456 961393
175011 478042
176229 377373
484421 544919
413784 898537
575198 594324
664370 798315
566413 803526
268980 776091
241873 759956
806862 999170
497281 906996
420925 702305
336327 477084
126505 660336
621729 750846
661313 925857
353895 616124
100545 819582
233367 898814
515434 990364
313750 344043
171087 426808
117276 947178
393584 695788
502651 705403
392754 612399
95060 999932
549676 993368
210012 947739
636226 698586
297539 348094
140795 480570
651434 960378
66601 97467
612902 710097
570492 573317
260756 926652
560280 997301
209441 724286
429689 953865
228444 346619
558440 744729
108117 958031
738097 905771
834481 890675
120709 698927
704567 777856
179497 872353
254586 276965
455306 964683
28624 406219
51528 332871
48829 805732
409503 530019
258270 363368
486715 959708
226340 518149
700723 747796
2245 142618
122846 493451
243555 892921
192379 597488
537764 888228
469841 792350
165193 441500
87764 757034
324914 470124
275856 936987
346491 373743
148365 322227
281936 709859
151432 452551
316437 899228
153275 975407
276121 901474
468858 794395
36029 661237
573793 908235
65818 894428
231011 366143
335928 639529
318776 322404
255763 964443
114613 854538
118606 436840
2904 344818
235128 670688
67917 797369
466996 569917
43324 987743
259470 512183
295499 298490
206725 689772
385644 755590
268139 617505
469786 502954
338082 907669
308542 388464
110197 939507
228804 759355
278611 376348
127828 573622
887343 949299
35568 195746
354340 755422
23311 613810
267605 321801
425661 473730
44878 811305
178736 229320
79444 248626
503465 648522
473416 586708
213258 408282
167637 412924
305624 442062
532036 962600
433452 911899
145550 419379
290071 947468
487131 900973
684930 903881
808933 845894
158660 370163
387981 657199
252996 548899
152959 713773
272813 739668
187190 681095
116466 952926
365084 911340
327684 422090
443376 855542
379107 755936
219756 517445
418418 669179
89412 706887
32172 103348
262009 451659
402336 625210
166342 467587
319301 878206
667372 697713
401255 575321
44599 864819
229904 517721
939811 955939
73940 915667
311705 346228
811127 829150
565984 996658
763920 789224
602422 867269
54081 821396
645630 740084
679292 811972
73850 207672
647625 905385
739299 741222
306640 606042
340713 783898
256190 352298
280524 942590
108581 688209
288819 499336
371155 937732
218004 495994
160379 614769
85273 981776
247255 668850
348142 721860
445884 575579
223205 421993
679567 867621
690613 962504
262754 801961
31326 154259
518944 828202
613202 723506
902021 936784
222842 390868
235189 789528
608872 949908
210498 849958
448036 518808
457753 686248
33333 383303
132133 321648
772890 999754
251746 517567
319529 690368
238046 514500
473788 549797
66249 86990
3033 273303
12497 505363
294892 910253
247686 519125
613996 761152
209188 245975
649157 703729
32460 895436
253414 543921
26304 870460
60028 388027
266748 278050
308902 707556
504794 697697
571043 858699
132002 301039
90428 806403
681 144500
617647 908538
36159 895151
282134 522535
104339 171692
502215 516127
720504 755629
60049 590964
298285 636429
495343 576335
202900 903177
407971 885238
260289 416949
495367 717988
392292 585795
40743 53144
102829 658390
655340 961682
569 553541
174232 453826
172261 956042
409117 690360
228023 266761
81 526309
495425 903190
618996 806367
214677 504234
631626 730690
226057 764524
349614 673168
328205 390358
726312 947386
204346 565100
602726 634994
56552 204916
325578 893529
528946 532290
302647 756970
799051 819080
218593 799631
418627 830857
541312 561886
439214 788355
193512 720090
14412 59479
858969 909610
152274 966189
47641 806355
356620 925433
77888 198987
498338 524566
27284 487770
56856 790417
300606 372260
100237 125849
107205 473059
35217 648518
34945 990783
228458 436873
710873 967637
620483 804289
770478 826607
149314 772757
334471 645729
533459 591100
89438 723618
58025 211388
631233 633074
518157 933681
3493 160358
110699 550270
101839 633417
275569 668363
92622 228794
319847 413173
196431 217462
456682 539390
504292 745791
205057 355115
391521 796157
631491 888574
401947 462951
35021 359231
393740 610537
485054 614030
35325 554098
187516 241081
33002 653516
372231 746139
261796 785404
582338 974580
39021 519218
513970 539862
235379 784812
692685 894977
31536 299904
324176 433483
199759 279207
889744 984857
469911 593499
20127 663950
505236 777560
367818 675105
740049 810563
421244 588711
41805 519934
77375 563291
558955 593614
133589 343768
544918 828993
376882 552805
844822 876982
124030 326717
311574 593093
186593 530126
550253 781486
803074 850543
327814 734713
138377 478179
415775 474762
32919 727088
806732 935710
11017 110294
400346 760235
745691 871137
305153 423943
122573 666328
300925 449291
306710 894018
277217 836836
575055 596963
387090 963858
378130 714904
372661 698571
369633 689685
304789 613073
722604 756851
349250 419805
336503 767868
109485 639006
82195 414639
62949 721120
80967 880226
387677 686763
290596 963981
740865 887560
127955 539036
367770 433518
66342 359211
245196 322532
272379 627321
858270 994984
384172 794427
152040 344234
647283 970072
245830 307398
370347 901063
966950 982030
250573 653714
57522 886059
134047 626924
189435 945082
271232 829204
622954 630443
411898 945486
684278 875640
89159 250262
679262 989683
539848 561041
141723 208324
26272 449122
454154 927335
335821 937457
102747 909365
311776 591171
160269 725218
621703 938701
209933 914653
53959 450907
356728 862806
515797 748720
121308 547084
515334 742698
76376 110991
252715 798898
801052 825171
218189 771559
554010 752506
178224 709016
173109 816539
333378 490000
58109 945053
489114 955081
405989 671338
28067 59426
575223 785147
332231 776787
292122 696532
323875 591281
390179 884850
202254 576590
215350 311131
967857 973813
199181 381494
146081 554603
15720 152433
590181 887982
97487 359415
79296 768825
138722 765404
550551 796892
90032 230297
399134 443181
898506 990415
299708 767057
380595 859999
112297 501962
475776 687483
68977 80154
191309 742587
139932 723382
544266 895021
313563 508860
903682 909211
277685 669086
564285 590930
735990 794583
197314 651476
95820 754116
37525 641892
395528 538839
897490 897525
101360 651136
247643 889618
80928 170337
506582 826621
804310 917955
370888 634225
274570 426815
220853 543437
107722 460008
712350 811783
9097 418657
363827 689126
522071 621269
533149 726651
60910 140528
228398 430639
241888 836610
928577 992393
433890 498976
754552 755199
126087 416931
360099 388777
400657 448566
377017 580952
72641 392735
89368 491298
453195 918184
55805 696776
423428 975266
552528 588954
19593 80308
297278 322197
289672 372555
250774 806445
305000 522325
238283 560997
466127 648412
565421 598382
179334 914693
942439 987334
88421 548159
522957 994985
1354 691761
492972 578762
167716 631541
561852 711850
375482 703662
76217 550399
665154 801173
399015 486506
476364 839851
488263 724790
323172 942491
373537 570037
18859 28828
107280 360871
355856 576987
146590 578341
563970 725352
195511 587665
149517 893069
113083 907361
41351 974112
189300 706506
104667 291638
131489 709364
434154 581032
39875 136104
273679 706141
292538 413412
290636 734969
311956 916170
62760 162844
406649 726814
304465 994314
713886 922326
346039 660183
701535 826969
320152 532621
611790 924393
150109 637289
259631 734673
395735 584264
374295 774548
101877 704313
353198 666833
99355 994949
157793 665155
588156 678468
400960 982933
98823 323286
213171 275358
40140 185677
22181 493245
572761 933990
150323 210050
84100 409954
461075 668364
235624 322042
42659 423919
225844 456289
293469 451238
474976 841551
125383 520019
63133 526343
19304 161956
232475 365981
68011 953666
446912 788967
90192 361729
380902 756868
88131 465002
549207 683174
5216 649718
301183 692377
757472 945487
238957 434573
276125 725062
366797 713933
293418 312496
848153 893141
775474 971726
596980 925393
385948 843485
372305 450030
264029 269559
206898 352160
406424 734562
384280 417719
411641 718902
593010 873480
27583 992726
234140 628789
303708 342723
132557 600938
10431 152493
124220 980710
577690 785905
49613 629391
938270 963638
79421 227667
207829 802671
96180 458743
209095 513899
137088 843024
749154 952386
10569 258232
155710 979969
492373 800030
498433 609663
167279 932587
429649 620094
291499 922351
7339 857464
487330 551742
147515 312086
231349 519915
843881 950186
495011 675634
854387 874133
623287 812722
339643 806773
786742 881519
495354 890244
103124 510139
16259 552063
636353 677418
485269 981712
505404 558705
342733 626799
654819 992734
740435 774315
240853 691087
100669 702450
916487 974802
245562 556837
363610 598089
585205 995960
596911 666704
402557 769829
418816 623403
300821 321892
303605 571522
302443 646579
161528 325361
273378 834447
332700 564045
23787 574882
675551 804899
242589 721386
650353 799426
764794 966948
68506 163036
277107 346092
665417 679664
115921 288820
98480 954166
105994 186354
408437 774123
99484 832933
86317 106312
419017 933931
25165 186709
959156 991608
201745 217069
712995 867422
1171 196295
148569 680559
264801 425676
26652 446571
105340 658925
251743 720172
613091 874089
903566 906527
255812 798878
3050 885196
362124 453333
65186 304213
263370 478499
56794 695568
286141 465115
79342 982639
482437 744263
263590 663198
169939 206202
226513 791631
478257 865128
511804 994571
352346 934683
151225 898138
190495 417540
36421 68972
340634 387226
134158 865725
120356 190952
77645 585472
673339 993446
475883 568111
417603 747661
255825 587542
470216 482339
335344 379174
407330 960596
829294 846267
260757 342013
48860 980519
194650 533292
117832 581876
251990 390279
510635 963953
41598 959295
96107 952741
180570 714937
132540 944976
200801 444584
720083 914800
199492 615609
676440 766496
22939 612763
505735 881304
2606 389873
584523 930164
52251 564349
442530 682751
646704 816339
291986 953165
565625 688302
761079 919591
222407 262547
568484 707131
804919 939561
139053 621931
388427 420528
815494 959819
517543 837581
423768 841123
287639 840187
524643 892438
207394 851988
184680 851320
804486 854098
58752 993018
754098 886463
149010 494695
63179 976505
856142 916066
868098 994425
571472 804978
382853 386966
416748 764797
122272 224547
581086 840516
365159 409912
261900 989877
572553 841197
943003 962932
162035 955951
48498 518107
529154 710049
202906 713861
570003 592334
635325 976784
206797 564428
463633 781763
110115 546560
851014 880381
185185 720897
432100 595097
602408 938329
373349 691313
295879 852634
457914 634316
668775 808585
22765 34986
197930 736626
237892 306616
306629 389569
387409 799752
581515 596366
222833 367395
247776 644428
73847 829613
22300 485026
603786 941062
830763 960629
256508 295100
683397 929416
230775 491982
114544 253540
43320 828826
506518 797565
329499 651794
187134 451546
299853 716908
33062 84303
193842 522686
596534 848432
539807 849810
480869 618834
95815 453596
748696 827984
352324 511382
99451 194465
519716 825361
563037 869343
375861 654187
305981 360602
64088 705360
273879 938620
363941 823293
22924 886628
17135 387708
483162 556942
101996 753870
207466 554163
197811 898500
66487 472515
183332 926234
445950 682290
8693 551633
525339 662880
402293 927494
485213 632854
275444 466382
571475 830323
98738 110751
115873 716951
14811 716465
189168 768681
259683 334813
48977 492499
674535 965014
115464 600769
148346 314107
563072 673391
88411 865740
309587 852623
7057 337836
458793 473439
546620 613281
228371 820114
53418 657371
188534 860596
49764 769883
104697 473567
825800 966067
153674 500335
447433 785490
112132 617457
180529 615949
481690 785523
638147 785292
307629 792349
492335 766422
621968 782140
313043 602255
486766 850339
172025 710936
191653 458260
277052 665220
562957 619204
232983 631287
78721 119540
534826 736997
667127 707205
433878 492728
219170 665169
647227 972798
11520 139563
739221 793660
277883 568616
128223 912267
55382 84292
247035 355511
542553 632563
428608 621862
59895 251768
371198 887660
422376 654968
141009 362173
89503 574887
371254 754673
18481 794057
243823 321929
674396 983044
631942 952280
68012 544209
596855 639747
144854 952366
203759 403134
101281 831742
341973 869401
713171 891638
62958 273413
414422 651899
257755 941484
505661 829090
528780 816071
363923 772603
38320 138000
272000 769942
340012 506952
103807 830504
975358 979759
382894 572525
179117 190158
214636 521090
59560 622626
332973 750614
201937 918865
143421 263748
176620 769409
488863 705400
101832 852786
239833 478004
266356 407458
526127 914410
356631 606368
534569 586128
623446 848341
27458 485374
700010 813605
64901 873165
331867 838989
40926 722490
250732 986238
700699 943705
189562 272000
165457 373832
42348 643461
130017 449807
172497 426169
32538 880569
415139 529128
135018 377470
38585 620392
368542 921280
502533 836754
241707 675743
480550 834400
233021 601485
466788 933720
255140 545190
639634 710647
145325 681983
791694 870461
296630 648142
45063 964191
493320 845520
976554 980538
387142 531492
308422 600930
437685 900034
327308 658094
161708 629780
138644 862802
121784 279545
341087 796522
376925 436157
38602 51735
438548 634492
798986 830296
251530 310840
97051 844049
320512 336956
77589 707654
194872 868448
532428 768482
376088 632557
262337 426576
537797 565220
125139 333694
438014 687005
580282 674782
242869 390523
25015 135236
481884 681417
340353 449299
700754 792724
113236 546350
37710 140292
337242 906158
335164 386023
674641 967721
617569 762111
746410 816260
182790 387902
149955 386147
341089 825916
216439 482781
583958 618017
265375 757806
99901 614511
408978 714674
315265 777377
38566 352976
892161 917669
252833 259134

