30887 9384
36916 2778
38336 7794
60493 5387
41422 6650
90028 2363
20060 8691
13927 7764
83427 541
55737 9173
95369 5212
56430 2568
21531 5783
65124 2863
3136 4068
79803 3930
23059 4023
98168 3070
18457 1394
78043 5012
77374 6230
44920 4422
98538 3785
94325 5199
64371 8316
3527 6414
68981 6092
41874 9957
99171 6863
97282 6997
20926 2306
36328 7085
26506 337
21730 847
25858 1314
53896 6125
546 9583
33368 8815
90365 5435
13751 4044
26809 1088
47179 7277
93585 5789
2652 5404
12400 2755
95061 9933
93369 9677
10013 7740
98587 6227
97540 8095
80571 796
60379 1435
66602 7468
12903 98
70493 3318
60757 6653
60281 7302
9442 4287
29690 3866
46620 8445
44730 8441
8118 8032
5772 8098
90676 4482
98928 710
77857 4568
72354 9498
76966 4587
64684 5307
28625 6220
32872 1529
48830 5733
30020 9504
63369 8271
86716 9709
18150 6341
724 7797
2246 2619
93452 2847
43556 2922
97489 2380
88229 7765
92351 9842
41501 5194
87765 7035
24915 125
75857 6988
46492 3744
48366 2228
81937 9860
52552 1433
99229 6438
75408 3276
76122 1475
94396 8859
61238 6030
73794 8236
94429 5819
31012 6144
39530 5929
22405 8777
55764 4444
54539 4614
36841 8607
44819 2905
70689 5129
67918 7370
66997 9918
87744 3325
12184 9471
95500 8491
6726 9773
55591 5645
68140 7506
69787 2955
38083 7670
88465 8543
39508 198
28805 9356
78612 6349
27829 3623
87344 9300
35569 5747
55423 4341
13811 3312
21802 7606
73731 5662
11306 4879
78737 9321
48627 9445
3466 8523
73417 6709
13259 8283
67638 2925
5625 2063
32037 2601
11900 3453
45551 9380
90072 7469
87132 974
84931 3882
45895 8934
70164 8661
87982 7200
52997 8900
13774 2960
39669 2814
81096 7191
16467 2927
11341 5085
27685 2091
55543 3377
79108 5937
19757 7446
18419 9180
89413 6888
32173 3349
62010 1660
25211 2337
67588 6343
19302 8207
67373 7714
1256 5322
44600 4820
29905 7722
39812 5940
15668 3941
46229 1706
29151 1128
96659 5985
89225 3921
67270 2423
54082 1397
40085 5631
11973 9293
73851 7673
5386 7626
39300 1223
6043 6641
40714 3899
56191 2299
42591 525
8582 8210
99337 8820
71156 7733
18005 5995
14770 380
81777 5274
47256 8851
48143 1861
45885 5580
23206 1994
79568 7622
90614 2505
62755 1962
54260 1327
28203 8945
23507 3203
2022 6785
90869 2843
35190 9529
49909 8873
10499 9959
18809 8037
86249 7754
33334 3304
21649 2134
99755 2891
51747 7568
19530 369
38047 4501
49798 3789
86991 6250
3034 3304
12498 5364
94893 254
19126 7687
13997 1153
9189 5976
3730 9158
32461 5437
43922 3415
26305 461
88028 29
66749 8051
8903 7557
97698 4795
71044 8700
32003 1040
6404 429
682 4501
8539 7648
95152 6160
82135 2536
71693 4340
16128 2216
55630 505
90965 50
36430 8286
76336 5344
2901 3178
7972 5239
60290 6950
17989 5368
85796 2293
53145 744
58391 2830
55341 1683
570 3542
74233 3827
56043 2262
9118 361
66762 8024
26310 82
95426 3191
6368 8997
4235 4678
31627 691
26058 4525
73169 9615
90359 8206
47387 6313
4347 5101
34995 2727
56553 4917
93530 5579
32291 8947
56971 2648
19081 9052
18594 9632
18628 858
61887 1313
88356 9215
20091 3513
59480 4413
58970 9611
52275 6190
47642 6356
25434 6621
77889 8988
24567 8339
27285 7771
90418 6857
72261 607
238 5850
73060 7206
48519 5218
90784 4946
28459 6874
67638 874
20484 4290
70479 6608
49315 2758
45730 4472
33460 1101
89439 3619
11389 8026
31234 3075
33682 8158
60359 3494
10700 271
1840 3418
68364 5570
28795 2623
19848 3174
17463 6432
39391 6683
45792 4293
55116 5058
96158 1522
31492 8575
62952 1948
35022 9232
93741 538
14031 5055
35326 4099
87517 1082
33003 3517
46140 2232
85405 1797
74581 2339
39022 9219
39863 3971
35380 4813
92686 4978
99905 1537
33484 4177
99760 9208
89745 4858
69912 3500
63951 128
77561 5237
75106 7819
40050 564
88712 1245
19935 1806
77376 3292
93615 8956
43769 3590
44919 8994
76883 2806
76983 4823
24031 6718
11575 3094
86594 127
50254 1487
3075 544
34714 7815
38378 8180
15776 4763
32920 7089
6733 5711
11018 295
60236 347
45692 1138
23944 5154
66329 2574
49292 926
94019 6711
36837 7218
75056 6964
63859 7091
14905 8131
72662 8572
89686 9634
13074 4790
56852 2605
49251 9806
36504 7869
39007 9486
14640 2196
21121 2950
80227 968
87678 6764
63982 597
87561 866
27956 9037
33519 7771
66343 9212
45197 2533
27322 2380
94985 8271
94428 4173
52041 4235
70073 7284
45831 7399
70348 1064
82031 6951
53715 574
57523 6060
26925 4048
89436 5083
29205 1233
30444 2955
45487 1899
84279 5641
50263 9160
89684 9263
39849 1042
8325 1724
49123 6273
27336 4155
37458 5822
2748 9366
11777 1172
25219 270
21704 8702
9934 4654
53960 908
62807 6729
48721 5798
21309 7085
42699 5335
76377 992
52716 8899
25172 1053
71560 8190
54011 2507
78225 9017
16540 3110
33379 1
45054 8110
89115 5082
5990 1339
28068 9427
75224 5148
32232 6788
92123 6533
23876 1282
90180 4851
2255 6591
11132 5351
67858 3814
99182 1495
54604 6082
52434 5721
90182 7983
59416 7488
68826 9297
38723 5405
50552 6893
90033 298
43182 9135
90416 8507
99709 7058
60000 596
12298 1963
75777 7484
68978 155
42588 1310
23383 9933
44267 5022
8861 3564
9212 3683
69087 7686
90931 4286
94584 5991
51477 7315
95821 4117
37526 1893
38840 5529
97491 7526
1361 1137
47644 9619
80929 338
26622 6583
17956 4311
34226 889
74571 6816
20854 3438
7723 9
12351 1784
9098 8658
89127 3828
22072 1270
33150 6652
40529 911
28399 640
36611 1889
28578 2394
98977 3891
54553 5200
26088 6932
60100 8778
48567 658
77018 953
92736 2642
91299 9369
53196 8185
55806 6777
23429 5267
52529 8955
19594 309
22198 7279
89673 2556
6446 775
22326 5001
38284 998
66128 8413
65422 8383
79335 4694
87335 2440
48160 8422
22958 4986
91762 1355
92973 8763
67717 1542
11851 1853
75483 3663
76218 400
1174 5155
86507 9016
76365 9852
88264 4791
23173 2492
73538 38
28829 8860
7281 872
55857 6988
78342 6591
25353 3971
95512 7666
49518 3070
13084 7362
74113 1352
6507 9301
4668 1639
31490 9365
34155 1033
39876 6105
6142 3680
92539 3413
90637 4970
11957 6171
62761 2845
26815 6650
94315 4466
13887 2327
46040 184
1536 6970
32622 153
11791 4394
50110 7290
34674 9632
95736 4265
74296 4549
4314 1878
53199 6834
99356 4950
57794 5156
88157 8469
82934 961
23287 8824
75359 3172
40141 5678
22182 3246
33991 2762
10051 324
9955 4101
68365 1076
35625 2043
23920 2660
25845 6290
51239 3470
74977 1552
20020 5384
26344 3134
61957 9305
32476 5982
68012 3667
46913 8968
61730 193
56869 903
65003 8132
49208 3175
5217 9719
92378 1184
57473 5488
38958 4574
76126 5063
66798 3934
93419 2497
48154 3142
75475 1727
25394 6981
85949 3486
50031 2306
69560 4030
52161 6899
6425 4563
84281 7720
18903 1642
73481 3011
27584 2727
34141 8790
42724 3709
32558 939
10432 2494
24221 711
77691 5906
29392 9614
38271 3639
27668 9422
2672 7830
58744 6181
13900 9096
37089 3025
52387 9155
58233 570
55711 9970
31 2374
9664 8434
67280 2588
29650 95
22352 1500
57465 7340
87331 1743
47516 2087
19916 1350
43882 187
75635 5012
54388 4134
23288 2723
39644 6774
86743 1520
90245 5355
10140 3125
52064 6260
36354 7419
85270 1713
5405 8706
26800 2734
54820 2735
40436 4316
40854 1088
2451 670
74803 6488
45563 6838
63611 8090
95961 5206
96912 6705
69830 2558
18817 3404
822 1893
3606 1523
46580 2444
61529 5362
34448 3379
64046 2701
23788 4883
75552 4900
21387 2590
99427 354
64795 6949
68507 3037
46093 7108
79665 5418
88821 5922
54167 8481
86355 5995
8438 4124
99485 2934
6313 6318
19018 3932
25166 6710
91609 9157
1746 7070
67423 2996
96296 1172
80560 8570
25677 4802
46572 6653
58926 5341
20173 1744
74090 3092
3567 6528
55813 8879
85197 3051
53334 2125
65187 4214
63371 8500
95569 6795
86142 5116
82640 9343
44264 2438
63591 3199
6203 9940
91632 6514
78258 5129
94572 1805
34684 2347
51226 8139
17541 496
68973 6422
40635 7227
65726 4159
90953 357
85473 7646
73340 3447
75884 8112
47662 7604
87543 5826
82340 217
35345 9175
7331 597
29295 6268
60758 2014
48861 520
33293 4651
81877 7833
51991 280
10636 3954
41599 9296
52742 6108
80571 4938
32541 4977
802 4585
14801 84
15610 9493
76441 6497
12764 2940
81305 5736
2607 9874
84524 165
64350 2252
42531 2752
46705 6340
91987 3166
65626 8303
19592 1080
22408 2548
7132 8485
4920 9562
39054 1932
88428 529
59820 5495
37582 7544
23769 1124
87640 188
92439 4644
7395 1989
84681 1321
4487 4099
58753 3019
54099 6464
49011 4696
63180 6506
16067 6143
94426 8099
4979 1473
86967 2854
16749 4798
22273 4548
81087 517
65160 9913
61901 9878
41198 2554
43004 2933
55952 2036
48499 8108
29155 50
2907 3862
70004 2335
76785 5326
6798 4429
63634 1764
46561 116
51015 382
20898 5186
95098 2101
38330 2409
91314 3350
52635 5880
57915 4317
68776 8586
34987 2766
36627 7931
6617 7893
89570 6630
87410 9753
81516 6367
22834 7396
47777 4429
29614 3848
22301 5027
3787 1063
30764 630
56509 5101
29417 3398
91983 776
53541 4545
28827 3321
97566 6519
29500 1795
51547 7135
99854 6909
84304 3063
93843 2687
96535 8433
49811 9808
80870 8835
95816 3597
48697 7985
11383 2325
99452 4466
25362 9717
63038 9344
75862 4188
5982 603
64089 5361
38621 3880
23294 3942
86629 2925
87709 7136
56943 3163
1997 3871
7467 4164
98501 7812
66488 2516
83333 6235
45951 2291
51634 8694
62881 5340
2294 7495
32855 5214
75445 6383
30324 1476
10752 8739
15874 6952
16466 4812
68682 9169
59684 4814
48978 2500
65015 4536
770 5465
14108 8347
73392 3073
88412 5741
9588 2624
37837 7058
73440 8794
46621 3282
28372 115
53419 7372
88535 597
49765 9884
4698 3568
66068 5801
336 3675
85491 7434
12133 7458
80530 5950
81691 5524
38148 5293
92350 7630
66423 2336
21969 2141
2256 3044
86767 340
10937 2026
58261 1654
65221 7053
19205 2958
32984 1288
78722 9541
36998 4827
67128 7206
92729 3879
19171 5170
72799 7228
39564 1521
93661 9222
68617 7884
28224 2268
84293 5383
47036 5512
32564 2554
21863 8609
59896 1769
87661 1199
22377 4969
62174 1010
74888 9504
54674 1255
18482 4058
21930 3824
83045 4397
52281 1943
44210 8013
39748 6856
52367 4855
3760 3135
31743 1282
69402 1974
13172 1639
62959 3414
14423 1900
57756 1485
29091 5662
16072 8781
72604 3924
38321 8001
69943 2001
40013 6953
3808 505
75359 9760
82895 2526
90159 9118
21091 4637
22627 9561
32974 615
18866 1938
43422 3749
69410 6621
5401 8864
52787 1833
39834 8005
66357 7459
14411 6128
56632 6369
86129 4570
23447 8342
27459 5375
11 3606
73166 4902
31868 8990
40927 2491
86239 733
43706 700
89563 2001
73833 5458
43462 2349
49808 18
72498 6170
32539 570
15140 9129
77471 5019
20393 8586
68543 1281
2534 6755
75744 1708
80551 4401
1486 3022
33721 6789
55141 5191
10648 9635
81984 5326
91695 462
96631 8143
45064 4192
93321 5521
80539 6555
31493 7143
8423 931
37686 35
58095 7309
61709 9781
62803 8645
21785 9546
41088 6523
36158 6926
38603 1736
38549 4493
98987 297
10841 1531
97052 4050
36957 513
7655 7590
94873 8449
68483 2429
76089 2558
62338 6577
65221 7798
33695 5140
38015 7006
80283 4783
42870 524
25016 5237
81885 1418
49300 354
755 2725
13237 6351
40293 7711
6159 7243
86024 5165
67722 4642
17570 2112
16261 6411
87903 2791
86148 9956
41090 5917
16440 2782
18018 3959
65376 7807
14512 9902
8979 4675
77378 5266
52977 8567
92162 7670
52834 9135
50128 4537