1 1
1 2
1 3
1 4
1 5
5 5
1 10
1 20
1 100
1 999999
100 200
201 210
900 1000
877 918
655 1044
2494 2700
325 3419
403 2642
1062 4431
5590 6613
3222 5453
6915 8185
793 2189
9847 10942
1109 11908
165 1024
7356 12699
3138 8757
9164 11939
9124 14779
8114 17786
9206 15849
19289 19400
14138 19759
17802 21558
8995 9665
22076 23138
23952 24693
22407 24373
8882 26880
7730 8650
17077 22348
24699 27207
7525 23064
5582 18342
28035 32298
7620 18673
6840 10070
554 17736
20613 21383
7059 27883
2734 6931
11223 18435
6708 26438
9837 34677
7498 10997
23343 40460
38006 44826
34495 39363
36258 44772
42885 47741
28126 42968
41239 47314
41120 49794
37649 42522
24503 42931
3342 16191
18547 51295
43275 48130
52547 53991
57198 57755
33680 57181
31325 31688
20936 40341
22921 56194
51251 61865
39840 43849
665 16635
12048 34001
48226 54203
48518 57349
15757 41079
68670 69394
20129 25388
44911 56825
70409 71634
18426 26963
1003 72945
22479 47513
20924 26341
59486 75231
56560 73926
30905 49832
59758 71957
7714 50270
17650 58032
36769 59585
2797 55739
49063 54505
55384 78510
26307 77160
77436 83429
51587 59596
85836 90987
54083 78491
11820 13321
80936 85836
85600 91793
47957 53582
78498 83847
71047 81377
92255 98901
41907 99377
9608 21986
82035 84699
82297 86604
62490 93663
104427 104896
65877 99093
61497 62206
13376 13949
31234 95861
11697 90667
10858 17980
86545 101839
72029 90503
46857 74217
65760 109997
72041 104936
115439 116226
77065 84421
95770 108795
19822 46195
13633 53614
36812 43418
120364 121369
16447 69965
37558 83104
38854 57100
41477 62637
105274 107979
125520 128555
7804 127077
66755 85453
5637 24813
10332 56163
94728 131122
42956 46649
121557 129392
113844 118894
56013 102688
117873 123811
66492 113426
101340 130246
97341 128754
3230 76635
21504 93062
95002 98948
57663 102175
27904 52604
24930 144228
17411 70107
85094 97051
39372 79899
93839 127534
125277 146639
55211 152347
152424 153583
5513 70438
114402 118008
41582 74118
104469 116422
99734 157912
73747 160560
35582 70881
158401 158721
88239 100608
45875 81435
32531 95127
99688 111434
96815 125173
81223 141189
129820 160060
131082 159467
48116 140348
88539 154598
135468 163221
41489 168940
29833 169905
126303 152063
18239 106593
4631 108492
103516 138214
117867 145543
164105 169137
48769 137720
39225 95343
94299 152095
14345 34668
41731 178128
6217 31251
141864 162693
50984 52209
101239 104034
150293 170778
187936 192980
26598 112569
156714 168592
101778 145209
28513 117483
29488 197186
181156 189426
134627 168201
136464 164516
41540 53567
95138 108625
68170 116732
150146 195314
707 205739
186323 202966
95631 197702
170884 205145
170179 174319
195695 204744
44883 99813
173192 191883
32842 90698
129789 192353
87507 209630
40146 116307
118153 149155
57508 206731
158638 177980
51830 204487
84743 190932
200049 214110
196765 198463
73955 144774
127235 204362
227605 227825
222562 227449
100194 140381
32850 149435
212579 213560
166941 204936
233461 233864
105362 215561
138417 210486
31328 193871
115050 191571
90753 98572
166798 186788
154385 173915
203814 233176
190108 235923
110443 145274
59568 73701
222427 223947
243972 246630
101480 167145
116436 142097
50359 64473
15262 42527
226502 226840
142728 164952
127014 242465
85004 112448
115999 156470
59269 84209
137361 195792
120584 170868
108400 163753
214793 247087
242923 260936
23538 99359
150383 158697
215344 258999
238124 246035
149872 222282
155549 263340
161179 219186
176434 240497
121727 167418
98924 214277
240951 243432
82374 102851
204442 244078
17040 30595
6954 164720
23705 105349
126719 238003
109818 262408
46832 114894
90023 174771
159568 167740
203008 223179
118488 167482
206282 273957
236228 274766
175212 215195
95196 268379
192066 253728
22065 44509
32225 207821
90775 224381
184215 262261
157020 203633
107262 218560
155327 158298
270260 296896
218562 272596
34347 187058
233063 244828
53265 170348
166540 182510
229174 251950
283121 284894
5726 283384
51 61300
55910 115868
46235 109180
10025 155407
159511 172919
146163 292710
233277 300599
20086 40599
166043 280741
203241 273386
216768 281770
265101 273143
124040 212315
3045 61146
87868 228423
187700 312271
303427 319236
262450 290812
91087 224561
18621 117964
225466 305142
264141 275494
213559 287029
219286 305989
161365 329184
69413 180406
39738 143661
161442 252966
85142 114845
93292 254530
101962 117596
122634 301128
207954 236526
111404 217833
29263 246221
46344 160113
331514 336079
145177 240089
290416 313503
81029 206970
197695 345257
84619 136972
271309 313073
45915 108302
184604 239467
181462 211495
36551 91233
45309 67594
292884 325725
27251 128101
159795 334315
175581 325329
84784 168702
78736 275032
321925 344265
77686 122312
203559 325868
355405 356964
207071 322209
242321 318654
303880 366975
98595 338069
77584 340792
187289 242107
3673 155267
364968 371981
119487 170963
193131 263564
317659 363744
182176 287648
266984 334798
187557 317478
296520 300234
26764 105920
318987 379817
228620 374860
364573 375207
244004 340749
31471 337031
100977 368796
274186 304269
138965 385240
95846 318860
196649 220737
328315 350520
106442 246045
221039 389151
191195 361077
394665 394699
301856 356845
120397 201828
176873 316107
369043 371574
297479 388347
288874 296068
197010 369052
193106 386160
364438 399086
188424 306151
75514 237180
387264 395468
111391 358105
46307 192666
17215 405239
131546 250621
234977 278651
288899 388755
211265 289447
309783 340149
7808 157058
55904 274435
360070 372882
111147 221805
270019 288723
288299 407188
203015 306723
310841 415277
333867 377321
292345 313274
224472 356811
405858 410338
342186 353243
67356 357099
149052 393644
22547 194848
46798 136870
274031 339641
176166 191168
20081 281686
313454 371054
281070 373959
332944 343623
25228 134675
278411 372305
360949 418223
144817 208600
323390 388226
162917 361898
262159 353606
428238 439399
17181 366150
152863 422047
234609 381397
222743 376119
415919 425374
27422 123759
3019 74174
186253 410940
277881 407205
317525 358733
419252 434703
206990 332522
436403 443968
253741 393412
392580 398091
165621 385275
53720 329436
371679 431085
99218 134684
235371 447048
32972 308397
28830 37833
461864 466179
325294 386015
72452 73020
27280 419344
302867 451163
110699 278394
314882 449044
414184 473159
454123 463241
397929 413882
205994 433630
261876 469008
280382 309621
68053 273426
479745 481659
202049 300061
25319 340187
56706 266517
35516 285263
168180 371683
288610 482399
219005 377764
266023 464354
455659 461122
70347 389584
94694 293744
351900 418222
146258 248749
97522 229880
8341 228213
403548 418735
414580 478079
419087 494325
357343 441122
183625 253148
299338 503687
25754 294849
16432 116329
195884 341291
454627 487566
10736 445577
295926 456488
79596 286160
97623 335485
361848 384613
305089 412042
422060 460269
272968 368051
99307 401146
256454 298933
318538 429094
211872 376796
509839 514384
170773 327279
231748 431864
110307 178556
305778 313025
480472 499870
128122 363528
164196 259902
497413 504975
3071 44249
333658 377167
302972 338717
290054 525656
22602 254138
403922 515695
535588 535609
73779 225586
35836 169431
400465 483896
131715 375258
422081 477304
250969 512947
173988 410533
42878 249893
23154 204451
539226 539732
141692 173822
392482 507274
326328 335716
122042 160616
88559 188872
49363 304126
500343 517613
462570 469838
479695 480298
59404 174657
393178 429365
512036 530982
19891 298401
115919 123929
425215 516557
268562 374349
159047 370347
238005 402022
485128 509527
484977 506134
48029 160799
194731 336956
66891 164093
385885 468579
154291 354332
465420 505901
152662 374886
528339 540421
84723 272198
443303 557842
252107 437250
68198 275644
433261 548217
53233 55271
231955 257907
107781 133277
447254 480648
390061 435559
343166 348870
213437 416401
184587 555343
310279 580869
215665 583138
499507 589079
450581 493441
79679 473520
127379 234785
66547 356198
260136 522476
484733 526254
260695 261140
267780 462641
366027 593556
27447 512536
163139 548987
362003 423924
575445 588822
317327 427804
159252 500482
41203 403184
255348 309630
146874 217617
138463 259463
73071 452230
466905 472220
65043 489059
294672 375215
65254 595583
97664 139541
91245 307485
87290 483248
20881 92016
3882 252753
268550 497636
473747 552632
8672 428352
32988 566538
122527 446222
543671 612474
481404 596904
237108 372379
206881 442788
617623 618606
382831 461370
283540 509796
137795 501857
50676 489896
405270 578140
46589 543713
269397 361617
220926 448981
512137 614187
487671 540729
87719 353320
498615 608998
52622 516499
442922 485833
347855 367565
362342 425859
466185 510313
548115 640497
218065 235769
625360 645087
419054 602664
623860 633723
522639 636833
517224 647824
264701 484470
451792 608516
90941 189061
626895 653974
191835 434590
350419 451595
342067 491785
516730 541224
632349 660496
255936 473838
536989 573710
609454 616054
475599 562718
330199 422071
298100 622676
589718 660870
627023 640555
207926 272143
342270 387484
360529 550288
606696 632964
7149 95340
261766 429263
300368 500003
125076 382900
85882 163560
433305 651041
175814 346368
178002 254121
494846 622952
628789 673223
271608 644381
561075 625012
541130 684407
128413 280270
280155 494224
583663 645498
554224 564310
449887 592512
241545 385054
414601 472207
635382 651660
92115 505046
400163 616865
286561 480487
537572 548647
158574 515322
21516 358841
12771 391968
478050 545434
88009 581816
667645 686607
319214 428306
671102 680548
529166 627536
12066 324433
503779 605155
48026 171037
90348 273265
308716 311665
440550 678938
403612 677864
530173 555983
100477 154849
420478 491014
165129 709429
430086 656446
364160 642332
169996 631830
60754 460965
338614 479010
354282 402524
204972 255400
43641 611376
34849 175247
401582 662474
189350 410794
716876 720651
194027 516559
339819 690689
650586 728472
338993 722350
688075 697480
392676 412035
645119 702390
255938 688070
280603 311033
270832 313256
532881 733671
269600 642131
409534 561022
515483 591539
489729 610323
49407 53127
629769 665580
588613 711356
352527 571333
578379 652239
165463 278935
133378 597909
489839 494685
205021 443497
60889 64216
212074 702573
54030 437575
193854 285168
683209 722756
651449 760433
742400 744808
422046 492644
714787 727638
438877 607215
133970 745829
135621 687058
529017 658278
257721 556356
678020 755834
675002 740777
646299 673825
90032 677441
132104 192902
294245 742155
22575 556444
297956 518788
700255 764719
178498 336288
666366 675119
206709 344492
72984 144099
693123 740974
119682 731454
341561 445753
473290 593426
125316 478573
279345 332118
612270 701381
67587 447796
442466 637764
273562 618670
454490 465637
633129 714304
166859 310401
405716 527289
224184 308452
419252 612575
37406 531832
94207 466930
67341 578456
524883 797903
374438 445224
405357 612090
67381 486352
248928 399592
618459 714361
280622 737179
334307 435032
532642 626322
611951 772655
429439 580317
187762 570095
125147 256485
163330 691984
334488 405007
633204 763579
241032 760138
249304 635693
375407 385709
205686 815481
775237 796638
37825 775637
688798 717496
658315 771725
697354 797996
663150 702246
600754 818471
784189 805304
49433 336452
114959 633738
158894 454963
639997 713690
396862 664525
424668 545085
671690 718266
183604 474060
526203 731469
215140 836113
799617 801284
387146 746611
786074 799220
373117 544814
115561 329608
390785 583135
557530 558286
18268 776921
289612 319937
692703 780700
68270 229501
794095 830046
148077 614182
585889 674840
385832 735173
658986 680921
287836 854220
303772 435518
272780 409902
105794 711314
170253 277628
223041 589819
688028 833929
177208 823200
283279 753198
721818 756293
190635 777205
364510 849685
508316 666919
48697 465746
674780 687175
860301 861776
673519 805859
689583 784333
758667 805847
407346 760014
847309 861703
870056 873009
693400 818816
137681 292766
14528 239907
264229 783376
555116 833835
18581 605912
584491 859118
432932 741139
865018 869763
178944 267297
325659 562182
545893 699445
674258 690485
286951 857469
533330 798697
370961 520084
798623 819027
550410 609004
344494 661947
716020 739210
757731 775567
306395 657694
632935 737667
871549 878736
825913 840441
773843 871625
364374 382456
402602 815134
612328 632977
694255 772190
131560 333056
729741 794687
867211 880411
476040 489505
110143 202416
599667 695535
709365 821882
223152 879908
842742 914122
701606 900435
485196 595925
910579 914461
370889 864498
495258 852713
881735 888118
161580 536427
284082 595273
25183 395506
286825 762673
40998 916157
211987 487244
520899 801156
554432 922108
480357 865887
117106 761367
113181 471864
421116 929968
351576 930317
688293 854299
704575 708605
438347 572985
114028 149397
2180 13831
922074 940152
936787 940416
580031 833953
122442 671444
188479 820095
364334 655184
488400 625640
690151 855240
569094 734123
635693 649999
876624 925666
458504 493047
176719 400552
561058 728059
66985 738594
165310 367230
861597 913883
797484 833260
901224 912686
50910 131085
46504 840965
731243 790207
97037 378926
164837 234238
542013 772512
347802 568807
307221 773306
806189 828382
371215 819204
765039 965848
860190 952979
32612 189839
23799 829623
258119 514940
10727 601457
750078 872138
626627 642916
350488 611400
679067 945001
390796 633944
301560 792591
141069 251179
252962 770390
746425 753177
841562 851802
222729 834076
54166 872818
510892 839417
708143 778912
411692 749054
534041 809226
757454 781370
822443 909224
30685 796192
9621 367395
485294 755593
479136 901715
604315 888518
197326 453252
245627 493939
