3610 3600
10133 10123
13402 13392
17357 17367
1283 1273
3668 3658
55770 55760
3244 3234
79361 79351
1885 1895
77830 77840
26607 26597
35175 35165
106781 106771
45775 45765
3882 3892
57093 57103
134516 134526
50563 50553
89236 89226
166510 166520
147933 147923
229864 229854
120677 120667
97036 97026
4059 4049
9155 9145
8737 8727
180943 180953
88938 88948
17527 17517
171094 171104
47763 47773
136486 136496
160372 160382
344688 344698
123291 123281
161473 161463
355730 355720
354605 354595
166272 166282
223485 223475
357905 357895
98931 98941
319090 319080
129154 129144
88535 88525
331457 331467
106672 106662
67182 67192
79668 79658
286322 286312
235847 235837
480323 480333
189170 189180
396062 396072
519675 519685
408105 408095
577266 577276
378233 378243
504980 504970
9921 9931
92319 92309
69415 69405
458465 458455
395661 395671
135353 135343
355544 355534
4801 4791
541672 541682
522869 522879
105838 105848
148383 148393
20271 20281
404425 404435
317500 317510
515732 515742
611431 611421
434030 434020
765137 765147
41849 41859
30658 30668
593598 593608
6720 6730
91266 91256
118332 118322
294190 294200
254641 254651
509582 509572
404800 404810
340788 340778
779730 779740
700177 700167
92877 92887
63833 63843
951093 951103
11147 11157
452916 452926
940885 940875
297542 297552
2551 2541
19466 19456
15516 15526
17311 17301
40233 40223
37227 37217
62479 62489
77484 77494
57367 57377
21752 21762
29955 29965
98880 98870
3890 3900
28912 28922
117703 117713
47441 47431
39824 39834
134076 134066
10083 10073
48589 48579
47468 47458
74271 74261
193826 193816
214135 214125
55021 55031
53705 53695
79949 79939
188450 188460
259427 259417
128061 128051
124894 124884
209348 209338
162822 162832
181488 181478
180553 180543
338317 338307
267803 267813
344694 344684
213692 213682
177361 177371
384386 384396
128548 128558
84935 84945
339992 339982
253921 253931
230736 230746
144774 144784
321189 321179
153540 153550
376405 376415
177512 177502
6851 6861
16611 16621
248414 248404
476569 476559
300204 300214
74724 74734
77355 77345
525275 525285
293205 293195
426916 426906
532578 532568
557376 557386
348162 348152
31002 30992
180414 180424
531743 531753
114444 114434
488642 488652
255319 255309
563352 563342
129794 129784
622704 622694
198355 198345
339757 339767
13856 13846
110193 110203
161840 161830
64760 64750
484939 484949
562379 562389
444216 444206
114786 114776
374298 374288
24868 24858
642511 642521
34749 34739
567692 567702
280558 280568
197843 197853
409764 409754
524628 524638
430763 430773
684252 684262
269260 269270
30629 30639
566161 566151
310778 310768
248408 248418
537964 537974
3485 3475
8550 8540
13126 13136
33204 33214
37994 38004
16229 16239
54581 54571
61832 61822
42523 42533
85804 85794
82867 82877
1221 1211
26833 26843
22686 22676
33019 33029
9846 9836
167017 167027
32076 32086
137142 137132
139997 139987
185077 185067
60013 60023
46217 46227
44586 44576
234722 234732
163478 163468
14322 14332
241931 241941
279597 279587
76664 76654
177015 177025
161941 161951
272108 272118
104826 104816
285 275
152879 152869
68407 68397
46186 46196
252984 252974
245 235
97358 97348
351610 351600
154729 154739
206098 206108
373216 373206
427357 427367
409389 409379
221366 221376
420355 420345
332470 332480
460098 460088
304344 304334
323170 323180
506716 506706
257047 257037
556403 556413
146018 146028
310711 310721
341419 341409
21424 21434
108582 108592
277006 276996
555078 555088
461702 461692
238445 238435
576708 576718
147668 147678
497017 497027
135540 135550
310370 310360
42063 42073
196306 196316
572011 572021
100777 100787
418628 418618
708703 708713
761546 761556
680175 680185
715022 715032
575369 575379
714016 714006
475995 475985
683067 683057
226012 226022
128583 128593
401290 401300
176465 176455
742184 742174
176538 176548
799124 799134
450382 450392
803864 803854
826690 826680
718409 718399
896785 896775
91873 91863
945238 945248
789304 789314
678775 678785
605641 605631
5014 5114
18088 17988
15634 15734
20319 20419
12870 12770
3253 3153
62389 62289
49946 50046
4527 4427
43191 43091
87355 87455
114841 114941
30082 29982
132874 132774
74322 74422
65208 65108
159710 159610
6485 6385
157608 157708
103819 103719
173868 173768
105785 105885
107313 107213
54004 54104
243182 243282
136079 135979
66183 66083
246788 246888
246702 246602
106297 106197
53769 53669
152561 152661
101090 101190
13891 13791
346950 346850
151388 151288
122840 122940
299782 299682
180790 180890
24662 24762
137008 136908
337760 337660
206348 206248
386081 385981
288471 288371
195025 195125
65186 65086
371456 371356
22781 22681
10481 10581
398905 398805
324243 324343
202626 202526
223024 223124
160778 160678
403679 403779
9508 9608
54639 54739
425278 425178
183381 183481
194319 194419
541877 541977
230934 230834
68353 68453
27209 27109
327407 327507
53200 53100
70012 69912
220985 220885
206225 206125
516871 516771
621339 621439
235785 235685
736297 736197
639649 639549
471091 471191
79020 78920
56545 56445
704268 704368
483909 483809
326934 326834
440707 440807
670704 670604
798400 798500
816430 816330
714166 714066
504244 504144
149822 149922
418688 418788
282806 282906
20208 20308
542937 543037
54533 54633
15661 15561
572669 572569
213608 213508
112849 112949
467817 467717
750426 750326
883188 883288
76 176
2151 2051
10041 9941
23378 23278
21035 21135
8444 8344
47609 47509
42121 42221
22998 22898
12638 12538
86497 86397
79033 78933
89009 88909
66009 66109
2233 2133
145056 144956
17067 16967
98131 98231
4828 4928
184659 184759
161266 161366
134086 134186
25595 25695
14372 14272
84516 84416
259135 259035
37615 37515
209633 209533
202085 201985
224605 224505
279388 279488
151421 151521
6538 6438
49955 49855
232749 232649
136162 136262
92428 92328
343252 343352
276671 276771
71883 71783
123146 123246
52446 52346
384770 384670
277037 277137
70493 70593
181568 181668
322127 322227
429241 429341
291714 291614
320268 320368
372102 372002
343966 343866
508621 508521
447992 448092
30834 30734
68177 68077
286645 286745
577990 578090
523803 523903
562268 562168
88147 88047
321266 321166
561914 562014
25024 24924
433789 433889
125029 124929
660115 660015
237965 238065
32410 32310
44047 44147
623273 623373
565600 565700
292788 292888
5951 5851
572608 572508
471679 471779
159248 159348
332722 332622
382359 382259
612607 612507
357376 357476
347792 347692
331695 331595
63204 63304
292982 292882
141492 141392
590640 590740
277091 276991
602538 602638
280205 280305
157625 157525
826686 826586
243004 242904
922181 922281
512378 512278
378436 378536
281377 281477
511971 511871
727516 727416
57808 57708
9573 9673
11938 12038
335 235
36834 36934
12270 12370
54880 54980
53458 53358
75920 76020
44525 44425
45139 45239
35132 35232
45970 45870
54388 54488
85484 85384
7409 7509
5081 5181
169038 168938
52654 52754
106643 106743
66613 66713
25169 25269
37291 37391
173973 173873
208208 208108
152323 152423
220512 220412
123274 123174
149163 149263
169794 169894
250478 250378
134823 134923
254806 254906
71983 71883
67069 66969
319648 319748
197039 197139
242889 242989
239069 238969
339413 339513
247210 247110
165311 165211
408141 408241
182496 182396
173898 173798
413483 413383
216507 216407
144874 144974
93389 93289
30708 30608
392635 392535
203027 203127
41183 41083
494157 494257
463806 463906
37177 37077
194404 194504
491791 491691
27427 27327
193917 193817
458061 457961
332928 332828
381318 381418
469955 470055
206012 206112
410934 411034
254707 254607
454409 454509
321792 321892
639574 639674
633345 633245
386308 386208
461268 461368
319194 319294
6673 6773
373405 373505
468657 468557
31510 31410
205410 205310
111163 111263
514017 513917
779188 779288
724245 724145
72406 72506
730621 730521
405789 405889
61436 61536
338217 338317
687793 687893
103209 103309
100160 100060
876504 876604
150836 150936
569078 568978
70742 70842
79018 78918
82085 81985
175174 175074
711742 711642
497434 497334
568972 569072
8704 7704
3820 4820
10029 9029
39568 38568
21348 20348
4045 3045
3456 2456
47976 46976
45145 44145
19808 20808
27506 28506
92866 91866
123398 124398
52851 51851
92249 91249
42334 43334
55940 56940
52127 53127
103092 102092
100657 99657
157069 156069
164286 165286
43818 42818
29585 30585
140070 141070
10267 9267
161779 162779
30571 29571
112993 113993
121596 122596
177622 176622
173592 174592
264387 263387
235431 236431
212478 213478
30667 31667
111774 110774
271565 272565
370254 369254
360592 361592
194453 193453
237282 236282
206646 205646
291037 292037
363745 362745
135286 136286
274368 273368
440716 439716
51976 52976
265642 266642
78435 77435
296975 297975
218034 217034
403898 404898
37428 36428
244773 245773
498175 497175
51334 50334
148229 149229
386695 387695
459838 458838
541753 542753
161046 160046
430266 431266
92906 93906
134019 133019
28613 29613
252843 251843
251724 250724
460729 461729
252979 251979
536949 537949
230025 229025
680957 681957
353413 352413
109960 110960
46459 47459
154565 153565
650308 649308
779140 778140
431332 430332
41883 42883
436930 435930
219915 220915
600243 601243
29212 30212
272080 271080
471805 472805
814428 813428
402448 403448
511890 510890
511797 512797
83963 82963
894393 893393
24710 25710
144205 145205
754377 753377
115828 114828
177595 176595
9307 8307
4023 5023
27408 26408
9415 8415
30607 31607
30364 31364
61194 60194
38343 39343
84294 85294
38799 37799
54962 53962
84299 85299
20151 19151
31304 30304
115471 116471
157241 156241
34271 33271
38521 39521
70630 69630
184330 185330
156531 155531
160103 159103
164518 165518
132681 133681
229037 230037
153935 152935
163932 164932
206216 207216
163289 162289
110524 109524
229361 228361
109670 110670
167978 168978
8673 7673
258479 257479
208927 207927
20242 21242
224643 223643
352686 353686
122229 123229
46938 45938
368058 367058
83423 84423
263428 262428
319053 320053
82832 81832
24059 25059
249987 250987
173955 174955
39263 38263
130595 129595
219227 220227
160487 161487
505953 506953
510258 511258
5182 4182
3954 2954
555762 556762
56361 57361
21364 20364
601684 600684
218471 217471
492371 493371
87785 88785
338888 337888
632964 633964
413251 412251
237488 238488
641770 640770
406477 405477
248889 249889
651039 650039
355742 354742
362069 363069
116086 115086
94162 95162
389074 390074
314678 315678
236447 237447
406667 405667
635895 634895
10490 9490
660998 659998
635051 634051
589665 588665
365562 366562
712972 713972
501493 500493
334402 335402
117113 118113
468690 467690
406117 405117
161184 162184
391276 390276
654503 653503
567217 566217
496237 495237
634331 635331
533997 532997
6990 5990
20515 19515
29248 30248
12297 13297
43387 42387
6321 5321
35211 34211
40488 39488
87328 86328
37207 36207
31064 30064
68081 69081
59492 60492
128250 129250
72043 73043
146657 147657
70518 71518
175111 176111
186424 185424
158207 159207
63015 64015
54215 55215
137561 136561
181473 182473
240139 239139
89464 90464
112602 111602
173779 174779
167027 166027
169224 168224
128770 129770
227158 228158
189831 188831
329891 328891
330257 329257
336497 335497
61490 60490
338677 339677
99325 100325
120925 119925
175456 176456
86006 85006
357514 358514
221444 222444
168899 167899
14942 15942
273758 272758
436297 437297
424678 425678
15498 16498
497967 498967
70001 69001
378704 379704
202095 201095
167891 166891
268318 267318
197750 196750
9096 10096
98969 99969
164518 165518
55292 56292
329844 330844
625416 624416
230496 231496
315805 314805
272243 271243
19810 20810
638443 639443
181101 180101
519575 518575
370701 369701
475753 476753
135637 136637
101360 100360
307990 308990
314987 313987
388982 389982
269785 270785
204604 203604
178598 177598
20685 21685
452366 451366
761257 760257
609395 610395
626147 625147
215739 214739
496878 495878
121558 120558
153499 152499
278434 277434
430807 431807
390684 391684
709318 710318
447585 446585
687526 688526
793079 794079
79601 80601
268346 267346
608882 609882
105 10105
6660 16660
19294 29294
9082 19082
31894 41894
8692 18692
6674 16674
2028 12028
79940 89940
54727 64727
61930 71930
96211 106211
1771 11771
98616 108616
27216 37216
9807 19807
96006 106006
46914 56914
12153 22153
120280 130280
33372 43372
122953 132953
120535 130535
18789 28789
114937 124937
189551 199551
64931 74931
94956 104956
15682 25682
46636 56636
309232 319232
118679 128679
275599 285599
307513 317513
263753 273753
245045 255045
49062 59062
82009 92009
333556 343556
270297 280297
49659 59659
307349 317349
84040 94040
97243 107243
315614 325614
103215 113215
41944 51944
139712 149712
115972 125972
16891 26891
133790 143790
26053 36053
347763 357763
453080 463080
393353 403353
471533 481533
503152 513152
434653 444653
187 10187
557255 567255
403669 413669
424625 434625
263786 273786
252932 262932
229287 239287
562585 572585
47652 57652
476208 486208
417534 427534
103649 113649
245045 255045
224863 234863
455346 465346
9101 19101
676212 686212
629486 639486
147746 157746
736645 746645
417102 427102
84743 94743
133305 143305
333680 343680
502230 512230
501837 511837
154727 164727
123382 133382
703140 713140
26649 36649
787096 797096
689167 699167
408450 418450
897530 907530
589420 599420
386654 396654
508043 518043
6798 106798
17414 117414
15931 115931
23400 123400
35933 135933
30893 130893
62772 162772
62812 162812
38917 138917
14264 114264
41120 141120
158 100158
46748 146748
76804 176804
111898 211898
73626 173626
5657 105657
129131 229131
99377 199377
190466 290466
88869 188869
150240 250240
67341 167341
79450 179450
13328 113328
119795 219795
220050 320050
6786 106786
130984 230984
262773 362773
236284 336284
247684 347684
5682 105682
8999 108999
112760 212760
142860 242860
214159 314159
189515 289515
199188 299188
307936 407936
139446 239446
48892 148892
204999 304999
23540 123540
294398 394398
75103 175103
23765 123765
264814 364814
166941 266941
63422 163422
16342 116342
514742 614742
528469 628469
512005 612005
423885 523885
452202 552202
413515 513515
351207 451207
240341 340341
312377 412377
581657 681657
439604 539604
57944 157944
391716 491716
254197 354197
557664 657664
124849 224849
222257 322257
116062 216062
146528 246528
468017 568017
241977 341977
295320 395320
430842 530842
581642 681642
25577 125577
394460 494460
328668 428668
660196 760196
338123 438123
163377 263377
27268 127268
42919 142919
741917 841917
461138 561138
479257 579257
46308 146308
606911 706911
72591 172591
789477 889477
