764452 376658
214992 390338
668888 474955
349307 885912
416526 156307
699564 267471
770954 78019
752003 546211
116381 137146
930190 956843
225044 669132
936486 31672
206203 706155
636706 567380
486281 775205
125623 949126
514198 541198
39786 603979
426544 717316
267824 997825
936083 641620
913985 265507
349853 750289
578089 558299
498765 969321
222334 58361
456416 266549
839865 843632
252542 427756
141241 686341
934089 673397
628845 963573
229805 668848
35011 529773
401242 952991
126505 336722
874313 652206
428891 655768
33377 565155
91319 218430
286713 652143
621664 220210
579119 97801
425702 441437
578499 425373
215839 638149
170400 978604
160105 885893
226856 636525
94781 80800
298275 839819
485819 400375
205477 757412
832441 881812
283850 885370
982317 998729
783486 169803
12396 102895
748433 459355
996751 997200
568268 168528
409885 322034
25847 669967
409756 364907
294594 929575
961620 241536
418280 304131
158879 923589
775787 852798
937961 549462
318349 884372
213115 337167
115120 438568
676976 741236
481359 958213
331804 813630
78992 594974
856737 581101
123236 69937
206849 373405
795987 140246
984361 149811
157983 726968
21673 511532
305097 156879
948873 898114
190517 794933
142772 685393
319396 673637
534585 315286
43347 3283
481023 969820
641481 113049
281654 188715
688342 50261
135931 25048
374272 348773
693134 1347
247353 816745
293408 558792
126554 687094
823670 843056
508632 255875
556645 29958
146119 220803
559155 928005
932365 519383
380453 525547
155243 722977
530353 181735
283774 175788
900215 820366
426012 384537
223414 255051
953141 908191
707417 707311
883311 79172
813086 826039
54362 503159
161110 914197
844791 908623
331178 238762
514580 349973
791507 622371
481204 904358
708369 966183
734587 19251
756824 806340
126523 752869
859287 475525
41136 254660
371779 420507
273712 702874
438764 166998
893878 722490
433798 982498
813688 107163
146830 669417
551431 724375
348017 79213
177725 458129
922178 974470
887057 54453
872113 693964
844646 929764
481304 580641
835107 947319
257228 332066
10122 725335
130031 304619
511300 546775
473335 932851
859962 160440
3698 229332
354421 500894
345435 355643
340458 830442
642371 690883
678954 541596
653074 555553
372903 883589
165218 750064
828472 33231
444444 611255
287497 751335
403283 176900
80414 325824
562175 91770
529612 64268
251392 762128
322262 844635
664804 978244
534016 171689
572147 178797
298630 919077
966983 171682
413962 489819
470868 237224
257133 582047
400481 816078
465890 34815
489045 465368
707181 610079
57740 579140
211998 260533
776368 375808
649827 185748
409924 320230
666108 871365
82488 21918
157914 666602
332141 230802
352139 68423
161629 371044
12763 55739
748847 511202
504765 751786
276925 586345
24246 83067
148430 876451
507065 475253
22499 574597
15341 621965
112357 882915
645521 220424
360136 18871
629058 408798
203985 69906
798782 747207
907129 650097
893911 736260
543149 490294
317784 228066
986961 488885
50021 953316
950467 329108
330009 638854
81242 829446
272897 523437
507484 430104
342699 562567
814799 676065
591361 294323
429274 814574
839984 584747
463245 689895
200964 200016
63271 210755
495201 324796
200798 478504
440816 907173
490112 70188
788869 204660
110691 376048
268562 823308
643342 103735
140194 540055
7036 710977
873633 710979
686232 299265
856386 601019
858003 179178
817306 969211
550644 649337
730040 403287
498162 314326
609620 350786
425980 88419
43343 626928
422907 989648
81743 294368
490710 517803
333870 8704
757842 816905
218288 404995
602742 762945
150726 390373
720031 43294
964411 667365
382003 110190
896928 44974
761742 319969
846323 56913
805446 787181
320124 740594
974568 499980
639952 281222
537761 271546
377490 589140
816194 330176
433132 801324
842055 393436
781816 242709
476565 297220
992686 554773
356899 191638
991777 920109
825922 387782
104475 662810
384606 319915
989122 637431
187836 548467
505706 915665
37019 117912
825214 716137
527168 219970
640791 292240
578476 333824
629291 485576
311328 113231
170047 35127
597229 626816
85925 509324
480189 730499
558175 482104
258810 611649
312669 873970
423286 29520
799066 456249
590500 133470
485017 774135
251226 322098
353257 731470
272115 916838
283780 194791
103655 615920
826982 606736
659267 683791
782439 747775
266088 336875
155715 498933
230426 359123
23165 846754
507771 951858
32641 618030
314070 475730
453664 356433
980858 702495
676656 526241
7022 247776
464005 949834
178326 404511
705810 225016
281374 726866
162936 527830
100772 432115
761361 20953
780350 519135
148548 559444
707859 396252
726903 705050
951457 349730
214136 227627
686481 241125
435116 671360
476383 927422
677403 633889
26385 604821
536391 628368
848532 623003
917640 65616
224966 161641
562430 429505
411667 510735
640624 80751
768240 94894
746237 471828
233230 823315
208784 314010
582920 380162
988013 187326
202986 246766
910467 251320
61546 555228
127180 6532
588814 815149
815264 224710
901612 875723
857309 925322
314459 796232
958454 973348
622479 468830
16419 438997
91253 648145
884962 329463
481146 999987
739361 820959
882751 78008
742850 910736
881840 255678
583365 13224
507609 596228
780951 34381
866450 717508
945130 647497
943398 888819
635394 974643
760566 253440
616556 501654
449217 334816
628050 500761
13193 276974
952804 577155
170344 967395
15608 576416
188270 269992
900706 543587
555639 551637
18120 727518
90013 931700
201528 967897
169102 273644
715315 635723
743869 226486
476983 282612
31786 803837
950509 768785
824792 507985
43862 676642
377345 643378
13565 144076
324515 981678
617786 801919
146748 368848
239929 989214
23261 413910
585722 908206
825650 593767
819130 699756
549988 847454
24795 55440
856806 914262
834476 809295
230656 702094
135564 355945
354306 619445
673370 777256
602573 812927
401501 344672
483437 831516
873970 158507
352511 846134
188112 903023
582689 187720
645506 907781
973881 816269
505346 639029
315110 800958
116951 166691
542359 871869
740526 803814
647291 538055
343655 23561
909803 411159
504980 887841
620297 380018
547916 231825
347359 904383
514213 93217
47291 411252
769935 217102
798743 815921
521947 874
520205 264727
223691 724653
196771 364305
750247 127440
597119 257336
656593 943595
293885 924722
117489 680176
574240 646408
146983 827453
886467 219642
527364 794195
402477 911342
316352 620872
550337 644593
129994 290379
553406 88465
142234 168030
972842 555094
953125 82583
239470 648987
640147 587074
775055 365756
875462 717528
595837 788012
104406 784190
822839 617660
967059 337257
792268 514708
505547 16949
394719 680125
820835 211166
156495 799541
460322 503103
984276 452947
804591 420057
145983 690271
86036 456492
131767 582275
514445 530683
428613 470247
198575 192337
314180 62465
193658 498985
102221 868797
202378 74297
987350 42461
154430 736265
107542 397745
435497 726046
554210 743470
991774 689056
535068 103576
387155 219104
922544 201108
520070 530678
2762 913189
797521 651273
135425 53611
637833 878804
538521 171579
717584 119391
643057 297703
687745 987463
960745 325966
405275 252900
478042 396457
948782 345400
634974 115193
759130 567107
58807 724194
755068 833885
611560 147052
992142 598089
103215 867758
37789 601891
181540 394549
978017 824552
666092 858932
158252 787743
70473 775129
23555 155392
673314 720431
740392 742054
617413 982767
848210 894584
981843 318030
879883 778035
312617 999937
393873 214636
799376 175065
363163 833112
555228 268379
610181 369092
908285 680238
29593 212925
745690 802502
633782 140093
96912 305386
754891 326592
666638 222362
58370 469104
623823 546179
911152 797415
638172 405564
317438 656304
449390 867767
688906 85863
174207 924512
561191 836817
277775 707172
40604 304454
769471 111602
118407 380220
783803 981450
611298 655858
10921 543609
906746 840819
70948 541313
140066 465581
429737 404191
884879 452442
165358 671330
146601 677506
488657 543287
312590 354684
964377 247309
361365 959781
850591 656253
536298 276783
817639 588501
227331 770610
137658 523602
158476 278466
232779 378090
492096 934235
65723 162988
310263 979614
838644 637340
370304 996026
308365 538739
933498 939806
987799 662211
50329 703838
259958 304233
925995 953362
757810 927814
737787 54251
46164 757547
394018 567919
78177 655549
917566 878319
785531 16896
698778 15167
173665 535475
681868 55082
690271 489835
761050 356509
643807 482263
97766 381856
977157 924001
625118 514908
373825 452872
604337 558572
45264 987093
807691 481700
14615 302694
891298 735898
562651 594821
750841 578139
96226 283432
216658 312334
860348 466653
168924 413775
189815 986705
135436 167075
765428 850637
263193 717827
548942 535785
482819 397965
791836 932840
753456 106868
132137 683640
459265 765559
896452 956002
798941 815590
49810 286676
796135 279703
310901 968409
575010 356678
80503 659130
298318 57909
296149 999936
705309 554449
652019 406038
584200 746163
437275 543234
439375 747744
938881 860903
500194 936819
11099 614487
143106 965202
139421 14560
865481 321685
726607 721711
807283 245801
348215 572313
370675 689178
869700 713997
68272 167608
761818 26874
453176 884324
49661 411836
964707 739133
26328 864378
377538 292481
682478 3867
133211 791833
695864 131699
864306 184904
370101 44599
156536 330143
433775 753927
680337 25764
19551 624179
458802 552650
750331 508140
813757 200642
168441 656442
926258 553562
711365 966500
164977 877353
587973 776782
687261 760711
464251 365874
947379 372721
959450 958130
708840 622644
56718 266046
111360 490377
897535 815962
334282 342542
946180 83236
245712 178666
130529 1051
20887 93947
847165 433277
765831 654916
65659 230167
232364 428023
49080 581803
910947 885106
861514 424670
315444 850749
54592 913308
121536 969066
448424 598548
26264 50135
129236 10634
735874 899631
162998 712927
66992 259227
900153 42156
884268 29836
621684 915334
777808 99430
767873 948303
25394 81844
309059 531590
933304 713785
849116 880145
187234 862243
30327 31932
476610 647201
840855 263425
263076 647354
870876 235738
30288 45183
16461 977529
276670 143574
886052 203161
89430 283874
197672 597154
43310 128746
658847 673628
945512 823470
92830 75767
651681 18665
432326 271211
802086 882014
986439 18473
781920 247614
438576 159800
746902 786484
188247 536263
422750 528891
95538 750579
546949 743010
996114 626428
312011 836701
481023 300505
409139 685477
222851 239851
747475 410168
222906 675567
738683 873061
89064 496016
936500 503941
459599 432913
88056 987945
219197 951265
4756 110218
395600 969932
376964 821736
747791 367543
636134 404225
542819 993692
609818 6284
284322 43879
229542 630438
324424 906156
175597 630863
100455 775353
523974 283852
850882 590065
973527 277088
686727 906835
553571 807118
113440 889478
974030 128999
551360 31059
714105 998612
966332 187301
84894 738875
337461 401164
108197 432148
171679 754512
276031 628949
94870 269334
248533 130821
608548 931027
507598 778265
57592 603006
239035 621965
33775 875446
949018 152417
305552 578963
652144 404285
298645 304146
486545 207408
805349 121270
637581 705565
960668 238649
99859 437687
422786 504914
958256 841152
665808 597835
395893 810925
612066 935545
678996 251523
680364 45953
821931 330248
542739 903650
348910 835748
708566 73299
587495 632101
293073 874406
398011 618008
622116 95185
745211 236479
690246 135288
634364 617408
266357 359239
483233 175593
827790 679465
37396 589727
893546 67555
647872 877330
975684 719865
889442 935710
352425 252359
755307 746826
414919 650305
827596 340561
191658 480597
962638 801719
107844 556027
53018 529174
585383 338839
841105 486181
743080 347149
282625 500269
705763 273784
884091 675866
332313 400525
674315 625513
687758 564614
5185 71307
450989 22698
723994 697496
303342 878137
741792 665998
60567 849556
117545 296187
186662 445498
588325 552920
890217 9601
836406 637989
544975 535277
732318 463256
407121 165155
280201 138967
563018 711467
727328 919846
438947 674694
790782 632593
14084 76974
10908 185177
594010 451503
917419 157232
963698 361550
366157 460105
183128 671335
999678 554600
915884 151927
358554 674191
555724 447100
117012 624419
796627 92191
227587 579082
331052 582198
579141 814395
481331 51779
394905 903253
79530 951122
832295 20691
179985 909857
439933 10216
288884 888085
49209 872916
328033 935471
911024 475303
620638 147226
69368 808689
304262 505997
577543 940632
39188 174496
470424 297865
237849 551256
433002 276357
905963 143894
799075 766779
913247 718010
655106 919099
510047 396269
684620 103058
101646 121517
980722 173922
759512 232495
452846 195938
310666 994393
201050 188274
881309 732665
65664 32566
158933 240551
314569 655294
352745 621912
566703 411716
397306 63753
638226 138074
424215 66557
49519 556495
263914 536271
778768 215324
222833 19098
960284 827590
972617 142932
388940 288405
580052 60719
124182 898616
920769 37494
646225 60146
607186 411211
377334 554995
445316 104665
147973 873184
987429 536378
188666 232805
647042 914506
27721 774349
352544 157273
897382 868606
513312 489233
717251 310083
173182 479715
988695 714098
581275 948279
458768 82332
232550 444520
330486 482352
882125 920688
51657 677694
471661 826881
494823 769208
325933 347374
787610 424876
389553 251971
315408 60246
573582 955983
774720 823304
351143 746996
950176 140508
247972 910991
301588 512349
720273 399716
152973 859718
418842 783311
472520 262110
697221 144635
818928 629185
987234 273183
418551 494859
976267 732205
568027 948361
444138 148193
315240 939470
576655 481349
764734 471946
148747 117308
894027 390051
769799 639278
248139 16149
220524 364999
408685 398606
91180 574218
942227 884428
478315 247038
217240 526008
742090 868753
17596 15820
892499 959587
455582 113075
199140 78547
717332 109950
902361 337205
367961 844921
118445 506151
290340 857608
182379 180437
46780 8613
675285 484887
154725 808343
459803 159562
985921 196149
102732 999757
238742 345890
257329 482219
