68521 69782
53090 93005
52949 7870
66488 19753
12575 9774
47178 34584
33134 67962
64677 49672
91055 95887
94378 11161
26580 97543
24252 61328
81121 21214
91160 61358
16243 14112
5617 56658
68171 19780
42146 50539
35761 56361
55702 69438
61082 56188
92628 73917
20417 50563
22603 64240
24458 53150
30780 42558
99787 25992
66916 80514
74397 98906
30782 36449
92980 40792
90403 80394
38121 75315
61856 87605
31143 48406
31322 27528
71463 71104
66919 74904
40640 88470
54534 83019
62035 23558
93359 56092
34091 64799
68248 68309
34607 95649
57150 56174
60170 11852
18001 28553
93993 89376
80282 65121
96837 64813
57232 48842
79494 19818
85259 71612
91431 37192
97554 64320
78668 8162
14117 78245
29769 53543
70589 49041
27001 50734
68204 67419
30201 98727
71949 42118
63754 54777
8727 5845
7261 73839
56748 63512
13023 80485
96740 94375
88339 72677
14723 90520
87826 87577
5119 68604
45564 46409
56841 99787
93741 28398
38696 84440
18771 42808
58982 13425
37391 13325
92583 46595
79268 45202
52064 76547
33835 12984
67375 56695
7794 75023
6704 32320
90630 10539
68738 26462
18832 10591
59289 44317
85141 21060
72602 40152
52217 23512
65042 69788
85355 83752
90945 34222
26691 87850
47449 16147
48273 71525
91896 45906
53817 80929
97154 91742
43654 41195
91627 26159
14445 23425
7174 25775
84668 66313
99292 41159
13617 30123
95034 35882
95736 38388
94958 95331
23608 41485
31197 80765
96610 41014
54291 67581
88494 94904
21861 38892
40486 25162
57451 86182
17444 18290
73017 58130
97682 7657
68448 76541
82614 17365
21349 59863
15199 43585
39925 89755
81369 41824
96325 64930
6172 7166
72100 98689
36182 19225
91624 87450
42036 94320
93362 62014
34436 29249
92693 76361
48934 38985
73728 35390
59019 84738
31106 28253
18662 93891
96156 37772
19380 64624
15023 38809
18196 10366
14455 69512
26473 82635
83895 83934
10593 65369
65236 37723
28752 79442
54254 10399
88810 37826
25185 33086
40137 14602
52183 49564
37735 39978
38585 96079
29619 63445
71845 6518
13464 8281
88871 59295
85910 57811
58162 50697
67631 97118
51646 76316
69340 93233
40499 72815
68328 62329
10432 96342
76866 68995
57962 11678
72899 20310
65109 82518
29919 36174
20667 63193
91666 52223
26791 40660
43456 22559
55082 87680
10373 41547
81593 88834
28425 22097
5302 25266
82882 16998
14563 61981
43531 5233
15849 17974
54440 61578
23705 69539
85994 20289
60378 5808
34524 12265
97873 27765
29696 99776
9372 12920
87086 53598
85989 12197
62903 89269
48680 83677
89734 7183
43816 69472
6474 15223
49528 87204
12129 82865
88274 51430
97213 16879
29335 12729
27654 86093
58041 58210
49809 31158
66441 71795
86154 84728
62884 10800
74497 13139
50624 42190
24266 52317
82991 32215
46389 73555
54981 67128
78656 18578
33258 15283
76128 33416
48551 17041
76197 96630
21265 8704
55284 9646
67777 55034
63873 65211
76442 36862
48657 59385
88664 35849
34967 12901
76620 82573
9421 69332
5238 46882
41818 60118
51980 35718
71750 55268
48655 53608
14183 48393
25113 99462
39376 15646
10084 55466
51016 15183
89677 79524
37212 26882
24199 92041
77185 16243
28878 90660
41993 56747
88894 33113
60439 66307
78761 13355
21575 40971
80581 59891
12649 42602
95037 92378
61325 31972
53164 13525
68136 84445
10928 57691
69768 62333
62562 85690
5620 50945
32256 61872
9402 54416
17371 29853
74067 42563
84768 7036
7359 36245
80022 80510
66515 26049
47421 32923
9320 92562
76557 46500
69630 46012
49090 21632
88864 73670
6854 98193
70564 60140
34973 83170
78156 58459
65922 47151
91396 73823
17620 19793
59647 26767
35626 20563
75201 38706
76362 65807
52211 69930
19926 41542
6538 48414
47595 93325
98873 22192
55506 40114
12906 58480
12148 8121
87064 79334
48401 38448
27455 91221
49740 93574
81051 99684
85943 87686
41996 10089
34228 84394
69973 56369
57186 32414
8107 61743
77136 50557
53648 48462
8614 57619
82867 82872
65713 20670
82073 12413
25764 51705
39536 42509
90465 47715
78271 58888
70126 22879
12182 54369
65933 68854
57922 8913
34404 29995
17097 12457
7155 74765
52931 51951
17999 12676
87505 71968
73081 82689
19857 7315
88336 24281
31880 86235
81897 96157
37875 14026
52378 65057
34898 29235
31993 68075
79677 83037
71419 66532
18838 36923
51064 97638
87496 54430
31042 31984
76949 54398
24566 70251
65156 5989
66824 76562
39107 49665
33506 63422
15822 43277
15149 39380
53766 68507
95309 15324
53873 40122
47238 73644
9037 93725
5232 26462
93060 17115
18253 34672
9406 75761
99542 28665
56868 64542
27068 69340
63403 50461
80486 49333
60744 69865
51084 84305
11260 93498
96714 42651
39627 8649
59167 69075
80338 74710
31706 88215
27927 61555
34589 43737
9894 54361
6373 71265
42883 33824
28562 39936
30447 97102
90862 72485
65968 47333
8728 72415
71822 13125
94262 59055
70750 34164
50701 82197
57629 34785
39699 57415
69388 49286
19538 46233
82747 40695
56064 16941
78675 23754
96709 92083
54097 93063
56343 22470
25295 73552
16962 99970
13738 42772
71271 17387
13715 32983
33155 8261
12096 65470
40815 27717
73883 40215
95931 67210
37858 25689
74693 96420
49640 36405
28833 24553
59821 54738
31922 15842
27521 53502
83213 50236
69751 96904
48115 15013
19363 54643
46052 56400
39035 97200
53030 67260
10890 14768
37524 77411
10668 57684
49569 67309
87184 97833
78940 28532
96882 68110
99236 15847
84720 50779
95396 35541
81441 60427
27767 38222
48374 93115
46259 81387
59408 10371
28419 87761
40584 94782
90316 19707
55919 98179
39150 62871
58565 33662
51230 78751
9269 79187
68671 45888
79269 92873
37614 8093
7336 83801
60089 15386
85480 16756
10872 79133
25150 55138
89637 22368
45234 28153
12625 49284
50144 91313
11714 39561
30478 28407
32354 13365
80377 88164
60212 46751
19622 95180
39604 59548
74784 46903
44877 83865
92424 92011
63852 40939
53229 59972
30152 27246
39360 27220
38908 37596
92914 57104
87769 8313
91393 68561
7429 17574
86447 82358
63050 42574
34834 93773
69937 79324
5580 91638
33649 25676
79680 10882
56412 21504
13450 88953
73217 41935
33628 15918
62338 50040
76836 18435
46230 99570
7653 74428
69797 86009
83739 87877
88936 45570
12846 26921
32970 6664
70324 38304
80189 56888
11913 32117
26151 40672
90014 77823
39609 38440
17505 40667
76127 87409
41290 46793
89325 82076
43298 55699
84535 78858
79473 55047
64287 79497
22502 15357
79536 11454
76553 60699
19842 25794
22193 56181
14938 8941
36829 63785
59097 9079
60658 40017
68596 41076
74932 46757
16274 45400
93669 5785
40716 86740
11508 52585
31038 36885
94332 96293
86400 33788
90605 54990
32549 59814
79959 53954
5553 56710
71562 59054
70682 73081
58111 18041
37001 51934
51937 39233
35690 61225
77736 9898
47422 59337
36772 10528
86248 34997
25075 76200
14453 12284
43239 77320
89645 96155
62737 44187
72068 32287
83451 43154
11572 36932
69138 51478
25104 38091
56992 88443
81763 58384
69193 91882
68500 27769
83450 56900
60455 35564
60956 72312
5660 41147
24007 45174
89400 6221
41599 94712
78987 68638
99859 73970
29910 23470
14921 35629
89499 6305
74042 62661
9167 6641
71293 84796
61079 65724
91913 23148
74779 58246
84713 32902
28761 75987
29372 32488
16309 28770
20377 62398
69126 33894
16588 42550
56255 79734
64947 23996
99684 7178
78789 83702
96727 29228
5440 95240
42824 84337
89402 18306
76777 37858
61373 41302
23718 43385
19581 18514
29134 86826
78628 21850
10255 50598
16925 21649
63815 93560
97164 21679
36884 19096
59931 50158
54843 64125
8524 41445
87952 30816
98461 76926
65048 85344
32778 73668
69911 69204
94284 40431
97698 78338
63351 52874
40477 88714
64463 68032
67420 18927
36880 87519
31623 45919
64158 39385
51646 24100
89014 70091
61992 15817
69118 20751
52588 12494
40860 65499
8092 65659
26903 84705
43429 95586
64447 51677
72370 57379
84650 48526
51255 30055
29410 79994
45051 48421
74905 68241
52928 75488
91797 46901
45293 84577
24817 9139
53891 20416
74673 96909
36074 7132
57751 97210
78642 98344
58931 40827
85872 15401
75100 59816
15340 34249
66484 91856
49012 89481
9835 67574
40797 85727
66762 20964
20285 11793
42104 68240
95810 81764
41163 31641
93190 39733
95908 17078
39594 85787
53902 27957
64911 25516
49648 16997
45759 63499
16399 53532
39873 28022
27094 70458
66100 44645
91142 47820
57493 70243
64059 23920
62156 11702
44697 34837
28484 44622
84834 24320
68268 7151
63252 78219
52798 32391
6162 25873
28639 24825
57910 25260
76092 91704
95300 44182
39594 34488
20606 36289
50297 18170
22474 28434
37052 37628
25338 69558
77659 80069
11743 51186
82916 76140
13132 30497
41357 49376
13094 19007
52877 44374
92896 37989
54546 48364
62293 30983
21851 33710
24090 94052
43439 10407
78791 65851
7043 62648
85873 82052
33782 87273
35721 77276
32355 64091
51165 92353
73815 84007
34795 80521
76627 75266
37750 53021
80598 16202
32627 27540
61938 29504
97393 41984
15288 13255
33783 51234
61945 92798
82593 20773
56722 94924
69600 68404
79002 41875
24410 33744
86434 87260
65568 34647
92521 99192
43534 40403
6930 62728
8814 78206
59825 59086
75515 92232
63847 98113
90984 48557
49453 23011
94809 69145
81360 67523
50574 34211
45673 5564
26076 19467
58901 21552
97475 8022
31654 66760
74883 81069
41102 17449
31321 11998
32556 84734
48741 30050
46520 93857
28878 37386
13493 16841
63139 47088
9527 62443
44571 14522
26119 95832
15988 40375
93460 47493
16902 65742
71310 51589
82652 17741
46892 68308
57317 58332
24166 82565
42485 34377
98612 22961
11822 83298
86327 54936
21528 71282
20707 30746
89372 89466
69324 81125
34794 33326
42800 69394
94852 61165
16444 48162
10321 79560
9356 51879
53165 61513
39346 60073
5877 97167
35604 86381
94736 57065
24412 77262
68025 99185
51485 21750
61483 33335
77543 99559
61939 24895
16689 64516
76020 79454
34911 78416
14143 10495
48656 97301
15668 48970
95862 97415
14100 36476
14150 7183
36538 42567
97995 54067
74315 66806
58747 31341
41754 37193
13095 94587
87370 13822
57360 56071
96588 49878
86443 37095
42048 26472
77635 58977
17064 63246
15722 32441
19482 8287
76845 12918
87315 8477
9478 80609
83988 50216
21624 64044
39748 30242
33902 34404
17007 67226
28650 14982
10788 46866
40385 35839
6295 86276
53139 18005
83772 17731
95089 24479
6334 92089
5737 36752
89270 73677
20514 20628
69569 70825
62190 28832
26863 69934
82788 60105
76946 60558
98880 70377
71206 44803
7166 11039
74869 41196
61087 47374
98888 51152
87954 96873
74537 90221
54583 82341
26392 36445
12868 28561
93293 19396
19920 38696
88201 90833
70516 87602
6439 11307
12498 78851
17847 76582
28534 20426
36639 93410
45300 95904
13426 50814
18550 83265
71884 15938
89863 42466
27896 67363
93014 50522
16636 78810
94871 68957
28190 57228
82579 98275
79592 56453
95455 72459
90933 35903
76533 88424
20252 43138
35069 85938
81315 54580
67517 72626
10168 35249
85540 16402
15404 96008
80501 14019
88580 30596
89649 19336
44950 44492
39745 73385
60840 73679
99351 65480
72469 73320
76236 75243
96789 79527
16482 34777
73150 11613
6825 23045
30016 52497
71568 81049
38879 76367
65046 41426
37656 10186
5095 84763
98417 59199
47349 47230
84156 86325
64314 74910
61543 66047
47220 44729
96167 75302
17494 9873
33677 41861
83431 64258
9485 79692
11160 85816
66302 86015
37392 22206
87704 50943
89733 9951
62213 72981
8331 89057
36014 27091
65639 69721
38391 61503
78798 85953
17288 45157
26753 12773
18046 54297
26710 63939
51397 59591
81787 41241
82112 69040
18917 63880
97411 31925
57978 77700
89262 80148
20034 23725
7105 95494
79172 38861
22200 79611
43999 63569
81938 57894
31174 76805
41800 53903
74606 72729
44429 92527
29953 56369
19386 77716
24982 16755
53581 29406
42073 30978
51168 84042
34740 31103
7802 94079
60445 83010
62665 33855
97294 56901
52447 77324
77257 8521
54628 92411
28564 33022
7951 21991
69694 14888
95765 62930
52041 67387
18165 27144
47797 13718
46324 12153
18968 34240
87368 23370
47565 55079
65302 56068
56081 62795
93080 16906
71166 7884
32852 52788
42185 81496
80614 88964
94844 34997
33150 68355
88491 25810
99033 30396
98904 15398
76792 34983
41509 61270
96930 35574
97848 79466
20500 84994
40911 7214
40197 8141
77549 77213
95676 27472
8651 20404
57694 89999
55047 98042
11122 68377
54281 61501
64506 13693
25329 99351
33920 53655
5226 61071
46184 32045
58203 50057
