149673 964962
541349 883673
890744 466938
257677 373109
40700 763722
653420 357417
353644 319087
684228 120894
275829 879532
707164 45361
253512 243053
696144 796121
105334 109739
354068 699420
609954 521687
691050 596373
961768 610631
748255 422646
171089 368199
82933 134818
622709 813926
644217 19489
893316 304408
551629 633039
217359 65043
205920 543733
843026 329289
665225 92074
300530 222721
254182 610803
214374 218152
79065 470408
651235 96033
108902 727684
265775 316207
453308 446230
869529 175568
63056 756766
587007 271222
403496 878141
184705 561929
720440 153964
950701 706918
629735 478740
51938 743038
353512 615461
828101 276605
897031 669601
199005 199612
341077 870346
860407 795960
383820 696004
545086 459918
231941 335920
759791 894973
680032 402619
223939 984703
113186 721778
484973 776712
697142 750164
870817 687388
707051 147497
153132 458967
808019 572849
31210 92968
798797 692979
881290 131322
30224 966698
425086 575245
432162 266188
856148 858242
178548 665329
782130 601317
778964 899225
95192 300972
357610 973127
746608 728046
344555 499778
559362 825760
27871 135892
195776 547404
615846 305755
232502 664294
410261 90759
190521 202812
510354 967432
351729 721882
933436 733866
228819 383621
345346 48974
188789 115636
510306 693658
712260 621425
821968 114202
320270 316029
704992 449476
96779 12199
12896 234335
453251 693290
444287 385472
852044 567309
253435 571822
646504 405469
781090 481979
589038 30332
312335 644697
278151 549432
958327 328304
482901 924533
843208 426251
90316 215096
470408 292202
29184 592369
20021 396362
150331 447536
504090 101453
394435 366351
946304 903963
36419 842454
203667 869554
524290 607377
59283 126252
333125 910358
31339 974306
150953 815901
945589 755722
621673 356211
101822 968630
240505 483978
471 95612
377179 359000
524487 370794
345225 613591
506996 993881
637770 109289
311007 20580
419404 511656
679024 437725
298409 367255
757416 786238
959411 660858
493527 484515
480377 562612
47145 230422
233779 950847
70311 293926
361161 640175
905597 136032
822832 115494
698476 291181
844675 118048
389319 45393
403895 605026
703064 557127
75399 378002
112344 315665
345195 39329
13470 433270
683962 247993
236293 151668
120445 888742
288887 479075
290890 957771
838226 69368
833467 809628
558216 449053
432531 143351
439902 21392
940425 900514
954291 157561
736292 640874
942268 386852
977158 923054
555076 471750
41071 477485
323800 112560
840745 60382
266875 700042
789633 563385
471901 795895
112831 829745
620976 777743
893818 449329
255651 234869
68092 966731
607400 522877
970778 625532
951183 419509
434866 775180
740258 590585
159544 175328
13354 582808
935517 4814
760705 926168
840824 136970
524669 866161
218644 715122
754894 273849
783813 336955
819343 220114
640501 328320
89414 564210
444002 426927
345419 14271
26060 863947
13813 154464
135479 997203
240695 366030
851977 33017
544799 71449
345595 494051
831651 747385
615317 143553
613203 953192
823501 613678
839106 359102
603057 733723
726576 299442
626976 954959
537323 804607
921651 277435
283600 8273
448593 840305
440987 668358
605327 154994
374413 869379
959120 759632
295865 378761
319838 641411
452396 288805
788342 188979
168969 996025
755366 307700
450922 675431
710483 238350
223644 609741
832513 931687
727700 618182
526567 588320
2419 74394
482135 869485
192923 538911
968056 904309
377601 4825
412901 596422
91856 235555
79403 337310
891190 190844
241642 620826
528908 387639
854607 198830
180775 213301
927745 781977
238802 914404
37876 653714
680511 487867
327866 684234
315689 985391
701604 629035
401347 207371
174852 356135
737326 754541
396247 133943
71361 728845
611089 745256
463560 538429
567191 371083
568510 286584
630608 969614
532334 542271
368660 32825
369837 584933
377191 388197
614434 458025
984724 374152
752271 300092
334744 585465
738904 335420
352556 688418
336147 75569
675461 94489
611064 724842
564122 510177
425502 316722
700782 138312
429978 245379
54380 44845
647867 894412
768266 714184
507005 770163
667179 539127
322551 81448
228250 985227
953010 529587
140391 341858
89196 185105
807537 644340
960211 612752
520662 340947
150824 336033
702164 360842
236006 49933
706326 745529
675915 271112
822047 544927
328597 133062
81996 815463
232009 108973
358754 731331
261153 114868
104120 392809
506730 936226
685103 327375
698710 760581
772162 51470
876743 264502
147698 251235
782318 576447
315728 382563
248672 586795
868621 200774
526644 238900
50216 635232
894161 736023
105729 4406
799833 165634
989118 933914
919892 136308
671503 4782
628250 627741
654848 916701
170503 584661
971942 587900
606188 659457
835797 840721
978803 122828
935496 710613
35319 945185
168824 854404
613183 587178
38370 627070
997209 646485
132072 282300
574907 202052
498182 782148
742010 129622
305801 220273
152061 865970
676208 185080
363470 896578
576859 564508
278229 117041
761442 871726
257039 555568
606399 546302
257093 991487
895771 868029
307344 880471
244439 445360
279234 651449
322791 85148
580919 570167
784043 973157
155974 67517
77511 18305
656004 412963
764632 993787
499130 625831
635217 849092
805532 859951
44403 656338
971968 860486
383114 118934
931297 217493
263577 483289
287557 331123
238952 374520
935571 373721
481850 981163
694980 898685
520863 330934
544548 189335
337104 719716
1458 886468
670222 356663
372842 165749
475782 262190
819174 129352
35643 198581
633170 402760
221580 691914
168879 364821
866603 829337
184165 31914
896147 674417
751721 405256
109924 427522
891905 585676
791615 557982
501482 869349
14277 581591
177006 569855
217480 31836
527128 471527
607043 51954
593318 430486
41648 901985
673069 661490
496174 893904
816234 822629
451162 951552
27286 311297
133344 82112
162368 44897
987722 976986
97055 820316
960209 284299
84745 634723
967600 800783
974944 144260
836946 53696
319146 966917
321406 393611
791146 835704
132589 963122
709836 144414
42880 971526
943380 659984
50326 292518
715386 368785
211113 574928
789010 870304
924082 618535
93667 642592
39839 790767
550252 834025
414984 683656
122015 331711
911708 277719
782609 377952
529965 408210
152190 467390
118932 880082
594481 980915
21776 509191
393035 219105
472498 741744
193943 442997
710039 390885
154361 257602
71081 58092
475223 465331
417843 963103
222984 681271
975046 356530
935721 519725
343125 800032
292318 167369
116417 337127
997537 425994
726259 139098
911242 113271
1388 557231
259532 499187
936215 844207
820684 923832
40631 113261
534574 556722
79462 552366
177303 41249
722487 690928
118738 283325
73390 815601
183056 858857
237660 622618
247834 457221
411360 152490
8240 358714
665175 98353
415657 885186
854367 667693
363375 91046
602056 501499
241737 687748
922285 328325
582938 830771
655763 478872
991164 95113
532771 955866
173955 482982
801891 417509
908668 494133
562474 857541
966052 310145
33045 45439
386425 949374
184924 159959
855694 577149
511540 558486
342226 225288
704514 563416
473514 274404
318665 10062
355468 620638
98123 878253
49761 607404
991279 101647
916996 10325
209424 744329
810319 857096
691500 930457
338590 284219
886520 905269
102687 190041
576726 727061
365921 953956
369888 461933
511747 769993
929566 835289
509158 556974
587332 903904
584276 274768
149545 407210
293344 339422
929713 220120
426748 823416
834051 927213
266992 457083
188337 278934
575383 658280
252994 450302
233160 383100
610877 624063
965766 316772
780056 169456
751819 346924
153167 617982
310033 841186
839700 799240
882146 668320
321277 658247
968209 429296
167088 863716
127051 451802
348207 692048
480811 602920
90043 207051
247531 553882
165567 985726
180317 236470
478046 12400
545804 968173
295548 693153
702792 733973
477024 844355
879361 589877
509382 317734
507312 399431
463673 682737
162267 880040
615186 84884
761552 507130
909157 191770
76663 51554
126472 576833
133394 847442
237186 962043
314535 333815
563257 151339
945454 867608
343537 435487
67256 293401
451689 211615
558783 241406
496025 288012
962546 211382
583299 547267
875851 201310
853127 513941
795407 711177
241830 502512
669549 11866
42925 652482
765791 998319
786032 398408
497957 678782
160778 703611
559465 964211
473446 223255
479418 772326
843906 642485
902919 709033
545706 520536
131801 401528
876721 565637
398606 95558
386097 524606
92748 697981
230336 898866
556790 923395
529791 839179
109529 144525
573558 856124
161948 619345
752087 337583
497119 640809
134703 43122
966882 582731
348168 638508
440220 549311
166157 268271
674428 720280
857183 696003
157933 508054
20815 832898
248262 35699
287987 504813
138276 318569
380642 459230
24906 885233
59930 874102
749551 983889
156983 476346
547412 930797
348763 814959
922387 851507
744367 484384
14472 428058
498053 722294
315520 190953
482858 170095
726657 854502
444843 278917
311315 969417
811768 586863
322202 347608
921465 82383
234122 36703
607472 161129
67630 214501
733787 999214
425885 932996
818699 812833
542471 219024
825498 223682
985563 312504
938014 202082
450481 215943
343464 354804
812003 289911
395268 880389
203502 504086
416409 934476
729671 508642
543398 592814
376551 544409
679631 682587
336960 141425
517287 320794
528539 483203
858193 678514
277843 939346
748178 712243
567634 289807
200103 793770
251624 314641
943278 925707
296235 542469
60599 114832
283905 99564
513173 111942
837454 863067
229669 108359
277254 486532
410493 336497
866434 579578
133935 241372
121826 440951
656879 753173
808105 91974
312588 865774
552308 454568
60881 682044
60821 290982
757907 811783
369844 579268
578469 53507
156184 939284
409367 580768
331484 722370
652434 757600
352893 413303
656554 791559
255942 16013
958504 216566
772129 631338
835736 605930
686139 907717
559529 894960
48768 720885
650230 185241
353828 293410
730409 449587
987551 547299
649066 879526
51453 118736
484678 305311
508948 890036
899977 680814
660872 608885
756755 962296
288931 61072
836527 125802
708364 68849
765402 972876
421546 578261
456011 160234
959572 514066
768852 411178
519605 373568
718700 886569
287936 750184
971674 205506
822104 106566
292610 228314
489713 636479
156353 488245
334403 793861
828810 362152
149970 217490
125369 153948
930064 491908
855692 415205
951851 255172
157392 8176
460796 163675
810461 624428
838714 966611
921038 966472
239714 543611
241940 728062
579954 38389
450284 624723
432624 39512
552684 922430
271150 408284
889392 38954
550241 752906
441658 976011
673664 749443
376942 319035
819800 530035
345589 768646
860902 783588
431802 426068
608209 762256
559222 385517
175974 769515
38981 54885
742695 431826
900676 533403
85196 508825
733679 284583
235949 172180
795865 291987
840698 608310
17896 549698
382117 482244
684311 452262
106910 822564
220196 653336
323715 756562
126099 133339
772365 154282
550039 249322
132084 190628
502027 229878
674650 410689
413599 880548
942814 281502
330347 305061
883240 370329
482450 275478
560629 547151
644972 278888
800927 169433
886547 612740
534751 260192
621487 881055
164004 626230
182183 137142
994235 820270
450309 890209
890087 446740
298974 541282
279145 956771
427834 443690
97416 280882
185660 78174
935456 82526
534356 936871
32630 729776
743065 265015
304501 504880
500469 127115
415320 181129
936643 645109
584370 650770
634254 667852
959737 770471
593686 698172
407652 824054
599113 800912
196032 817314
843291 242204
615492 636386
379777 600612
297318 291660
404149 655712
771266 237489
707836 749752
59173 689317
667264 881563
23657 7045
272427 341612
721379 818887
605374 750965
308177 883965
243629 72053
338892 663895
63936 203917
836995 353530
531042 182799
478523 536035
68702 297963
128997 114248
451824 793549
311326 717887
518477 233464
534259 999647
384598 880010
23940 143949
618411 613877
214920 817540
999936 837359
693199 173083
527871 687830
944334 329903
62995 208694
847587 276757
16512 601609
3376 628687
417103 568007
163546 359991
39774 434708
191779 441079
48487 506646
705760 477295
838077 844597
843096 891306
210301 300817
375899 580207
31709 86299
500830 976278
346952 828414
347646 667988
142031 729988
601767 619845
504833 751542
166756 579683
665431 804825
121418 539125
941658 375831
857874 909086
962987 895090
495646 744616
284648 609700
317668 740441
776096 215204
672882 637167
877939 814412
717200 290149
469937 442717
72032 647002
26570 702379
718265 226837
701161 553476
406206 218178
672122 425144
229793 557411
459119 793855
475686 486415
914087 748867
996611 228559
867914 796115
897694 791668
650683 733769
405916 200189
68611 809018
74596 691346
704857 684728
833821 478629
8012 575069
993847 280227
603743 468611
800748 784340
632285 713320
988186 587600
800108 806245
814921 644125
209931 740076
677956 326679
528243 943712
496830 747294
766902 49389
913965 627216
402868 712965
497274 361407
866588 21046
547428 184382
806064 375241
913051 20889
299225 452140
833399 563009
73383 282756
20974 75345
980886 642974
321150 633021
260159 911027
541069 771924
695522 104584
169704 586154
655294 868059
383194 384316
774649 52340
139043 412439
269244 509195
144696 733829
35382 457095
132536 322692
514066 479942
744321 836793
452746 844161
834846 888855
509159 644235
558483 249902
776127 288506
525696 398759
790259 261200
115144 735834
349808 958568
255829 747887
369413 470683
184088 403021
444159 342532
436249 429786
287932 449944
455035 894344
917619 896794
603039 920197
422330 515930
580830 363926
899160 16863
509338 974428
136538 597058
794425 973516
310483 317062
355884 367759
927580 563485
513579 349567
6344 802547
574712 684361
608981 153450
199274 833912
570043 955931
757854 169336
74224 237940
543743 317791
152464 20311
766925 278981
259449 491787
725279 199905
969052 309117
458749 872637
126270 188205
329445 385036
967601 471597
258112 469342
600952 881951
135240 251
583535 290808
342310 235093
29503 173598
690306 581155
584207 843712
415476 885100
93866 665979
543440 10446
440323 987342
566334 897060
1 10
100 200
201 210
900 1000
999900 999999
170362 170501
514850 514878
209491 209544
165944 166073
123627 123730
217458 217552
254790 254870
547044 547046
492458 492462
131611 131681
444245 444314
239086 239175
868720 868782
270045 270049
810581 810742
871962 872085
972516 972531
659938 660134
229794 229881
