442501 164576
221301 541564
608130 42653
397028 632847
614664 320938
465180 25911
523394 110445
688914 18080
156443 204520
555637 937697
847222 928384
125117 706622
773856 941178
452677 483348
361411 731688
870948 881781
989195 894821
590901 531311
291855 804393
180561 318223
101511 401334
518175 421254
989121 962910
373693 393700
434140 885937
272599 112752
101344 228841
708590 943913
92597 582886
751490 98064
488537 966347
81195 621292
406092 460223
339182 80672
115354 663648
419129 441696
861941 708666
761559 193806
902748 995220
999934 281151
354309 469848
405275 899132
364752 385088
521781 896821
232982 483157
959571 551329
435050 192315
977816 27052
399914 891486
484321 715097
594388 442869
212639 555809
311319 811485
231395 640299
104665 606633
414101 212332
220902 710524
23522 619549
637246 454838
934729 351243
15915 529685
222385 833378
453857 366879
758471 692410
307766 574076
313009 23424
268531 753859
562239 305821
426380 708745
704124 489587
965883 904409
127986 820623
257525 267920
87858 891554
65234 385657
558469 776706
821184 821553
219175 191356
701934 106169
901171 548367
270377 514858
896539 875408
213641 932964
372701 770423
607592 822469
557208 929982
275306 320055
787044 323922
717056 378310
541628 430148
848591 950305
10889 574869
417271 913018
231607 644245
240563 205485
485422 443830
27746 196218
937671 816157
950726 497515
160395 996911
569813 786332
795407 962273
588373 154126
895111 152065
683992 586139
633803 154398
815949 245243
231248 422320
605684 639448
164270 38668
567251 786360
126974 912170
307372 391248
290603 121796
979884 65286
723979 101554
833705 829905
244134 679263
521453 533979
708839 89371
227190 706104
814749 599488
496477 353120
228266 564236
309102 467174
288364 16299
166560 929699
553194 554465
434339 481179
754901 174072
540172 823607
91703 621236
788068 72455
880047 385184
936582 871115
558987 104194
103293 445866
720578 90168
459522 25832
834239 202355
644479 539133
281007 664190
78397 850425
820473 751077
991363 875920
141971 783149
136596 776842
775160 972918
296116 185125
984964 70615
444102 75206
313019 207801
37822 3325
273081 304849
522927 102590
293312 833798
411557 644994
72942 963072
598856 700261
200652 589348
129670 823212
530256 999765
778834 256578
413311 621754
844253 104736
752360 355123
994520 409761
264551 400814
900707 494974
496093 601118
314402 434332
512017 769437
23727 429682
562895 833350
884892 769957
681072 378159
529266 806688
707752 304574
901845 181774
293967 271789
376846 686968
802400 671760
217240 505055
536273 248422
459480 415629
276984 160862
730001 429527
30339 461061
911107 469576
512493 177925
234145 947501
162070 577471
467434 960385
87342 715825
83443 982198
981452 850552
531449 269128
692184 405081
820099 583711
80161 543159
112127 272998
872979 411015
575204 248362
140839 579114
823377 186535
907257 894874
240199 919529
753871 715287
565023 501133
11146 444681
901133 300227
591623 87255
131045 172301
735095 898864
735791 815132
162767 25421
598185 824642
18869 377565
844557 75709
870352 927645
119011 115386
927142 401170
165604 284965
714119 776427
555735 577976
641332 355236
156952 412744
201465 285443
534126 198306
414780 303710
843289 825779
791551 734160
859945 489775
66472 630507
13485 14062
996105 109827
440065 838790
925756 183066
732940 840826
598450 550307
846857 309917
810964 915354
585309 403003
593545 146646
241797 151276
23013 836963
436154 966132
853551 386924
140424 934483
324922 332525
968658 55256
867589 431247
458612 502852
504928 258090
420581 266079
452251 936327
531943 641265
861881 608463
585081 538385
933350 873706
447937 555729
892188 882503
808459 648269
567259 961081
859275 661324
546352 279176
606775 186366
919104 639005
324049 943276
569544 263138
974794 6051
300705 265094
680754 899510
956812 779337
377900 398108
724654 839311
761156 654958
507957 988663
44993 383317
590023 275979
867530 914394
328293 557016
873038 116993
417038 926990
895121 736016
562959 397365
741885 40682
80581 949385
737400 199212
406933 798804
162267 692641
69924 991589
355619 605912
475003 677604
358044 31562
580700 176877
167768 560364
431372 193231
67477 569711
326793 205938
44997 543146
111659 19573
674053 881766
441339 321429
397432 977386
502074 375504
264904 460906
836603 310708
836258 755524
47621 266449
770513 181405
846801 833427
240381 256571
442698 480015
161994 734517
528077 668077
722628 326388
307871 557785
868369 397194
987983 714688
848821 488554
271140 587138
716894 246110
585828 516737
75485 283994
456626 900451
774595 684162
418489 154143
321083 623499
212500 233645
214794 743825
64627 616558
229218 313260
57692 644347
523792 949415
336396 703543
491897 860255
830400 1956
341267 248801
407007 342718
707456 957919
744245 55300
794157 917147
778090 715986
170866 647486
321114 671483
394971 854076
313307 589472
651545 373488
410903 992188
115939 704660
209862 130107
795893 51406
576773 661770
265373 57994
458018 601615
537037 51525
508967 879304
193719 145774
931221 895165
396631 173047
776604 422541
675504 704715
130831 720236
453568 176450
470510 39220
961507 969440
234444 232110
833313 484767
568412 13174
544138 703261
67526 162223
205741 90802
558949 947898
119542 128142
218675 427825
750060 568616
143309 414487
965953 599121
434058 992012
366936 645246
911816 791275
401024 584183
832360 699969
7730 525432
665050 785508
37655 370116
886656 917816
772359 652113
503794 315404
716859 304446
413087 771381
434559 510304
986238 7858
541406 33356
300531 100642
382964 819640
995981 4232
942240 287314
842615 178672
689505 147628
398267 302827
970659 950578
631218 550116
7976 469503
283288 35940
378079 771484
556367 867335
904637 910666
232203 577738
911124 275283
931557 268431
929875 958820
622103 507832
50289 707499
182824 241458
243828 475942
601519 685793
345798 657596
472690 743400
520423 224313
120308 953180
310314 270956
652941 619509
215976 479697
903602 743207
384009 421616
163950 638052
892986 510398
987413 382898
870075 354760
238288 865142
23472 858628
255874 629619
382525 531459
391929 364366
306198 987254
382275 445051
506040 533888
18516 401600
296909 402418
626908 530049
644789 332036
872719 245131
50268 432876
286002 766052
567004 211314
891693 291999
40805 528390
581313 358877
409205 123714
266875 893282
989781 885398
437804 8297
175127 610443
456253 680723
884224 733927
113231 723845
83849 899194
922414 428903
35517 813332
359400 22018
114168 236074
166425 21129
803397 766837
372151 871404
238255 416826
866139 477149
919384 506847
794064 255372
122615 527445
258932 727091
724142 854217
956196 727359
995727 653181
952614 736332
688490 753343
641375 114461
726260 639334
996302 15940
715229 914952
634824 217052
994483 378715
633431 634701
148964 501920
371371 180189
931609 988103
868044 439684
37029 583637
259873 980449
102286 730280
712056 576794
847419 720571
827319 173957
711554 443261
722565 640538
641503 228127
270958 608133
483276 980315
349445 69227
134625 265773
487465 435614
91923 342637
415711 687034
818314 414948
240233 884288
572384 718794
854755 628751
127926 111779
923061 920740
513218 784166
146251 869047
152689 349938
290052 621528
440974 677567
556173 303679
345697 44788
950627 851408
675313 143714
951940 820814
147478 5447
28849 458556
624745 869176
142721 454370
573283 625262
75104 199363
597662 642637
336242 596002
275928 630505
496434 90458
325086 356413
915514 710537
590199 496576
433496 449720
158173 972788
469471 789773
645714 586823
49547 818275
226773 124403
624869 579206
862119 642998
180850 453353
74855 230206
935887 790694
525106 262435
77995 772558
43514 799056
759267 963391
283383 673745
955710 729428
447065 308639
298626 741815
285437 234518
512059 954664
490178 57257
336162 151990
759610 652328
308658 198146
165654 775485
767895 238381
952477 548289
868034 79787
737822 99021
687061 425886
888055 518084
533636 391215
594323 666800
15654 825856
234817 140035
49669 335612
563135 85260
830899 526856
324982 762581
440503 5055
886911 481038
966218 125456
851118 42458
881079 70436
391876 111666
242048 362961
869009 235919
52544 902517
574452 894842
5176 567050
824044 572309
417031 810168
648223 135114
321474 510918
677847 374873
52882 483492
611997 479140
835187 725675
677811 881365
35989 588189
37145 796698
634510 632067
705581 183875
305874 932185
321616 596495
879867 728727
319359 955663
360392 875294
144739 613198
108655 505865
91869 290591
849859 745828
334898 330452
806656 958766
942085 473888
695656 663295
439616 652950
685291 739287
503553 178421
143315 196038
342135 197406
11634 460773
960838 122607
119009 104560
859976 768775
188353 857512
704083 487262
19020 441536
781320 7362
610197 422246
372503 809076
879803 461348
641908 502538
618276 832816
665183 230607
984828 657922
644881 367023
633088 306869
665925 169028
414317 109557
830666 306413
93114 957351
381085 960947
582749 617705
765983 104907
913456 923459
191158 695107
780144 579416
100617 938319
214730 61354
130172 789791
702025 999627
590438 312232
280634 554999
138740 455814
212329 92254
298620 75783
824853 722486
456566 664996
701394 805099
368512 365910
431251 970627
867121 101349
891848 861366
278304 63899
330903 869854
188954 926781
35926 216184
657589 540742
492515 418412
616737 755487
516403 873229
154487 326027
221182 770752
426842 401686
671181 416386
327103 405281
277550 221502
290598 403236
589398 74739
631851 840128
92830 631775
295910 855503
896280 309570
642772 67255
848464 45637
852689 545260
305406 624493
106727 608505
299342 403218
489327 523300
359811 227849
878638 947403
357217 405233
255573 815486
261939 106821
169090 837784
681667 846528
625358 649763
26825 22570
262663 404722
93870 931977
46507 930895
502234 964549
432346 815141
462708 852871
266274 387223
251587 886352
646112 549616
571668 173432
334765 100288
265184 479656
401802 82537
168386 17180
457005 613888
722551 355697
161314 739864
290197 103251
756713 688596
229784 871680
739780 208905
312747 854899
658386 276717
987034 300925
600349 980819
436438 23882
690907 978034
574843 898461
381198 249274
967408 121760
846796 362658
341880 581665
777810 152302
535720 672589
304368 966097
497846 360041
912956 731932
295119 968955
912111 504699
83083 659019
498014 543568
140512 525603
680903 497689
285035 746812
558740 406112
339608 392660
726658 668748
870858 443479
303131 188397
570472 254708
756072 187007
663243 488180
181155 734758
894428 80967
958844 383773
34089 870007
908119 937655
875516 701793
967340 396626
637756 416375
272065 249802
485832 33397
147594 905832
282259 906904
270265 450304
522518 153820
828403 901298
349301 758217
142777 497394
691533 455219
311572 663346
79232 519721
771630 294454
291337 199912
337639 505328
610401 640229
56244 833996
289228 786072
522681 773405
489307 695978
347167 397685
680501 8430
371430 523700
110157 105959
113764 685724
512102 710320
804441 6290
521200 337452
407537 124897
565345 562828
87379 141567
349687 288579
122755 189501
506051 35630
556057 702482
551711 698246
819783 391903
151822 695584
802065 504034
153826 23154
316295 57131
895118 916445
318749 588951
569200 602968
279292 867211
112250 400753
625480 492614
734649 511793
550167 36795
176281 622770
543955 429390
962108 266678
621669 268220
745954 35749
573893 814427
696477 185464
420544 672460
138442 159073
522314 311719
648037 208045
980438 433508
21205 522176
100938 128986
357062 431078
270366 418956
53763 793083
17974 821454
184813 419708
681512 778322
715000 470203
625231 840068
889667 556319
440921 786197
150100 652998
910605 19309
1395 459145
65837 898736
505692 79234
251400 878375
3088 633850
681268 370043
114102 255419
132565 384984
360206 824334
817258 933005
6292 968043
892082 700468
949805 766371
985368 271389
18681 950662
403868 303190
76536 134044
215709 645887
651689 157877
844340 316910
665998 787773
569280 961258
681511 518513
937361 425719
176204 762553
806089 328812
284174 363094
742506 431651
775354 369407
887551 779591
704806 558716
845440 427374
117972 907442
989612 596736
178608 297238
254844 220042
918069 917450
715071 982001
119215 737419
478956 547826
905371 395070
199865 860641
66115 377808
18486 56244
337277 174996
535860 807731
994312 163110
942430 807930
769826 260645
683111 441461
441699 567435
635976 88131
526611 427616
238059 941886
53577 781386
617067 120700
665926 465725
688585 276263
284231 247528
913991 542899
43023 770089
840978 71011
742971 861841
678602 44843
259324 930678
660733 982191
18260 491351
311004 574854
716117 817392
624210 679245
332232 38804
297986 712149
277363 246374
209311 344059
617401 375498
631003 653615
302732 432705
215612 353742
98819 463625
112812 50208
103184 928694
163799 961241
992678 524850
701373 618150
273976 484801
63586 890020
859704 159506
28216 60417
910996 550336
659918 720647
879475 130834
243872 194595
640004 234559
650166 95217
729103 251601
678054 271382
338311 813737
336003 517474
825294 494597
448139 303532
387520 364384
414373 663714
709632 704602
776980 242694
764106 929470
844118 889106
33183 705664
284825 612392
33293 163621
56265 854066
24836 812963
408680 439463
903243 819873
96026 13709
920093 480692
125963 571974
554762 569842
990866 453932
685506 247867
536315 638147
128419 368797
21304 481742
632294 115230
708282 78825
716639 750960
422129 706515
82685 876245
97192 955313
458663 153459
171089 691133
347232 114283
607946 660177
53170 898209
463743 655413
44379 756815
452064 2225
340156 335202
88223 474594
804264 228739
976868 293325
753641 887972
406254 381085
5390 242932
379221 315134
330254 487529
576961 10096
664977 490448
565658 729157
311668 395846
98477 987816
725902 53180
927806 335464
238056 96415
50155 337507
774751 372159
983618 887698
70767 5850
171919 384013
695418 184117
804896 88354
4267 339393
258918 388917
868059 896633
563167 395659
241259 214954
134461 197
829572 524661
955940 320962
17163 592935
496059 141168
875806 674838
