4384 887 
2778 1916 
2794 3336 
387 493 
1650 1422 
2363 28 
3691 60 
2764 3927 
541 3427 
4173 737 
212 369 
2568 1430 
783 1531 
2863 124 
4068 3136 
3930 4803 
4023 3059 
3070 3168 
1394 3457 
12 3043 
1230 2374 
4422 4920 
3785 3538 
199 4325 
3316 4371 
1414 3527 
1092 3981 
4957 1874 
1863 4171 
1997 2282 
2306 926 
2085 1328 
337 1506 
847 1730 
1314 858 
1125 3896 
4583 546 
3815 3368 
435 365 
4044 3751 
1088 1809 
2277 2179 
789 3585 
404 2652 
2755 2400 
4933 61 
4677 3369 
2740 13 
1227 3587 
3095 2540 
796 571 
1435 379 
2468 1602 
98 2903 
3318 493 
1653 757 
2302 281 
4287 4442 
3866 4690 
3445 1620 
3441 4730 
3032 3118 
3098 772 
4482 676 
710 3928 
4568 2857 
4498 2354 
4587 1966 
307 4684 
1220 3625 
1529 2872 
733 3830 
4504 20 
3271 3369 
4709 1716 
1341 3150 
2797 724 
2619 2246 
2847 3452 
2922 3556 
2380 2489 
2765 3229 
4842 2351 
194 1501 
2035 2765 
125 4915 
1988 857 
3744 1492 
2228 3366 
4860 1937 
1433 2552 
1438 4229 
3276 408 
1475 1122 
3859 4396 
1030 1238 
3236 3794 
819 4429 
1144 1012 
929 4530 
3777 2405 
4444 764 
4614 4539 
3607 1841 
2905 4819 
129 689 
2370 2918 
4918 1997 
3325 2744 
4471 2184 
3491 500 
4773 1726 
645 591 
2506 3140 
2955 4787 
2670 3083 
3543 3465 
198 4508 
4356 3805 
1349 3612 
3623 2829 
4300 2344 
747 569 
4341 423 
3312 3811 
2606 1802 
662 3731 
4879 1306 
4321 3737 
4445 3627 
3523 3466 
1709 3417 
3283 3259 
2925 2638 
2063 625 
2601 2037 
3453 1900 
4380 551 
2469 72 
974 2132 
3882 4931 
3934 895 
3661 164 
2200 2982 
3900 2997 
2960 3774 
2814 4669 
2191 1096 
2927 1467 
85 1341 
2091 2685 
3377 543 
937 4108 
2446 4757 
4180 3419 
1888 4413 
3349 2173 
1660 2010 
2337 211 
1343 2588 
3207 4302 
2714 2373 
322 1256 
4820 4600 
2722 4905 
940 4812 
3941 668 
1706 1229 
1128 4151 
985 1659 
3921 4225 
2423 2270 
1397 4082 
631 85 
4293 1973 
2673 3851 
2626 386 
1223 4300 
1641 1043 
3899 714 
2299 1191 
525 2591 
3210 3582 
3820 4337 
2733 1156 
995 3005 
380 4770 
274 1777 
3851 2256 
1861 3143 
580 885 
1994 3206 
2622 4568 
2505 614 
1962 2755 
1327 4260 
3945 3203 
3203 3507 
1785 2022 
2843 869 
4529 190 
3873 4909 
4959 499 
3037 3809 
2754 1249 
3304 3334 
2134 1649 
2891 4755 
2568 1747 
369 4530 
4501 3047 
3789 4798 
1250 1991 
3304 3034 
364 2498 
254 4893 
2687 4126 
1153 3997 
976 4189 
4158 3730 
437 2461 
3415 3922 
461 1305 
29 3028 
3051 1749 
2557 3903 
4795 2698 
3700 1044 
1040 2003 
429 1404 
4501 682 
2648 3539 
1160 152 
2536 2135 
4340 1693 
2216 1128 
505 630 
50 965 
3286 1430 
344 1336 
3178 2901 
239 2972 
1950 290 
368 2989 
2293 796 
744 3145 
2830 3391 
1683 341 
3542 570 
3827 4233 
2262 1043 
361 4118 
3024 1762 
82 1310 
3191 426 
3997 1368 
4678 4235 
691 1627 
4525 1058 
4615 3169 
3206 359 
1313 2387 
101 4347 
2727 4995 
4917 1553 
579 3530 
3947 2291 
2648 1971 
4052 4081 
4632 3594 
858 3628 
1313 1887 
4215 3356 
3513 91 
4413 4480 
4611 3970 
1190 2275 
1356 2642 
1621 434 
3988 2889 
3339 4567 
2771 2285 
1857 418 
607 2261 
850 238 
2206 3060 
218 3519 
4946 784 
1874 3459 
874 2638 
4290 484 
1608 479 
2758 4315 
4472 730 
1101 3460 
3619 4439 
3026 1389 
3075 1234 
3158 3682 
3494 359 
271 700 
3418 1840 
570 3364 
2623 3795 
3174 4848 
1432 2463 
1683 4391 
4293 792 
58 116 
1522 1158 
3575 1492 
1948 2952 
4232 22 
538 3741 
55 4031 
4099 326 
1082 2517 
3517 3003 
2232 1140 
1797 405 
2339 4581 
4219 4022 
3971 4863 
4813 380 
4978 2686 
1537 4905 
4177 3484 
4208 4760 
4858 4745 
3500 4912 
128 3951 
237 2561 
2819 106 
564 50 
1245 3712 
1806 4935 
3292 2376 
3956 3615 
3590 3769 
3994 4919 
2806 1883 
4823 1983 
1718 4031 
3094 1575 
127 1594 
1487 254 
544 3075 
2815 4714 
3180 3378 
4763 776 
2089 2920 
711 1733 
295 1018 
347 236 
1138 692 
154 3944 
2574 1329 
926 4292 
1711 4019 
2218 1837 
1964 56 
2091 3859 
3131 4905 
3572 2662 
4634 4686 
4790 3074 
2605 1852 
4806 4251 
2869 1504 
4486 4007 
2196 4640 
2950 1121 
968 227 
1764 2678 
597 3982 
866 2561 
4037 2956 
2771 3519 
4212 1343 
2533 197 
2380 2322 
3271 4985 
4173 4428 
4235 2041 
2284 73 
2399 831 
1064 348 
1951 2031 
574 3715 
1060 2523 
4048 1925 
83 4436 
1233 4205 
2955 444 
1899 487 
641 4279 
4160 263 
4263 4684 
1042 4849 
1724 3325 
1273 4123 
4155 2336 
822 2458 
4366 2748 
1172 1777 
270 219 
3702 1704 
4654 4934 
908 3960 
1729 2807 
798 3721 
2085 1309 
335 2699 
992 1377 
3899 2716 
1053 172 
3190 1560 
2507 4011 
4017 3225 
3110 1540 
1 3379 
3110 54 
82 4115 
1339 990 
4427 3068 
148 224 
1788 2232 
1533 2123 
1282 3876 
4851 180 
1591 2255 
351 1132 
3814 2858 
1495 4182 
1082 4604 
721 2434 
2983 182 
2488 4416 
4297 3826 
405 3723 
1893 552 
298 33 
4135 3182 
3507 416 
2058 4709 
596 5000 
1963 2298 
2484 777 
155 3978 
1310 2588 
4933 3383 
22 4267 
3564 3861 
3683 4212 
2686 4087 
4286 931 
991 4584 
2315 1477 
4117 821 
1893 2526 
529 3840 
2526 2491 
1137 1361 
4619 2644 
338 929 
1583 1622 
4311 2956 
889 4226 
1816 4571 
3438 854 
9 2723 
1784 2351 
3658 4098 
3828 4127 
1270 2072 
1652 3150 
911 529 
640 3399 
1889 1611 
2394 3578 
3891 3977 
200 4553 
1932 1088 
3778 100 
658 3567 
953 2018 
2642 2736 
4369 1299 
3185 3196 
1777 806 
267 3429 
3955 2529 
309 4594 
2279 2198 
2556 4673 
775 1446 
1 2326 
998 3284 
3413 1128 
3383 422 
4694 4335 
2440 2335 
3422 3160 
4986 2958 
1355 1762 
3763 2973 
1542 2717 
1853 1851 
3663 483 
400 1218 
155 1174 
4016 1507 
4852 1365 
4791 3264 
2492 3173 
38 3538 
3860 3829 
872 2281 
1988 857 
1591 3342 
3971 353 
2666 512 
3070 4518 
2362 3084 
1352 4113 
4301 1507 
1639 4668 
4365 1490 
1033 4155 
1105 4876 
3680 1142 
3413 2539 
4970 637 
1171 1957 
2845 2761 
1650 1815 
4466 4315 
2327 3887 
184 1040 
1970 1536 
153 2622 
4394 1791 
2290 110 
4632 4674 
4265 736 
4549 4296 
1878 4314 
1834 3199 
4950 4356 
156 2794 
3469 3157 
961 2934 
3824 3287 
3172 359 
678 141 
3246 2182 
2762 3991 
324 51 
4101 4955 
1076 3365 
2043 625 
2660 3920 
1290 845 
3470 1239 
1552 4977 
384 20 
3134 1344 
4305 1957 
982 2476 
3667 3012 
3968 1913 
193 1730 
903 1869 
3132 3 
3175 4208 
4719 217 
1184 2378 
488 2473 
4574 3958 
63 1126 
3934 1798 
2497 3419 
3142 3154 
1727 475 
1981 394 
3486 949 
2306 31 
4030 4560 
1899 2161 
4563 1425 
2720 4281 
1642 3903 
3011 3481 
2727 2584 
3790 4141 
3709 2724 
939 2558 
2494 432 
711 4221 
906 2691 
4614 4392 
3639 3271 
4422 2668 
2830 2672 
1181 3744 
4096 3900 
3025 2089 
4155 2387 
570 3233 
4970 711 
2374 31 
3434 4664 
2588 2280 
95 4650 
1500 2352 
2340 2465 
1743 2331 
2087 2516 
1350 4916 
187 3882 
12 635 
4134 4388 
2723 3288 
1774 4644 
1520 1743 
355 245 
3125 140 
1260 2064 
2419 1354 
1713 270 
3706 405 
2734 1800 
2735 4820 
4316 436 
1088 854 
670 2451 
1488 4803 
1838 563 
3090 3611 
206 961 
1705 1912 
2558 4830 
3404 3817 
1893 822 
1523 3606 
2444 1580 
362 1529 
3379 4448 
2701 4046 
4883 3788 
4900 552 
2590 1387 
354 4427 
1949 4795 
3037 3507 
2108 1093 
418 4665 
922 3821 
3481 4167 
995 1355 
4124 3438 
2934 4485 
1318 1313 
3932 4018 
1710 166 
4157 1609 
2070 1746 
2996 2423 
1172 1296 
3570 560 
4802 677 
1653 1572 
341 3926 
1744 173 
3092 4090 
1528 3567 
3879 813 
3051 197 
2125 3334 
4214 187 
3500 3371 
1795 569 
116 1142 
4343 2640 
2438 4264 
3199 3591 
4940 1203 
1514 1632 
129 3258 
1805 4572 
2347 4684 
3139 1226 
496 2541 
1422 3973 
2227 635 
4159 726 
357 953 
2646 473 
3447 3340 
3112 884 
2604 2662 
826 2543 
217 2340 
4175 345 
597 2331 
1268 4295 
2014 758 
520 3861 
4651 3293 
2833 1877 
280 1991 
3954 636 
4296 1599 
1108 2742 
4938 571 
4977 2541 
4585 802 
84 4801 
4493 610 
1497 1441 
2940 2764 
736 1305 
4874 2607 
165 4524 
2252 4350 
2752 2531 
1340 1705 
3166 1987 
3303 626 
1080 4592 
2548 2408 
3485 2132 
4562 4920 
1932 4054 
529 3428 
495 4820 
2544 2582 
1124 3769 
188 2640 
4644 2439 
1989 2395 
1321 4681 
4099 4487 
3019 3753 
1464 4099 
4696 4011 
1506 3180 
1143 1067 
3099 4426 
1473 4979 
2854 1967 
4798 1749 
4548 2273 
517 1087 
4913 160 
4878 1901 
2554 1198 
2933 3004 
2036 952 
3108 3499 
50 4155 
3862 2907 
2335 4 
326 1785 
4429 1798 
1764 3634 
116 1561 
382 1015 
186 898 
2101 98 
2409 3330 
3350 1314 
880 2635 
4317 2915 
3586 3776 
2766 4987 
2931 1627 
2893 1617 
1630 4570 
4753 2410 
1367 1516 
2396 2834 
4429 2777 
3848 4614 
27 2301 
1063 3787 
630 764 
101 1509 
3398 4417 
776 1983 
4545 3541 
3321 3827 
1519 2566 
1795 4500 
2135 1547 
1909 4854 
3063 4304 
2687 3843 
3433 1535 
4808 4811 
3835 870 
3597 816 
2985 3697 
2325 1383 
4466 4452 
4717 362 
4344 3038 
4188 862 
603 982 
361 4089 
3880 3621 
3942 3294 
2925 1629 
2136 2709 
3163 1943 
3871 1997 
4164 2467 
2812 3501 
2516 1488 
1235 3333 
2291 951 
3694 1634 
340 2881 
2495 2294 
214 2855 
1383 445 
1476 324 
3739 752 
1952 874 
4812 1466 
4169 3682 
4814 4684 
2500 3978 
4536 15 
465 770 
3347 4108 
3073 3392 
741 3412 
2624 4588 
2058 2837 
3794 3440 
3282 1621 
115 3372 
2372 3419 
597 3535 
4884 4765 
3568 4698 
801 1068 
3675 336 
2434 491 
2458 2133 
950 530 
524 1691 
293 3148 
2630 2350 
2336 1423 
2141 1969 
3044 2256 
340 1767 
2026 937 
1654 3261 
2053 221 
2958 4205 
1288 2984 
4541 3722 
4827 1998 
2206 2128 
3879 2729 
170 4171 
2228 2799 
1521 4564 
4222 3661 
2884 3617 
2268 3224 
383 4293 
512 2036 
2554 2564 
3609 1863 
1769 4896 
1199 2661 
4969 2377 
1010 2174 
4504 4888 
1255 4674 
4058 3482 
3824 1930 
4397 3045 
1943 2281 
3013 4210 
1856 4748 
4855 2367 
3135 3760 
1282 1743 
1974 4402 
1639 3172 
3414 2959 
1900 4423 
1485 2756 
662 4091 
3781 1072 
3924 2604 
3001 3321 
2001 4943 
1953 13 
505 3808 
4760 359 
2526 2895 
4118 159 
4637 1091 
4561 2627 
615 2974 
1938 3866 
3749 3422 
1621 4410 
3864 401 
1833 2787 
3005 4834 
2459 1357 
1128 4411 
1369 1632 
4570 1129 
3342 3447 
375 2459 
3606 11 
4902 3166 
3990 1868 
2491 927 
733 1239 
700 3706 
2001 4563 
458 3833 
2349 3462 
18 4808 
1170 2498 
570 2539 
4129 140 
19 2471 
3586 393 
1281 3543 
1755 2534 
1708 744 
4401 551 
3022 1486 
1789 3721 
191 141 
4635 648 
326 1984 
462 1695 
3143 1631 
4192 64 
521 3321 
1555 539 
2143 1493 
931 3423 
35 2686 
2309 3095 
4781 1709 
3645 2803 
4546 1785 
1523 1088 
1926 1158 
1736 3603 
4493 3549 
297 3987 
1531 841 
4050 2052 
513 1957 
2590 2655 
3449 4873 
2429 3483 
2558 1089 
1577 2338 
2798 221 
140 3695 
2006 3015 
4783 283 
524 2870 
237 16 
1418 1885 
354 4300 
2725 755 
1351 3237 
2711 293 
2243 1159 
165 1024 
4642 2722 
2112 2570 
1411 1261 
2791 2903 
4956 1148 
917 1090 
2782 1440 
3959 3018 
2807 376 
4902 4512 
4675 3979 
266 2378 
3567 2977 
2670 2162 
4135 2834 
