1 10
100 200
201 210
900 1000
1 2
2 1
1 1
100 100
100 101
1 50
50 1000
1000 9001
9001 100000
100000 100000
100000 250000
250000 500000
500000 750000
750000 999999
1 999999
999999 1
142013 151511
42006 974281
741456 843152
624529 742191
423811 931397
471531 946365
770026 897639
154646 786222
17233 584321
724958 906793
14511 237889
189817 823250
295141 803322
758667 889486
15805 583135
47032 495653
318394 372344
105625 197946
601250 858304
71282 451024
353679 574312
433604 551617
137549 258989
323900 357578
194192 252873
2955 914749
770314 823496
385963 535156
207050 293705
356902 871116
550827 778248
18354 569773
130130 294374
238690 409377
452124 756704
33480 662578
398134 659183
146465 172427
292979 622149
390424 403488
87455 812493
435003 725925
427078 960119
309398 726503
308430 779444
849551 933421
273237 932390
84509 505023
259310 504725
249444 547967
57315 615713
46765 375413
360171 576817
127494 987331
13249 251552
162423 292278
696908 710089
325921 528718
208840 768764
194623 622702
624121 653505
99718 773928
863523 948203
130375 239784
80909 912910
84287 995278
312514 828890
65238 87014
207984 411680
419240 491231
666096 852049
419993 876608
315366 458715
1528 901889
111740 184163
330003 584311
429686 525757
44598 53630
627586 987021
837258 918338
155796 383053
123021 707143
81720 202055
737974 943471
503057 509509
937935 976644
674345 885376
497862 499810
339248 947354
654236 973054
290415 730328
320236 446150
117753 158152
562075 784469
382176 673081
195009 777132
476743 949028
337475 870177
148652 827637
287446 303964
201893 513402
37032 677695
211513 808212
660933 998845
364108 983334
446717 467356
571142 681517
282977 547982
318700 470888
159633 768593
382570 899074
413372 955655
831435 953103
297013 660817
518115 640576
548463 810738
453531 572450
499668 549015
266528 867217
464259 884273
90631 168171
463118 878584
632944 691815
247954 320528
319669 342637
63187 848211
191625 785607
450312 534493
81369 770839
724822 969311
491116 765489
306968 428977
586774 724038
628861 815128
236486 917432
317018 964474
16274 916997
319191 340295
236406 391612
152958 903988
271955 509214
44040 71435
501835 893541
315665 622231
54488 807445
274767 730207
507625 549554
676325 764824
274301 576560
339490 905746
495534 791442
185693 963468
15820 23409
784063 926720
336127 823691
196516 701017
231623 520391
411845 484721
333088 853005
273937 755218
163694 680530
281410 596281
16671 672169
365390 698114
281165 898740
345051 672679
244242 742246
163689 432838
575754 984800
140261 625173
892337 967770
651892 692249
141630 596172
91317 915016
330454 348448
208811 476982
762179 917715
482159 735871
337568 942763
662056 681007
229254 497880
410245 828074
142571 921602
219195 496213
312917 830704
177620 806592
187625 501570
262313 297840
13292 112939
541000 905438
352729 828950
241773 740995
197129 906962
92516 116949
24116 650911
30380 407077
461172 752505
758440 764354
657355 753708
635160 890398
538985 714198
547251 926594
461276 518494
80051 123299
301099 929492
128661 835726
581237 613350
677980 701246
196353 566532
669953 743309
95865 176468
680981 972712
577887 649306
495027 792088
197788 448954
92528 529046
36615 792687
299419 979992
198650 692459
384973 576888
13445 383658
3153 72270
138890 296116
632782 778625
100992 997775
406246 718348
190135 507451
304358 751332
508554 608185
208308 644793
413780 569064
804828 906863
184384 360395
338689 340629
319744 958875
93642 588473
163062 684618
583 630440
537758 861709
89554 207343
628897 872602
33805 170701
258242 985740
210181 411484
446062 601298
168183 613921
292697 769567
370670 824179
55826 142107
315897 948795
831450 835458
449877 827674
31725 398721
295948 676965
181759 711670
295717 909866
111883 310457
472427 659256
407880 994267
443394 499818
624081 957427
253410 509593
362816 563236
55185 189287
55280 196251
48704 679821
237225 940036
90079 923332
64441 418688
158698 935309
2193 128546
42076 203293
52432 700661
317478 372590
122906 631150
169504 619184
193567 536952
470233 493933
382768 706923
180493 814267
431976 984123
594009 606785
332955 344425
165314 289264
298398 957267
244362 272664
310406 649354
4510 382783
263340 918941
267830 525533
275447 965085
121315 508738
701368 994809
924507 958235
488890 532499
674177 871151
600578 807400
145934 738139
582293 969167
86358 89021
739840 990090
779497 785913
173588 494038
158858 767530
395076 431803
732443 860486
905148 905909
273152 861007
237144 512908
902392 994890
342252 784130
660575 757780
109775 684558
128128 693236
110388 329808
464197 750968
133378 790851
268930 657472
225285 777052
24390 220202
8886 619334
232110 760248
523497 986270
516679 757881
103060 472064
529064 670709
471586 670998
136377 602741
459017 889608
926797 974367
459201 816533
144001 277160
322714 973886
22450 730631
143066 505426
847424 860776
72705 873043
7995 735022
256030 686039
63510 331515
62127 192438
897122 991983
458070 562567
441040 720033
873513 925765
183953 370594
125918 485316
231877 402611
347168 930622
546908 614687
521575 796413
441683 500766
122139 622874
57988 258375
181732 571189
561542 955137
318451 807234
49491 701168
454922 670038
104640 361096
594214 615555
785648 887274
83042 296019
774627 789678
739428 820564
447953 546739
139611 972313
9214 229841
398382 748748
152894 212972
156815 420583
733442 909517
593531 640594
334149 739207
129469 805771
152571 758032
732878 961011
214444 305045
335525 446782
168764 218128
6143 854997
57210 322528
692546 742647
206755 661916
320863 457572
49564 611729
43963 848266
339621 463631
295636 865171
625131 900540
730418 883894
569002 756091
482361 977396
583387 862924
275887 899637
698038 722887
462796 980223
125375 771806
708691 796925
198444 896491
292447 641515
146796 808812
822034 846957
317506 741318
45554 982418
423645 691907
270097 550322
439174 740266
258338 922895
436407 635199
568664 592586
95289 908464
308535 441794
540688 872721
1113 832652
83526 753589
105584 135936
110122 738410
121718 317966
667343 719203
72017 566090
177848 755807
86383 814852
828060 904249
384578 434391
689526 965564
695034 696692
174207 291840
85077 743799
325324 549513
43518 863015
80219 533009
291658 509583
132257 237953
255330 866617
225580 480968
290647 602479
704886 848495
841733 980733
123726 819652
107639 829362
13976 118297
261864 534231
557521 846634
48508 983731
192739 475545
367947 520750
714569 878429
605865 690485
726516 858357
191680 708030
487471 554428
568416 978178
678023 804815
827848 997920
328037 976846
488860 692820
370581 382161
714172 805283
487918 668685
313007 977502
637636 893753
268273 720178
42552 926403
200278 560435
157908 632559
32402 323119
50662 549257
619180 760181
160053 550306
262622 402869
631780 934606
540343 573131
196340 426464
492716 838477
581897 982266
462611 795581
351744 747615
334583 737795
167148 972698
191493 593481
455353 681186
165389 189643
469275 552928
541430 568771
227466 597862
64909 161654
172549 564504
182190 539396
806980 842220
285158 927132
321202 753074
101497 836506
774070 778181
670208 795316
163631 575421
625853 658556
758409 793506
303982 691424
77426 534289
547243 896341
490414 590309
398449 480692
619952 737853
513023 615808
112543 605261
126480 426123
7402 478534
89586 818102
188194 967276
121802 393141
363134 415811
672990 936894
560536 562250
442464 932209
486761 783880
698918 798375
366985 965300
637916 884021
123505 706747
233580 686112
304802 824361
386629 630587
81163 606972
177387 504861
432442 621231
240416 291712
576258 945093
309976 483898
640508 832049
413282 488282
410811 527704
276984 883093
157086 284156
629338 916071
687138 799317
476878 487985
505214 727034
310288 685266
594715 621217
383312 498501
553956 688308
883505 924997
257688 757503
88542 97371
481918 677786
481050 998488
123409 760431
83442 502755
358185 847603
152365 328888
253131 581590
452812 874070
356591 550230
50257 745442
48708 901105
192725 767507
607279 626886
624060 884991
101323 162127
188614 941931
359955 774547
262727 806053
299430 647468
561991 967496
9198 894762
614891 623494
298808 785202
480474 756017
414891 858354
293932 798861
139035 376740
255365 411751
111530 351029
669610 687364
849225 885032
120583 493469
557502 714083
197360 382597
445735 842032
328488 766125
82464 310542
648797 722920
373218 629474
122514 272586
358024 705285
239135 721379
234888 355706
439915 863444
104542 493543
305959 353283
42530 594436
69562 531348
329246 741921
141616 960693
450728 544710
867310 984048
423845 966521
222429 831256
178950 667867
126320 761308
652267 713534
365211 793969
226836 854753
43119 345969
15655 813003
330119 613126
564760 575740
92277 141232
166848 310428
153442 427181
520380 919871
730244 820118
782198 844635
294119 657464
65671 419793
396902 426875
14813 413691
388003 781059
716069 780650
256764 885159
262536 438163
421253 451849
628734 747820
83066 851354
397326 433010
560726 758053
446187 988685
90651 638343
46010 54207
172438 510529
398973 517541
343077 389735
298640 797541
33555 301459
447002 931041
180037 347592
825289 994731
506502 710036
424907 889597
34710 237178
98932 171248
745050 913459
399165 674369
424192 864902
695545 760701
147777 614129
376488 640401
153 669952
670472 870506
849287 897602
200501 434274
63402 322423
116667 996322
223241 952145
612242 708960
506501 715497
50761 139948
54321 388041
284961 401241
519640 626890
166067 751967
512946 821045
205830 337996
2704 545301
152665 516575
526406 555515
46682 848753
797361 938283
277065 742938
357663 932359
756573 954693
272092 554227
65641 459239
326770 843497
510103 760267
179140 281942
472318 493270
201161 803868
733724 770118
49061 120870
1551 718445
292593 764883
66149 321793
73182 677473
95346 526575
346604 825162
525709 797336
224575 665729
608416 690942
52720 677264
348538 614305
271185 617207
45291 294225
532544 824477
366437 944883
319399 336221
23565 200555
62523 189729
540711 754974
180867 834797
61247 661819
269840 549349
418217 792071
55190 794073
324987 777797
164312 719187
550446 852119
74829 244440
518467 554928
341559 517171
55689 610165
134561 686697
517826 876492
261948 581919
778415 782907
626946 649679
560539 631716
121863 175092
512934 977453
411835 601352
327772 362530
500211 915414
228180 291566
821190 822094
90110 108521
329120 807728
179963 476052
158771 341194
415216 747752
136466 780877
119494 411196
125650 920443
442489 939127
479433 616758
585912 636902
965125 970172
280598 737102
276221 800611
116018 771809
124109 873993
217899 247829
193517 755936
27256 606391
312977 905557
382828 920015
232128 253152
643551 745781
792878 890863
819800 842829
275422 347747
429776 806672
127860 566868
71880 642852
273419 342336
304635 384355
206154 691977
329169 590824
589337 969459
314168 947648
32687 103559
795891 959195
197953 386068
326703 455115
242678 418346
664750 851523
584956 594369
335664 675227
305587 723545
167452 338361
198892 248772
448993 589205
399742 705629
682558 687698
419623 729059
344476 948853
545103 803325
39308 69565
163396 986343
366326 576288
243183 829047
5445 94853
513204 922709
16337 234694
143106 572702
798609 986411
338234 633224
641998 752388
1236 358063
502171 716965
412895 796258
898638 910790
740333 839141
94155 172227
260642 319396
12237 541646
75393 402565
612074 836347
424977 586380
613553 834441
112796 555027
437162 754124
405730 997531
971336 974751
404397 725024
588768 847232
595294 907939
14015 837528
166042 604052
371518 616297
809965 973683
105063 796875
451746 560699
473598 737534
29636 650600
356684 820615
844858 961265
12362 625013
768806 803202
24535 868514
508865 974432
174496 840139
219254 769888
413549 896138
108431 137307
91160 174855
106851 936245
26713 265745
37889 333252
483914 904145
63415 373240
133410 361228
305289 746175
618975 635770
203124 684196
1209 143335
279929 988850
746424 783906
565465 724572
284600 745284
557056 940539
528700 751520
389232 976794
248211 878788
534469 897619
298986 938195
174851 657882
617541 796910
179207 702466
265955 761166
443143 761313
18167 967282
777678 930406
218990 722008
191581 812619
403395 947696
270237 299335
185607 707856
53074 238981
464150 740364
386706 954788
259604 836067
312028 938440
557163 847478
342542 453144
308244 892874
109269 159883
310197 354482
233024 972956
778767 794749
130970 828861
38556 562020
66750 721007
304531 959330
25134 905497
609160 939616
805554 995365
363012 418703
236377 735219
38576 39638
701003 784643
250782 820797
632693 639862
670803 993019
212301 890420
150889 261605
137135 970049
294118 879816
300476 770132
423722 926774
214109 801753
83484 762006
216599 950028
35278 999806
488795 573036
961683 977464
742833 880504
111200 663846
741636 800861
449844 571343
12426 388711
838575 872773
314720 583423
188221 586741
518399 686643
73612 968246
7077 642460
505834 506319
403201 812307
55436 137520
171646 763489
133305 844947
916931 973871
22139 896275
480886 631715
239571 733691
694066 811802
36506 154570
91121 679900
379762 390982
158224 222412
766466 910975
328767 513018
31766 889998
129382 780004
307932 943383
346456 708176
2548 962716
376925 550544
555487 721631
351313 946803
614412 994678
311926 337145
714066 832298
76652 307154
60465 560921
951165 992895
59963 499994
102750 380684
162465 697263
66325 758862
244103 546460
418422 636442
323140 704757
34772 265108
121744 196982
128106 752241
469468 806244
615483 835341
171238 904856
26282 756969
329985 414451
648859 755489
298023 685570
160201 192977
294648 773120
328739 495926
499088 924464
184930 779808
203410 580842
115771 384916
156722 409549
177369 823912
268919 884964
177095 197518
405982 626867
29163 993675
273703 426683
430998 753752
172187 821283
302098 571096
198418 892265
869179 999439
192282 572054
46532 267925
84801 516391
800488 806977
679070 996412
599517 934718
546812 790533
119860 467810
455954 784000
102584 887947
463625 542960
58050 204121
383360 509043
565305 804460
75481 949557
284940 615378
900657 979356
671907 871327
168058 919252
14814 432142
192088 547391
300389 524347
550509 629566
627592 937012
39801 384084
150165 978252
332862 910146
