1 10
100 200
201 210
900 1000
8451 8629
6279 6820
2000 3339
3485 3682
89 6347
2995 4473
3027 8662
4901 7727
5954 7801
3062 5162
4632 5922
1184 5620
2628 5860
1933 8906
6281 9157
5055 6871
5043 8685
2767 6065
2752 3921
1325 3214
9073 9878
4182 6190
890 4915
1361 3843
6545 9289
8392 9040
2147 4242
5747 5914
2794 7850
4507 5427
9871 9978
6106 9427
8217 8339
1701 3053
37 2225
5576 6270
4604 4807
2000 9262
2283 5355
3486 8331
1119 5578
5898 6287
5100 5150
607 8865
6565 7938
1277 5780
1146 1580
8678 8895
2989 8391
2492 6683
1460 6480
5925 6660
3407 5139
3777 4705
4158 9934
7492 9270
4674 8911
1906 5879
4956 6856
740 4500
182 803
8626 9450
3809 6283
6191 8007
1582 6308
2601 7760
2555 2774
6438 8708
8564 9481
1062 7635
4199 5826
1657 8152
6101 7717
1606 8636
331 7199
6190 8524
4126 7924
3073 7924
550 3327
5440 6393
6189 7375
4576 5151
714 6650
5057 7570
5179 9151
3143 7971
2329 9481
6756 8498
4566 7989
206 653
6265 7674
2533 9642
9440 9577
3184 8164
559 4728
4216 5533
3638 4244
3871 7379
1767 8450
7103 7980
3938 4127
4395 6946
8617 8986
6783 7617
4661 6120
2765 5967
83 8405
2212 3227
4544 9687
3217 9695
5968 6953
5984 8257
5090 6324
752 3624
3172 9760
4888 9474
1464 9812
2504 2627
180 3276
491 8267
513 4887
845 6785
348 2964
70 5070
3479 8300
349 5927
1290 2701
5923 8613
169 3133
99 4807
1641 7510
2810 3294
1174 8891
1918 6443
7887 8948
644 8862
325 1119
4812 9740
3354 8730
8154 9304
2333 8154
2512 3989
513 8805
5604 6444
3335 5708
4199 5178
2497 8385
359 2070
2907 9470
1169 5618
117 1278
2896 9227
1041 4406
5762 8671
737 1899
6215 8829
3580 4525
2304 4557
93 5137
2247 7369
4838 9246
4649 9115
2457 6477
2274 7632
6716 9104
496 4223
469 7989
4070 6868
3946 4290
8299 9176
6699 7589
4636 6486
80 2850
4608 6963
5848 7729
1275 9175
548 9742
3485 9502
3073 7871
2092 3410
1522 3470
6326 7279
2086 2952
5651 9682
1589 7285
1779 9890
2893 8186
6570 7096
7855 8890
106 7301
1893 5912
1244 5664
5730 7091
3161 8870
635 7198
714 6286
2926 5266
2924 6497
6347 9517
6639 9094
6281 9039
6205 9043
5220 7190
4931 8922
4480 7191
616 3585
2128 9762
1839 3770
6719 9638
2574 7048
4727 6772
1355 2752
2510 3684
7434 9813
2001 8190
1171 1840
956 1523
6896 7434
903 3146
330 4930
4271 7461
3247 5690
1994 3895
1910 4792
1087 8634
3937 6888
3239 5798
181 7351
5293 5939
1876 3728
1581 2784
3215 4711
7825 8437
93 9457
2375 7005
870 4704
1802 4893
207 1097
6660 8878
2462 2551
5296 6442
4506 7688
9339 9948
2260 8401
3488 6575
6429 9781
5626 8141
4137 5948
3946 7324
2548 7212
375 642
1339 6904
509 4589
2082 5355
2020 9977
1136 3268
5058 8798
2645 7777
4067 8060
3337 7747
1549 2045
526 1910
1525 4403
2096 4971
7926 9266
3256 6884
1117 2366
2014 2734
3544 6939
3768 7832
3198 7852
4435 7811
9542 9612
3634 8988
4380 5716
9532 9648
3687 3936
4800 7550
1363 2595
4847 8206
4934 6715
7776 8647
3877 6011
1754 8701
152 6674
47 2106
2730 9846
3193 7558
5854 8747
4304 6610
7266 8318
3050 3504
2034 5661
145 3162
6809 7985
4251 5147
383 6796
7025 8393
1078 6027
4610 9196
1913 3375
1309 4404
2232 8063
4680 9027
1012 4345
3631 8779
1617 3207
743 1736
5479 5827
7469 7990
688 5195
3385 6850
105 6310
8191 9823
435 740
6879 8553
6705 9924
2836 5466
1919 8106
307 7308
6576 9957
1995 7877
3764 6395
2187 3417
3347 7212
1223 5701
1309 1846
6653 7831
6576 9411
6221 6702
6756 9843
2778 4307
5876 9893
2257 9481
2628 8152
1607 6366
1160 9618
3763 4805
5521 6414
474 9654
5043 5380
3020 7588
1283 1429
7760 7980
4677 5850
4657 9334
4062 8301
4277 6097
1064 9187
1661 1951
2153 9792
557 3190
2692 7104
3712 4702
2308 7178
2576 9962
1886 8252
7559 9695
3202 9921
3977 8895
5280 7276
5228 8302
6246 6533
6369 8936
2799 9814
3963 7601
7502 9177
3679 6949
744 1762
2094 8442
977 4419
6736 8909
4266 5013
981 2689
4064 9003
4168 9210
2920 4138
4341 5818
1634 8701
5011 9165
5996 6192
65 4609
2439 8952
7381 8616
4329 5388
4092 4897
329 9474
350 3759
1713 7150
6807 6866
2405 2708
340 493
18 982
8430 8942
7209 9940
3382 6475
1574 5477
8594 9732
4481 8168
4092 5068
4611 4730
1097 2302
5856 9401
508 7594
3405 3701
7360 8597
2435 6066
876 6097
1007 1128
1131 5245
8130 8415
6641 8885
6921 7774
1321 7576
4853 7624
3239 8164
5568 9721
4772 9256
1198 1257
1015 5671
4202 8597
334 7062
7815 9295
1348 9369
32 5415
1922 9756
4850 7550
404 3234
2906 6993
5158 9460
5633 5713
6596 9308
1230 4613
1522 7892
602 6866
2691 8393
106 1605
4583 7862
141 3593
387 5769
1856 8911
1006 3429
357 6380
4904 5907
4928 5582
2424 5729
128 369
6846 6976
5176 9016
4839 5366
69 8956
4134 7333
3353 9009
2356 6436
1408 5290
5793 6399
7480 7601
6104 6120
2077 7490
4406 6467
381 1098
122 3340
761 5529
2540 4049
5976 7635
8503 9889
288 527
2205 3027
1739 3085
2920 7141
4077 9919
8015 8546
7647 7787
8049 8653
287 4082
4625 8522
8187 8260
5020 8413
1917 9391
393 3053
6328 6835
3141 6649
3661 7470
4455 4493
818 5245
728 4029
1208 1820
1933 9578
7289 9940
5714 6290
5213 9682
9185 9574
5725 9520
4167 6004
712 6784
3786 8677
7034 8300
2867 8230
6881 7966
2902 7946
6581 9157
6383 9528
3605 6261
333 6221
1408 1577
1418 7999
6036 9692
5197 6987
582 9061
217 2874
2134 5672
8 3290
1288 9022
979 2045
3024 5235
574 5453
1321 7207
7115 8912
6382 7880
911 5619
5073 5443
5082 7582
4336 4412
8195 9104
2276 6378
911 1594
263 9615
3431 5279
529 1075
1519 1772
2350 7296
362 7379
181 8371
1046 9923
7796 9643
1828 3028
1579 6925
2929 9349
5837 7520
1263 9986
3422 4211
2905 9996
3394 6725
3675 8728
2492 3818
1187 2880
1099 5519
7317 7609
6117 6230
4157 6748
1919 6800
4880 9218
6998 9192
5760 9308
3191 4818
445 6031
4580 4918
2283 9300
76 1501
2600 4921
408 9965
5715 8827
4567 6358
2786 9508
26 9303
81 3763
2651 5792
5379 6231
2629 3239
303 8724
1287 2593
3302 9250
2158 7844
394 8502
5723 9195
2770 7751
6715 7293
6489 8766
4409 6342
7669 8041
3976 7657
44 3475
7217 8748
2218 6493
546 4376
1893 7901
6481 8515
739 9806
3854 8322
7066 9445
1027 1345
388 4365
255 4457
7378 8528
2235 5791
2306 3243
1716 6208
3326 6553
3893 9352
5590 9595
4966 9468
2491 2662
4073 6538
1991 2469
5784 6326
5550 7286
1811 2857
2214 7213
529 4619
2694 3877
6479 8484
1805 7181
737 4897
7829 8779
5537 5953
3430 3771
899 9000
6471 9329
6367 7007
4054 6701
533 7149
6156 8314
628 7729
5248 5862
1318 2712
27 6012
3563 3707
938 6630
1843 6143
4827 6440
1306 5069
5217 8972
4042 6369
7620 8156
7285 8551
900 2152
3913 5531
6579 8461
1854 4138
1654 5180
1822 2631
1367 6776
7894 7985
5837 9751
750 2478
2232 7536
6370 9661
2668 2836
342 9622
872 3832
3024 4182
1068 6677
709 7401
2074 5981
919 3078
5340 8052
226 7957
1280 7596
5050 7478
1482 8501
1655 6051
6049 7399
3976 6494
374 2009
6865 7638
992 6944
3941 4896
3740 7293
3080 6510
1178 6923
976 5244
3815 6432
3937 9693
3919 8502
1390 7066
2213 7061
4530 7425
5301 7892
6642 7249
589 1941
4371 7534
609 9655
3305 7206
2619 3409
7914 8731
1343 2130
2915 3897
2121 6261
1606 9917
244 1262
2365 6332
1609 4290
1761 2654
6616 8606
162 2587
1212 1368
1217 9348
4258 5982
7012 8584
2319 8980
1237 6157
5550 9573
2150 5952
808 1143
5125 5751
398 862
3650 4903
2119 8070
3385 4651
3071 8261
369 9195
9152 9547
9327 9674
1060 1596
286 1302
6618 9083
4764 8122
4489 7162
1338 8088
2326 9067
2057 6712
1297 7032
5873 8160
4786 6707
3151 5005
318 2126
1653 4469
1234 8444
8763 9899
4530 8863
2222 4467
519 738
2943 8586
184 9601
1581 3019
3225 8707
6413 9534
2130 8672
1036 9661
2462 8494
4809 7766
3774 3784
1724 7041
7092 7299
2809 8603
7487 7770
863 3739
2474 5135
3083 7047
4716 8898
11 6948
661 1253
4998 6764
8901 9900
1305 6910
2367 2603
899 8915
370 4937
5206 9640
728 1125
3357 4013
96 563
253 4984
1414 4038
2359 2836
431 8745
5937 6718
5555 7180
791 3207
4990 8989
2556 2683
426 5375
1630 8200
1840 9650
7781 9024
9534 9770
3340 4229
4411 7208
418 4299
874 9729
2056 2418
4197 7389
519 5850
611 3427
2562 8180
7818 8367
344 6101
66 940
4299 7678
933 3933
4158 5947
1489 6688
4584 6841
1129 3740
7926 9570
5906 7626
811 4444
2656 6609
7313 8780
4967 7535
4129 8418
2902 7070
5148 7336
1015 3738
1824 3463
816 3655
2437 9070
1330 8764
3753 9864
3680 4111
1217 2111
170 3823
1418 9601
698 8260
8920 9523
1701 6771
5993 8884
2691 7198
366 787
2568 4293
1022 3337
3207 8060
3645 7549
2166 3060
222 8268
4210 5495
1160 9651
5691 7182
719 1407
192 1186
127 8451
419 9423
814 8269
4709 8360
719 8176
463 1368
263 6252
8348 8664
5084 7451
7855 8219
4781 5430
1765 4693
715 5190
2554 6714
5736 8192
2634 7817
2934 7718
1515 3203
4356 8242
4951 8325
357 3983
3830 5699
2412 8613
7976 8517
3599 7507
2116 7987
1563 9835
1839 9453
189 7662
418 9777
528 4736
837 1430
3578 5636
7335 7643
3979 4747
1170 2853
2194 4567
5577 8257
4302 9772
5898 6495
2153 9322
3205 5413
4732 9117
4126 5145
3232 8577
4498 5482
364 499
4022 6300
6627 8049
2867 8453
4854 9852
806 7889
4684 6362
4255 5027
3521 5924
9 4471
2961 5569
4593 6233
3362 6146
4747 5686
7765 9510
4435 6102
3086 9967
6381 8672
1173 9741
2204 3356
3306 5945
1653 9821
817 1345
3874 7351
2196 5575
6402 7702
2526 5927
4195 4555
3134 3235
8505 8954
7056 8735
2666 6071
932 3869
1289 4751
1459 2398
1492 2916
5833 9944
5935 6659
948 4386
8720 8904
6529 7554
1014 4740
3490 4533
4871 7993
308 8755
3964 6459
4418 9078
1290 8530
4218 6778
2915 4614
148 5031
2272 2833
777 3387
5102 8335
939 3695
2266 2908
2464 9703
4764 5619
196 2154
6825 8782
2356 9336
4474 6855
7234 7740
2954 3320
2691 6731
2994 3637
4921 5677
5318 9910
4454 5517
5507 8699
7689 8781
1945 7009
6196 9257
4337 7677
6819 7089
4046 8190
6719 6876
207 6494
2675 4546
701 7582
1172 8675
252 6497
2610 5977
4569 6951
589 9833
1982 2156
1376 3761
7469 9889
3325 5857
802 2621
5105 7598
1180 5545
3692 9870
2824 8056
4322 5208
1242 5445
5328 5590
3677 4435
4307 7742
29 2185
5285 8914
1898 4161
4795 9288
4251 7103
3766 6283
267 2255
1219 3684
2398 7070
1838 8932
6591 7141
2086 8667
1109 7475
1673 5643
6718 8731
2546 7728
1798 9150
2059 4050
5667 8884
1171 8195
558 8471
8472 9591
2944 9207
637 7512
593 6855
