592 811
323 869
126 368
294 380
51 943
316 884
118 134
54 781
740 904
312 516
90 179
8 738
774 858
690 833
12 707
636 644
394 559
71 92
70 95
144 536
174 514
441 895
346 836
73 217
415 832
409 921
245 984
520 661
588 633
881 914
414 789
641 723
14 461
4 107
278 760
134 389
11 441
117 535
158 457
254 663
14 955
157 405
596 484
277 812
47 207
481 954
490 605
575 825
79 952
23 578
131 673
428 877
210 528
435 681
136 459
381 702
155 374
731 915
532 793
499 747
598 895
111 714
147 586
321 378
613 666
221 920
222 409
953 982
432 640
224 916
485 983
43 336
193 484
78 591
190 556
220 855
349 699
281 500
97 751
258 823
386 865
72 974
386 442
628 901
370 763
77 836
813 888
269 492
748 789
450 651
44 527
178 580
456 897
365 756
634 791
636 794
65 516
774 929
84 520
329 675
4031 4779
4493 4843
2430 2527
2333 3196
4393 4806
2392 3875
3814 4455
3191 3842
1565 3644
2102 2535
3540 3554
2518 2966
2772 3385
3474 4211
3719 4097
1868 2818
1401 4493
2646 3032
2386 3261
2248 4284
3273 4849
2783 4933
2555 2829
4305 4550
1259 3737
3842 4815
1622 1901
3589 4469
2773 4047
1779 4098
1618 2601
1964 4533
1999 4772
2241 4468
2147 2484
1276 4636
3047 4577
3060 3497
2987 3185
1186 3351
1656 4811
4191 4428
1132 3846
3716 3796
2108 3263
1440 2463
2399 4117
1950 2209
2802 3413
2839 2861
1731 4364
2054 3637
4714 4996
1755 4215
1849 3352
3452 4965
3377 4931
1517 4842
2613 4753
1811 2868
2345 3655
1250 1970
3803 4531
2223 3653
2103 2794
1206 3613
1036 2236
3509 4817
2250 3584
1989 3068
2509 3999
3980 4361
1463 3657
2525 4527
1823 4640
1520 4351
1532 3423
1620 2144
1089 2625
1921 3737
2619 2993
4002 4463
1254 3522
1581 1720
1764 4163
1464 4554
1372 4385
2502 4078
1411 4164
1095 1317
3975 3979
1650 4417
4315 4676
3638 4868
2249 3138
2615 4469
1451 4721
1340 4400
2292 4013
2901 4668
7597 8256
8859 9083
6234 6497
5694 8084
7869 8625
8782 9572
6997 8995
6082 8702
7282 7640
7898 8343
7427 9890
8196 9336
5811 8008
7230 7810
7587 8243
6850 9668
5615 9030
6123 6354
7093 8502
5606 7301
5816 6946
5207 5416
5357 9915
6223 6372
6119 7660
5182 6943
7629 9713
8616 9763
6626 8817
8292 9867
7036 9883
6179 7273
6518 7717
8476 9312
9560 7800
5197 6799
6326 7589
5860 6389
6614 6954
5642 6078
7525 9760
8001 9151
7299 7538
9372 9851
7095 7278
6582 8348
5482 6910
6239 8380
5732 5807
5163 7979
5843 6454
5622 7619
6311 6470
5109 9412
6313 7967
8226 9977
7749 8731
7037 9361
6147 8570
6349 7143
5396 6754
5921 9711
7297 9524
5163 6630
5679 5770
5942 8243
5626 6687
9083 9361
8877 8951
7302 9859
5096 5949
5599 7977
9434 9937
8329 9415
6203 8593
5938 6599
8374 9999
8249 9413
5205 7812
6405 9888
7519 8718
7818 9029
7094 9785
5676 6221
7604 9360
5885 8512
6978 8057
7772 9665
6096 7973
6758 7579
6073 9694
5971 9220
7692 9312
5165 9541
7005 7749
6798 8245
5349 6485
6063 9123
6130 8210
8796 9003
22628 23884
24420 24651
20708 23234
20811 23572
21051 23680
22996 23579
20046 23919
20527 24350
20252 23432
20678 24556
20147 20441
22444 23063
21186 23513
24345 24534
21454 23144
23326 23648
20075 24823
21114 22047
20391 24228
20838 22928
21967 21978
20516 22123
20869 22705
24307 24431
23238 23484
22248 24378
23235 24176
20513 21215
24615 24950
20794 23864
21203 23024
21845 24261
24428 24759
23809 23839
21803 24776
21042 22160
22963 23490
20979 21271
21346 23794
20390 20683
21659 23195
22731 24120
22006 24700
20953 24279
21521 22015
20624 21977
23172 24812
24176 24718
20298 22857
20135 21734
32619 37308
28884 30890
36724 39509
30423 34416
43038 44482
29872 37740
34715 44952
32723 40863
29520 29654
27708 49580
38391 47658
31080 34161
31978 32387
30069 44973
36585 40046
36684 45154
37674 38315
28720 41876
37805 49522
38539 48802
36914 37383
25826 35445
25726 42401
37184 41834
39954 46051
34606 36824
39260 48979
26503 34397
35570 38784
27964 39053
43270 43511
33913 43575
34016 44360
36698 47680
43481 44588
30132 49152
34502 48132
32584 36836
41398 42708
30451 30833
36022 40644
37404 43606
43240 45892
26979 45201
33660 42582
33204 37366
25908 37015
32235 34490
36883 37504
43452 49966
102710 104451
102036 103095
103212 103245
101998 104126
101521 104852
102165 103531
103231 104076
100647 101946
102142 102648
100616 101566
101133 103831
103910 104946
101056 101953
100721 101019
100280 100699
100920 102227
102986 103500
100327 101164
102129 104091
101654 103706
102704 103683
100982 101074
100733 101656
102594 104651
102327 102445
100488 100710
104616 104640
102443 104672
100682 104257
102202 104404
101703 104959
101421 102932
104206 104323
101050 101842
101599 104716
102960 103601
100824 101879
101618 102697
101917 102364
102415 103396
100392 101522
100414 103090
100983 101585
103193 103225
101322 101642
101092 103147
101661 104370
100616 104721
104226 104948
102645 101757
131437 132661
106519 136685
116136 145116
111538 144097
113492 143716
123771 129774
141699 145797
105962 135744
115786 135138
109244 110021
110993 142899
127872 136289
127414 129346
125715 134430
105489 107149
133677 147975
135260 149520
114515 132510
108927 147074
126706 145354
108826 140661
118097 135427
105841 129839
120415 129057
127702 141526
138613 143083
109397 148794
106712 112765
105266 145315
106656 140211
131349 131890
148941 149458
107448 145394
144452 145163
116148 120939
114466 134928
107764 131500
125872 133221
111946 128780
121169 145865
122918 135064
127006 145301
138468 140130
118161 129741
112883 119802
112213 116508
113558 125742
127055 133132
126132 142847
131026 131465
551404 563582
586325 589813
558290 578878
502293 555236
522354 572732
572111 582922
529320 585210
537287 570897
520746 538610
523257 530152
534622 565885
572289 594236
557324 590865
516122 519030
505924 515696
503290 566328
541307 576310
515772 536731
542554 567551
513313 551305
530849 581945
516977 565920
550324 589200
595222 597220
540299 579635
504158 519410
501427 567830
510696 534381
533934 576248
580137 589784
533893 563024
521440 548523
519698 586444
520516 576355
528839 594736
534563 563740
539049 584395
511494 530276
501910 538971
571881 593748
568509 598254
501041 511941
553807 577542
572826 588261
531285 580518
523049 596081
543879 559266
526768 586056
517620 533134
591997 599989
720631 724103
742438 743404
721755 748842
710277 717150
722408 736281
711524 714933
709171 715525
707319 745941
710028 735659
728166 745089
724809 739605
719827 739560
700319 712524
711794 731004
721778 726631
727483 746272
714594 727375
745007 719889
713983 749495
705202 709722
701404 713441
714447 731813
726972 737547
708490 732646
706029 715561
737524 741589
714424 747828
706315 733108
737731 746945
738426 742692
711925 743506
724746 749411
721238 735887
708485 749274
721732 744004
703341 726253
722746 740909
737865 749109
704775 711007
702886 728509
720560 745419
708323 715687
742869 746266
706565 734857
716553 743340
722794 724148
713948 737558
725241 739783
725830 736091
727040 736219
987776 989545
909198 993373
928877 948725
954689 978871
907162 961082
950290 992567
963916 988572
906676 979699
952889 989535
939209 961125
956957 986896
950753 961989
975998 996886
911572 918421
907713 960769
989574 997513
943447 978264
941315 969748
931756 940811
908852 961021
930390 943183
936610 981533
925043 983618
952798 955579
932485 975746
916702 953952
916012 929240
915041 981698
933638 955452
947799 978384
924588 951481
901645 923163
956402 957546
932494 940436
910162 997273
915498 945685
915192 994841
925373 933324
920741 943989
963920 996370
904332 952969
983402 993736
987209 997912
947049 969285
945412 946856
969225 978741
910623 979316
971806 990570
972185 983365
929782 973388
904070 982945
923090 928711
942370 969537
943663 952205
950296 955742
917811 919661
957027 994820
920819 954810
933691 937646
927085 939806
901064 901237
963818 999095
917431 918782
919099 925154
928481 966332
929342 934973
949712 980273
919812 951303
909008 942836
930921 980098
950887 998946
919062 974501
961779 997567
924131 935530
924951 925011
942183 977271
978047 978127
914842 967619
964332 967270
919263 924037
903060 949407
955997 996964
959072 979189
964816 988669
903614 989250
919971 923050
904887 964109
971098 990840
940433 996806
920238 939205
903630 917007
906224 907603
911321 999704
919975 933146
907845 916521
969913 984475
949862 978071
989848 993633
942090 966019
918918 932894
2284 5112
2733 4338
3735 5271
1276 2026
2266 3299
2124 3233
1984 1512
2276 5628
2393 4557
1670 3339
1969 5027
1963 3077
2111 3337
3209 4803
2897 3828
1240 5349
2665 3758
3726 4667
3475 4316
3106 4730
3166 3980
2102 3124
3554 4430
1239 4060
4720 4908
1795 2679
2563 2929
1293 4276
4988 5378
1520 1845
1965 2276
1262 5385
1899 2810
1296 3484
2064 2793
2193 3756
4560 4694
3017 3421
1875 5023
3197 3366
2393 5067
1597 5507
3720 4280
3639 5176
3721 4333
3014 3718
1651 3861
1875 2169
2284 4825
3770 5380
6351 6375
6042 6629
6551 6740
6023 6723
6169 6472
6320 6620
5994 6444
5790 6468
6279 6509
5805 6091
5865 6719
6164 6304
5894 6021
5964 6703
5945 6633
5940 6219
6366 6621
6132 6777
6391 6557
6221 6779
5962 6059
5694 6344
5842 6277
5945 6080
5975 6063
6003 6788
6065 6545
5744 6770
6492 6569
6334 6771
6082 6227
5844 6378
5973 6356
5987 6126
6580 6608
5938 6084
5843 6436
5956 6462
6136 6577
6306 6628
5954 6756
6481 6788
6246 6678
5950 6027
6096 6198
6693 6731
6228 6718
5911 6242
5753 6769
6334 6675
70 83
80 95
17 62
23 31
66 72
53 73
73 84
32 60
33 98
29 88
12 50
33 45
53 66
14 65
61 81
54 80
25 57
44 83
52 81
17 72
56 75
48 81
53 53
53 98
25 27
196 330
243 367
113 332
535 757
633 783
386 438
203 713
324 402
688 774
290 853
249 554
855 936
291 598
209 791
535 744
161 374
621 940
866 953
259 820
719 783
820 161
682 814
702 929
699 773
205 927
1645 2120
3652 5593
1569 3828
3800 4025
8383 8943
2920 4542
6958 7312
1118 5331
1195 8577
7396 9744
7243 8696
1724 4336
1154 3276
2660 7420
7645 9668
8767 8907
5400 9838
5033 6895
2100 9091
1836 8213
5328 6946
3809 7839
4434 9373
8166 9305
4221 7229
52131 54585
77790 82642
59688 73069
98922 99411
16109 71223
46075 77589
43517 74138
21154 57006
78136 80017
35632 94823
39769 42784
11585 36568
19680 26896
12893 71519
48500 86335
27292 55327
13441 79262
18323 27171
15720 30173
39819 56693
61154 74697
26732 56414
32217 91880
56526 96159
11927 78545
109693 759041
117681 575774
111752 591695
641508 917752
43232 418539
95616 999466
295031 725922
510603 518589
88206 487799
617842 893773
332657 790193
4950 658530
618850 943195
398789 526336
92739 166887
466145 551745
555596 716543
759017 980349
166724 628610
237460 937663
49545 874249
193540 194828
441635 580615
270312 356909
163119 636166
154459 723372
124239 985219
209856 791044
234293 759407
678410 935322
450436 805658
527053 555151
472475 831476
77973 938382
29065 743344
270005 301772
289706 731118
238589 369699
259613 660731
140702 348600
303158 869982
434529 607825
532864 592430
181190 289934
138275 197787
155895 757295
116125 621880
526446 971063
783400 839664
725976 993554
381103 777163
629885 847988
164674 800311
495855 637569
12803 99384
115093 382423
20403 346415
60439 153123
740578 821788
125288 737861
18073 539440
458798 864398
94233 261632
138839 400437
153049 701112
151543 589733
514207 677774
29920 215813
58586 451829
281337 599872
349877 904350
174614 223881
679222 776871
163342 611129
493929 630016
595758 823332
516092 689724
298674 949620
92101 798903
744241 955366
204370 544713
2993 210750
484144 630669
201325 263979
145734 946056
806066 850900
222877 265072
368297 711749
454012 532670
295706 431618
24595 139432
232656 874785
285637 804498
596144 853862
315303 757136
254899 525617
312753 326738
87796 112359
408922 904939
524356 714742
