27146 26855
19344 24106
17824 11929
26020 1359
4951 29959
14780 6572
738 32245
2091 19278
7745 16641
10649 6989
31996 2636
6058 9809
9323 30616
22044 29315
32239 24499
30241 5625
19884 16989
5470 6574
24739 25650
25622 14689
16839 3332
21246 27174
9038 1215
26885 32231
6613 8322
32244 27956
15884 24430
2912 5905
9027 20139
28310 27399
15005 15517
3662 32467
2152 7562
3798 25094
21040 8996
18913 30877
22248 20407
13876 14981
13809 2404
21042 9792
23486 17840
31904 2220
30341 15348
17042 21947
16699 16932
27979 31624
20747 29907
31733 26711
915 18890
18163 13471
30125 28580
14413 27874
9802 26615
10683 29764
18826 18354
11468 21961
13289 9941
9231 571
9987 30054
20919 698
19702 18770
19785 14692
3910 27617
7698 3500
13681 25948
7331 17681
10205 20047
30005 9562
29462 20523
27343 5570
5311 25121
2183 12611
19933 7220
21543 7218
26818 23321
4911 4074
27465 19816
13765 29910
14710 5271
3561 4217
15360 27053
3741 10366
17841 1059
15388 6889
29023 24301
21126 9738
10591 29412
7442 16883
526 12372
2340 30694
26157 16499
4581 5024
4002 5478
31432 1146
5095 23971
11378 7184
9778 30447
29441 29538
867 13654
31254 5991
11326 26051
11257 12799
8110 4863
19430 11458
8461 31874
5840 1516
6901 9036
6184 8381
4008 32314
26811 891
8644 7481
22756 10278
30753 1972
26281 9232
21245 15946
18070 20843
3856 14220
5526 20994
9395 8405
20636 806
1314 16953
23216 2104
19316 30019
14133 17575
24858 14905
5122 27307
19863 18984
22945 1691
164 16071
18177 25455
12887 8688
13926 13385
17948 12528
2151 30399
14635 23112
28652 12977
19714 6114
10540 17982
12313 23683
17754 25274
28566 1654
19872 31316
28477 22285
17273 24298
30591 4531
9398 18024
2092 23483
9020 24694
2092 18066
21988 11363
17644 12328
12359 18884
6560 30111
30292 15676
1597 19889
20420 5073
21688 8106
219 28922
22493 8967
20313 11142
4781 27664
25442 22075
24961 8973
27076 1849
2961 7104
6092 2055
15420 11786
25258 12746
1851 29828
12405 29841
5500 7599
31522 8483
20134 16599
6797 26975
283 24885
2469 23258
23283 18554
32242 19590
11459 22095
14494 14628
3206 27732
22244 13429
14948 8989
26324 15504
27441 6500
10607 2923
28961 30730
11457 28244
2719 4101
4307 22040
5020 8938
21505 21823
18027 23741
14970 21541
26469 28784
2070 31918
9611 2760
32519 30015
16300 2459
23132 27586
16483 29303
2284 26977
9028 5761
5756 25644
11192 4804
7769 15275
3172 7125
2428 30566
31172 4508
22088 18652
13776 13199
14581 13981
17845 5165
24242 20838
14971 15723
32191 22483
4813 31138
16228 31323
6771 16252
14391 30306
21399 5214
21350 4064
24029 7894
8854 30904
18336 31659
19632 3703
28767 9782
16879 23457
25033 29137
12114 27634
9957 16118
13720 16776
8244 25596
31658 9353
26719 23114
22411 4544
12902 3985
20763 26580
15816 25349
8023 21813
25973 13183
11075 31343
23814 24552
17525 363
29977 1047
11995 18754
14807 11335
12902 5198
17835 10260
32129 22842
15856 3036
15238 3792
18547 5058
17280 18135
32498 25484
11054 7413
25004 11846
15794 7196
14914 27532
21235 32446
9822 16616
6971 30723
22746 3690
7809 1052
30788 24529
28940 29257
21172 27885
2762 11841
32104 31391
10535 7210
10056 11768
6392 28830
18542 30307
13433 10163
32698 20871
6082 91
69 20603
32580 1665
15353 12772
12042 26276
27633 18063
9569 12730
28858 7306
25885 31708
30763 31320
29417 19338
32201 14490
17340 17988
23651 2402
15899 15146
27812 22000
19373 32378
15121 30601
5581 26970
17957 24664
24236 8969
18351 30219
31733 26719
27607 16025
28021 28225
8820 7749
4159 18030
13278 30598
12750 207
18911 3621
23308 4375
20604 13842
7213 4080
7248 32686
20351 18355
28907 7857
18594 16789
14872 7933
11098 23525
26018 4530
24331 29036
8104 11530
16728 14940
12880 19119
22340 2097
8847 2753
23696 9615
8658 14702
16766 3793
25910 4273
32066 7645
28515 31843
5782 4840
2624 4369
11817 24291
26020 17818
24426 26264
22386 18115
19980 8048
12662 3417
3724 19189
25417 32162
18450 17103
21353 27450
1200 3797
1802 27985
5792 4508
29187 30468
27609 7026
1325 28634
28858 5557
23010 24227
30963 15835
19532 24440
4106 20995
30266 2123
9899 29152
23050 27979
9616 14175
2935 3059
19575 22267
12465 77
31821 29310
2797 2397
27286 26430
27806 14003
21361 18338
4822 25654
23322 21019
13350 22127
26066 4213
12981 15151
22621 24701
32557 12607
30349 17710
29306 20648
2967 12317
24786 12222
9931 6266
18074 23367
13275 16646
16140 19882
32419 7832
26920 25578
14712 19651
17754 20760
17813 29019
14641 6121
24558 19685
4927 25106
15376 24075
17033 29426
17222 22445
16137 5968
18362 21923
3734 24859
31627 6860
27328 11360
6548 5011
21065 1892
22672 4578
13542 14983
6275 24053
14019 5851
11438 1100
30429 31508
9692 18870
6783 21093
11300 7849
6928 26726
12347 12311
4960 24810
18362 18924
29854 23265
16729 959
10658 6781
18214 15098
11277 12597
20868 27228
4162 9073
28751 10261
13279 16906
22804 31215
26494 15358
25277 16392
9892 6759
13648 17795
16011 17164
7632 8205
3321 510
6204 16453
14642 17001
7868 5129
12525 13639
26631 19744
11646 1574
28563 24923
23988 29063
9246 25523
21124 8889
18374 20261
20182 6198
17438 15958
13473 22546
21145 24582
30319 7535
6634 3122
22272 24471
1017 10077
8706 21391
349 11041
22941 8796
1335 3507
10903 16094
2470 15684
27896 15646
10297 3882
22321 9514
14196 27722
12886 23164
20441 20135
25747 9564
677 16957
3262 18628
27469 16183
24521 13574
16399 14781
1283 21760
15610 1096
13632 9202
7520 25743
13648 22046
28147 14340
26788 13112
18639 27103
1667 17018
30025 14721
2815 7802
14730 19539
4034 18833
31475 17887
27807 266
22168 25027
6472 27567
527 22325
30194 7329
18062 21864
23818 29747
5994 32158
14936 12029
6077 21812
1843 388
14196 18534
21541 28817
3502 20640
30016 25473
21482 22475
30228 14944
6177 21871
3235 32466
13170 16743
7489 21238
21388 11336
23700 13948
18048 10429
20063 24729
8205 415
18379 13940
17612 21669
16131 5819
30816 9000
13468 11491
3134 22514
10206 3208
23845 30748
21587 26196
12764 3640
14734 28390
27604 22901
18323 15663
30515 23673
16300 26213
9313 2306
13420 21582
28615 8260
28167 19216
21465 2230
12304 17880
2031 11244
21781 32366
16075 8391
16826 30247
9830 20618
16648 15819
13939 31219
31030 6430
19386 25200
31392 17025
21372 4717
1378 11051
13863 32205
30071 10689
25532 4405
31090 30564
26721 26061
5323 24847
27712 13703
25092 14175
29445 10101
10365 22905
26027 31467
32387 7788
29310 22843
20153 271
20716 26172
2656 26723
24900 30532
19760 18257
29971 1558
19249 20225
7592 11349
18450 26978
25469 30535
9085 12579
16921 13142
7222 26355
3607 14559
288 6455
10115 17072
1508 3897
4466 30337
27491 20174
5011 15383
14530 32413
12127 11693
24890 25457
14734 18942
8302 23266
26398 13058
29908 22704
15696 28802
2205 20344
4890 18258
10022 27274
25030 25737
2270 26290
1349 6466
23882 20368
8031 29224
15999 14858
14640 11100
27554 7551
21518 7844
30397 5514
14895 1857
30872 30600
20055 3312
15229 25563
30140 22806
26887 26971
2507 7748
8383 32762
8718 26153
26125 6291
12131 14120
32225 332
22841 26934
9313 4748
25586 25457
22320 23886
18678 16326
4130 21271
19221 28473
13935 31595
27058 32636
25103 8827
26474 13876
23100 16815
8882 4240
3646 10082
27389 26016
18155 16349
32560 22419
17686 31422
31185 18771
17732 10965
23001 32543
5527 6281
26544 12531
16920 29611
6709 18102
4662 29156
27484 7516
12542 5198
23080 8549
3583 3024
18805 26477
17283 29465
5816 20449
4746 20258
7637 25473
20571 19503
25165 25868
10880 4698
1419 11212
7221 13648
13522 6573
29319 19018
28869 15082
9808 32178
3384 13038
24829 9266
3435 14596
26176 17602
30309 3648
23813 11365
28238 25737
4098 4607
15882 17634
7476 30302
15894 15788
5061 2458
9259 22932
9828 19376
20457 28933
17634 837
22101 12270
31037 28711
21614 12830
8193 22105
8573 17121
7600 16622
745 21616
16248 7600
19187 26058
32103 12226
16470 27338
12535 21740
12290 7722
183 3424
26536 6550
406 19550
20047 26699
16602 20817
23226 13082
11408 21722
27613 18919
10618 16368
29638 27925
16929 19367
26765 22675
28813 27643
28659 6256
1277 11863
31902 10654
31552 28095
16460 1653
18587 22554
25401 30331
9756 10422
4783 21899
21404 28484
31177 13166
15628 15669
3740 22740
28518 25017
28155 11892
30719 15449
8167 18718
30670 16757
3955 5411
20788 25807
4386 3630
19408 32456
14550 5364
27375 6903
2180 25128
20235 4313
25815 14889
13605 24733
11048 2119
11913 25190
26173 31722
1486 18216
13776 12327
31242 28094
7105 22396
27547 19338
31429 16825
5150 395
3027 202
28866 2602
5459 8054
8191 17853
8380 28568
8218 13942
12726 19043
21578 2574
30384 24128
4874 6604
28841 14202
1338 18523
3640 21391
2006 10949
13818 2149
25645 698
10978 10320
22569 15208
1368 31001
404 17152
4924 6980
13125 19389
825 21019
13702 17686
24668 25313
31165 17408
12343 6318
856 19251
7914 24182
15456 5465
19671 23384
19229 31392
16371 3254
19490 838
8127 28121
31851 4385
14453 12373
26891 30069
4592 20382
13588 29401
21502 6804
10645 8231
13955 30848
27159 25324
4171 19627
11726 27562
764 5153
15357 8120
16079 18030
1763 24758
31278 5136
26063 20450
11829 14053
17723 25451
19443 26542
1513 22124
4593 16114
19781 19121
26913 7505
30019 15091
22887 6189
1784 16685
13990 8873
15080 6324
6386 58
32479 12430
28478 623
5428 16279
5030 7267
31825 31401
11043 22459
31300 15124
31067 32720
30146 21734
26032 16834
25239 17737
125 13157
22186 28798
12860 13194
28006 31795
19145 11387
5536 1873
31429 19264
6982 18818
10282 5090
13164 17064
27817 1111
3739 1084
13922 6004
2167 29461
12022 28932
28703 24406
21750 14596
1442 31405
8574 10706
21641 7974
17509 7297
2784 12962
22520 8389
7131 29363
5595 11153
29783 7232
25488 17462
1576 24462
10408 26416
23461 2277
15554 12647
4163 22006
15061 8033
19335 16400
873 15061
20810 2154
8809 29279
32406 20305
30232 21849
26184 8467
15078 9342
729 8217
27000 6003
9493 18392
25733 1243
5551 22275
18205 32517
25060 26705
18172 3477
29894 15812
26849 25733
1283 22587
18160 3440
3409 30225
5044 14990
2502 23737
10121 27798
13628 14169
961 6142
26355 9993
24092 19048
19178 6976
19816 14974
27865 20211
25524 1333
2731 6227
10322 20910
17170 32432
1365 26519
4869 27866
7164 25289
18964 11835
30312 27476
9012 28278
17195 1834
11536 7496
13880 24405
28331 15211
13321 29497
24092 10139
22919 31876
5959 1888
25242 6315
21658 30308
32203 18378
24622 7867
13753 20500
6473 24163
22879 7336
32296 15533
23631 4413
22949 10106
23443 26829
2365 13314
19281 28262
4564 19755
27933 16626
29263 25266
17109 22563
3386 11398
13757 12778
22344 4404
13369 22006
15981 2333
31010 22233
2056 28385
12586 5029
29657 20871
20018 25106
19507 22181
18545 9601
28606 29442
10950 454
11343 20870
31094 1212
32307 4308
1555 9408
24421 5341
2804 26848
31898 11840
7799 28139
3078 974
29172 5214
22370 16806
9401 6874
4950 5955
24579 5533
17024 8390
27285 1843
30350 9119
15983 18556
28609 15546
29974 14979
19510 5918
25875 32373
28318 30639
24369 21264
30978 5769
18361 29741
30608 22035
11550 26790
16833 13861
4273 2782
10017 17174
6307 11539
30383 7478
6205 9228
15696 1747
10964 7884
16326 424
1954 27698
27301 15449
7305 2559
2611 20065
29220 19216
12331 2840
32137 26342
16099 22079
2510 28283
32456 9805
10486 28513
26453 8990
11961 4947
3204 25114
27254 15606
32560 32288
12351 5339
23792 17095
17319 23120
25362 22198
678 3887
32470 19361
30157 7022
4181 23692
12579 16084
2023 30298
25240 5171
24954 14915
12536 2792
22393 9675
24375 28357
2702 11147
22094 17083
11225 31940
26742 22802
23944 11135
27268 18380
22366 2620
10438 32234
23344 20498
28786 27277
31286 16254
8662 7109
20754 18344
12023 14056
24291 10018
27816 15877
31149 2395
30720 3925
