387 384
416 278
336 294
493 387
422 150
28 363
60 191
427 264
427 41
237 173
369 212
430 68
31 283
124 363
136 68
303 430
59 23
168 70
457 394
43 12
374 230
420 422
38 285
325 199
371 316
27 414
481 92
374 457
171 363
282 497
426 306
328 85
6 337
230 347
358 314
396 125
46 83
368 315
365 435
251 44
309 88
179 277
85 289
152 404
400 255
61 433
369 177
13 240
87 227
40 95
71 296
379 435
102 468
403 98
493 318
257 153
281 302
442 287
190 366
120 445
230 441
118 32
272 98
176 482
428 210
357 68
354 498
466 87
184 307
125 220
372 29
330 233
20 4
369 271
216 209
150 341
224 297
246 119
452 347
56 422
489 380
229 265
351 342
1 194
265 35
415 125
357 488
492 244
366 228
437 360
52 433
229 438
408 276
122 475
396 359
238 30
294 236
429 319
12 144
30 429
405 277
264 444
39 114
341 107
319 405
189 129
418 370
497 418
244 325
184 471
500 491
226 273
91 145
140 6
287 455
83 170
465 43
8 198
305 356
112 349
329 123
344 300
69 247
423 341
311 312
302 106
231 162
306 379
237 321
127 445
466 23
417 209
259 283
138 425
125 63
37 101
400 453
51 380
72 469
132 474
431 382
395 434
164 161
482 200
497 400
274 460
169 314
96 191
467 427
341 85
185 91
43 377
108 437
257 446
419 180
413 388
173 349
10 160
211 337
88 343
302 207
373 214
256 322
100 320
405 222
312 440
168 441
229 206
151 128
159 485
225 421
270 423
82 397
85 131
473 293
351 173
386 126
300 223
43 141
214 399
191 299
91 25
82 210
337 320
156 233
5 495
270 380
277 274
256 351
143 361
385 80
206 494
68 122
114 5
255 462
260 327
203 445
7 203
22 285
369 343
190 29
409 373
499 459
309 37
249 254
334 304
149 134
255 391
247 68
30 369
47 1
298 289
491 250
34 304
498 364
393 254
126 187
497 153
189 476
230 158
461 437
422 415
305 461
28 29
249 51
403 57
198 295
44 200
3 40
404 429
182 1
39 148
152 160
135 36
193 340
128 216
130 5
465 50
430 286
336 344
401 178
472 239
290 450
489 368
296 293
145 244
391 330
341 183
70 42
233 327
43 262
118 361
262 24
310 82
426 191
368 497
235 178
127 191
58 25
169 115
359 206
387 313
347 101
495 227
53 417
30 79
291 447
471 148
81 52
94 132
128 358
387 313
356 215
91 13
480 413
470 111
275 190
142 356
434 121
389 488
67 339
285 271
418 357
261 107
238 350
60 206
19 218
284 446
459 374
138 374
484 290
479 108
315 258
230 472
460 101
439 119
389 26
234 75
182 158
359 494
200 271
340 418
364 70
295 123
348 174
463 432
391 183
292 293
116 58
158 22
492 75
452 448
22 232
241 38
31 55
326 99
17 82
3 17
140 232
405 297
81 339
22 219
363 471
380 313
186 478
405 37
484 177
260 208
245 358
412 500
451 128
61 237
106 319
50 64
212 245
435 306
376 292
115 456
269 90
419 494
383 306
483 323
31 218
75 94
94 127
254 487
75 44
214 315
378 180
276 263
420 89
233 211
18 295
236 347
192 138
444 154
329 74
292 426
19 211
337 218
56 464
359 91
405 131
162 72
186 134
74 290
352 105
251 306
4 369
7 486
140 196
121 450
227 468
178 264
482 97
61 366
456 37
19 271
343 212
197 33
322 380
485 271
428 173
41 235
73 284
331 399
348 64
31 451
215 74
23 60
425 48
436 83
205 233
444 455
487 399
279 141
263 160
184 263
349 42
325 224
123 273
336 155
458 322
248 366
277 172
219 270
204 202
434 154
460 408
307 229
221 298
309 85
199 335
377 492
216 399
172 53
60 190
11 7
225 17
40 110
379 1
54 110
115 82
490 339
68 427
224 148
232 288
123 33
376 282
180 351
255 91
132 351
358 314
182 495
104 82
434 221
182 483
416 488
326 297
223 405
52 393
33 298
182 135
416 7
209 58
500 96
298 463
277 484
478 155
88 310
383 433
267 22
361 64
212 183
87 186
431 286
84 491
477 315
321 117
26 393
340 29
491 26
361 137
144 119
429 338
122 83
456 311
226 389
71 316
354 438
223 9
351 284
98 158
127 328
72 270
150 152
29 411
399 140
111 389
78 394
477 391
53 200
88 432
100 278
67 158
18 453
236 142
299 369
196 185
306 277
429 267
29 455
94 309
198 279
173 56
446 275
326 1
284 498
128 413
422 383
335 194
335 440
160 422
458 486
262 355
473 263
217 42
351 353
483 163
218 400
174 155
7 16
365 352
264 291
173 492
38 38
329 360
281 372
357 488
342 91
353 471
12 166
18 70
84 362
113 352
7 301
168 139
490 365
155 33
376 105
142 180
39 413
137 470
457 171
261 345
315 150
315 466
387 327
40 184
36 470
122 153
291 394
110 290
174 132
236 265
296 49
314 378
199 334
356 450
294 156
157 469
434 461
287 324
359 172
141 178
182 246
491 262
51 324
455 101
365 76
125 43
420 160
345 290
239 470
477 52
20 384
344 134
457 305
476 482
12 167
413 468
230 193
369 403
3 132
208 175
217 219
378 184
473 488
458 74
126 63
298 434
419 497
154 142
475 227
394 481
449 486
31 306
60 30
161 399
425 63
281 220
403 142
481 11
84 227
141 290
224 209
58 439
432 494
221 211
191 406
392 114
271 139
168 422
172 330
244 181
400 96
89 25
387 155
233 70
211 470
31 374
164 434
280 88
150 95
352 500
465 340
331 243
16 87
416 350
382 187
135 12
388 134
288 223
144 274
243 20
245 355
140 125
64 260
354 419
270 213
405 206
300 234
320 235
436 316
354 88
451 170
303 488
63 338
111 90
461 206
412 205
330 58
317 404
322 393
106 23
80 444
29 362
448 379
46 201
288 383
52 400
387 90
427 354
295 449
7 37
93 108
165 418
321 422
167 481
355 495
438 124
485 434
313 318
18 432
166 210
109 157
246 70
423 496
296 172
60 70
177 302
72 153
426 341
173 244
90 92
67 28
313 379
197 51
334 125
187 214
371 500
69 295
142 116
140 343
264 438
91 199
203 440
132 14
258 129
72 305
184 347
226 139
41 496
473 422
135 227
226 159
453 357
473 146
340 447
384 112
162 104
43 326
340 217
345 175
331 97
295 268
258 14
361 20
293 151
377 333
491 280
136 454
99 296
242 108
71 438
41 477
302 85
301 84
110 493
441 497
264 440
305 236
107 374
24 165
350 252
31 252
205 340
487 166
126 303
92 80
408 48
132 485
420 62
54 432
428 29
320 495
82 44
269 124
140 188
439 144
395 489
181 321
487 99
253 19
99 464
11 196
180 6
67 143
426 99
479 473
467 354
249 298
273 48
87 17
160 413
401 378
198 54
4 433
452 36
499 108
155 50
407 362
4 335
285 326
298 429
134 264
61 116
15 382
398 186
98 101
330 409
314 350
135 380
415 317
276 86
487 266
127 431
117 393
70 130
410 253
16 367
334 396
277 429
114 348
301 27
287 63
264 130
9 101
417 398
483 276
41 45
327 321
66 19
500 295
47 135
354 409
304 63
343 187
35 433
311 308
370 335
316 97
197 485
383 325
452 466
362 217
38 344
362 188
482 103
89 361
121 380
294 442
129 425
209 136
443 163
497 371
467 164
1 312
488 16
333 235
451 291
134 194
381 340
294 495
355 214
445 383
324 476
252 239
374 452
466 312
182 169
184 314
478 500
15 36
270 465
108 347
392 73
412 241
88 124
337 58
440 294
121 282
372 115
419 372
35 97
265 384
198 68
68 301
336 175
491 434
133 458
30 450
191 24
148 293
350 130
423 336
469 141
256 44
267 340
437 26
261 154
221 53
205 458
484 288
222 41
498 327
128 206
229 379
171 170
299 228
64 21
161 222
117 384
224 268
293 383
36 12
64 54
363 109
396 269
161 199
377 469
174 10
388 4
174 255
482 58
430 324
45 397
281 443
210 13
248 356
367 355
260 135
243 282
402 474
172 139
459 414
423 400
256 485
91 162
72 281
104 424
321 1
443 1
13 453
308 5
359 260
395 26
159 118
91 137
127 61
474 115
366 438
422 249
410 121
401 364
287 333
334 5
357 459
411 128
132 369
129 70
447 342
459 375
11 106
166 402
368 490
427 491
239 233
206 200
63 1
333 458
462 349
308 18
498 170
39 70
140 129
471 19
393 86
43 281
34 255
244 208
51 401
486 22
221 289
141 191
148 135
484 326
195 462
131 143
64 192
71 170
289 704
743 292
173 1580
186 184
595 958
709 1430
53 1294
535 695
338 172
158 1575
103 385
299 1642
487 1446
591 180
52 699
707 1162
405 1239
623 1598
733 1078
589 207
588 726
221 1447
695 789
265 155
283 432
120 173
16 886
135 567
50 1003
255 874
237 1000
43 360
159 392
24 814
722 291
320 761
11 1060
403 1440
148 1605
590 1566
690 931
18 1608
376 456
12 1051
479 1324
128 415
477 1216
162 319
84 784
