1 10
100 200
201 210
900 1000
1 1000
2 1998
3 2994
4 3988
5 4980
6 5970
7 6958
8 7944
9 8928
10 9910
11 10890
12 11868
13 12844
14 13818
15 14790
16 15760
17 16728
18 17694
19 18658
20 19620
21 20580
22 21538
23 22494
24 23448
25 24400
26 25350
27 26298
28 27244
29 28188
30 29130
31 30070
32 31008
33 31944
34 32878
35 33810
36 34740
37 35668
38 36594
39 37518
40 38440
41 39360
42 40278
43 41194
44 42108
45 43020
46 43930
47 44838
48 45744
49 46648
50 47550
51 48450
52 49348
53 50244
54 51138
55 52030
56 52920
57 53808
58 54694
59 55578
60 56460
61 57340
62 58218
63 59094
64 59968
65 60840
66 61710
67 62578
68 63444
69 64308
70 65170
71 66030
72 66888
73 67744
74 68598
75 69450
76 70300
77 71148
78 71994
79 72838
80 73680
81 74520
82 75358
83 76194
84 77028
85 77860
86 78690
87 79518
88 80344
89 81168
90 81990
91 82810
92 83628
93 84444
94 85258
95 86070
96 86880
97 87688
98 88494
99 89298
100 90100
101 90900
102 91698
103 92494
104 93288
105 94080
106 94870
107 95658
108 96444
109 97228
110 98010
111 98790
112 99568
113 100344
114 101118
115 101890
116 102660
117 103428
118 104194
119 104958
120 105720
121 106480
122 107238
123 107994
124 108748
125 109500
126 110250
127 110998
128 111744
129 112488
130 113230
131 113970
132 114708
133 115444
134 116178
135 116910
136 117640
137 118368
138 119094
139 119818
140 120540
141 121260
142 121978
143 122694
144 123408
145 124120
146 124830
147 125538
148 126244
149 126948
150 127650
151 128350
152 129048
153 129744
154 130438
155 131130
156 131820
157 132508
158 133194
159 133878
160 134560
161 135240
162 135918
163 136594
164 137268
165 137940
166 138610
167 139278
168 139944
169 140608
170 141270
171 141930
172 142588
173 143244
174 143898
175 144550
176 145200
177 145848
178 146494
179 147138
180 147780
181 148420
182 149058
183 149694
184 150328
185 150960
186 151590
187 152218
188 152844
189 153468
190 154090
191 154710
192 155328
193 155944
194 156558
195 157170
196 157780
197 158388
198 158994
199 159598
200 160200
201 160800
202 161398
203 161994
204 162588
205 163180
206 163770
207 164358
208 164944
209 165528
210 166110
211 166690
212 167268
213 167844
214 168418
215 168990
216 169560
217 170128
218 170694
219 171258
220 171820
221 172380
222 172938
223 173494
224 174048
225 174600
226 175150
227 175698
228 176244
229 176788
230 177330
231 177870
232 178408
233 178944
234 179478
235 180010
236 180540
237 181068
238 181594
239 182118
240 182640
241 183160
242 183678
243 184194
244 184708
245 185220
246 185730
247 186238
248 186744
249 187248
250 187750
251 188250
252 188748
253 189244
254 189738
255 190230
256 190720
257 191208
258 191694
259 192178
260 192660
261 193140
262 193618
263 194094
264 194568
265 195040
266 195510
267 195978
268 196444
269 196908
270 197370
271 197830
272 198288
273 198744
274 199198
275 199650
276 200100
277 200548
278 200994
279 201438
280 201880
281 202320
282 202758
283 203194
284 203628
285 204060
286 204490
287 204918
288 205344
289 205768
290 206190
291 206610
292 207028
293 207444
294 207858
295 208270
296 208680
297 209088
298 209494
299 209898
300 210300
301 210700
302 211098
303 211494
304 211888
305 212280
306 212670
307 213058
308 213444
309 213828
310 214210
311 214590
312 214968
313 215344
314 215718
315 216090
316 216460
317 216828
318 217194
319 217558
320 217920
321 218280
322 218638
323 218994
324 219348
325 219700
326 220050
327 220398
328 220744
329 221088
330 221430
331 221770
332 222108
333 222444
334 222778
335 223110
336 223440
337 223768
338 224094
339 224418
340 224740
341 225060
342 225378
343 225694
344 226008
345 226320
346 226630
347 226938
348 227244
349 227548
350 227850
351 228150
352 228448
353 228744
354 229038
355 229330
356 229620
357 229908
358 230194
359 230478
360 230760
361 231040
362 231318
363 231594
364 231868
365 232140
366 232410
367 232678
368 232944
369 233208
370 233470
371 233730
372 233988
373 234244
374 234498
375 234750
376 235000
377 235248
378 235494
379 235738
380 235980
381 236220
382 236458
383 236694
384 236928
385 237160
386 237390
387 237618
388 237844
389 238068
390 238290
391 238510
392 238728
393 238944
394 239158
395 239370
396 239580
397 239788
398 239994
399 240198
400 240400
401 240600
402 240798
403 240994
404 241188
405 241380
406 241570
407 241758
408 241944
409 242128
410 242310
411 242490
412 242668
413 242844
414 243018
415 243190
416 243360
417 243528
418 243694
419 243858
420 244020
421 244180
422 244338
423 244494
424 244648
425 244800
426 244950
427 245098
428 245244
429 245388
430 245530
431 245670
432 245808
433 245944
434 246078
435 246210
436 246340
437 246468
438 246594
439 246718
440 246840
441 246960
442 247078
443 247194
444 247308
445 247420
446 247530
447 247638
448 247744
449 247848
450 247950
451 248050
452 248148
453 248244
454 248338
455 248430
456 248520
457 248608
458 248694
459 248778
460 248860
461 248940
462 249018
463 249094
464 249168
465 249240
466 249310
467 249378
468 249444
469 249508
470 249570
471 249630
472 249688
473 249744
474 249798
475 249850
476 249900
477 249948
478 249994
479 250038
480 250080
481 250120
482 250158
483 250194
484 250228
485 250260
486 250290
487 250318
488 250344
489 250368
490 250390
491 250410
492 250428
493 250444
494 250458
495 250470
496 250480
497 250488
498 250494
499 250498
500 250500
501 250500
502 250498
503 250494
504 250488
505 250480
506 250470
507 250458
508 250444
509 250428
510 250410
511 250390
512 250368
513 250344
514 250318
515 250290
516 250260
517 250228
518 250194
519 250158
520 250120
521 250080
522 250038
523 249994
524 249948
525 249900
526 249850
527 249798
528 249744
529 249688
530 249630
531 249570
532 249508
533 249444
534 249378
535 249310
536 249240
537 249168
538 249094
539 249018
540 248940
541 248860
542 248778
543 248694
544 248608
545 248520
546 248430
547 248338
548 248244
549 248148
550 248050
551 247950
552 247848
553 247744
554 247638
555 247530
556 247420
557 247308
558 247194
559 247078
560 246960
561 246840
562 246718
563 246594
564 246468
565 246340
566 246210
567 246078
568 245944
569 245808
570 245670
571 245530
572 245388
573 245244
574 245098
575 244950
576 244800
577 244648
578 244494
579 244338
580 244180
581 244020
582 243858
583 243694
584 243528
585 243360
586 243190
587 243018
588 242844
589 242668
590 242490
591 242310
592 242128
593 241944
594 241758
595 241570
596 241380
597 241188
598 240994
599 240798
600 240600
601 240400
602 240198
603 239994
604 239788
605 239580
606 239370
607 239158
608 238944
609 238728
610 238510
611 238290
612 238068
613 237844
614 237618
615 237390
616 237160
617 236928
618 236694
619 236458
620 236220
621 235980
622 235738
623 235494
624 235248
625 235000
626 234750
627 234498
628 234244
629 233988
630 233730
631 233470
632 233208
633 232944
634 232678
635 232410
636 232140
637 231868
638 231594
639 231318
640 231040
641 230760
642 230478
643 230194
644 229908
645 229620
646 229330
647 229038
648 228744
649 228448
650 228150
651 227850
652 227548
653 227244
654 226938
655 226630
656 226320
657 226008
658 225694
659 225378
660 225060
661 224740
662 224418
663 224094
664 223768
665 223440
666 223110
667 222778
668 222444
669 222108
670 221770
671 221430
672 221088
673 220744
674 220398
675 220050
676 219700
677 219348
678 218994
679 218638
680 218280
681 217920
682 217558
683 217194
684 216828
685 216460
686 216090
687 215718
688 215344
689 214968
690 214590
691 214210
692 213828
693 213444
694 213058
695 212670
696 212280
697 211888
698 211494
699 211098
700 210700
701 210300
702 209898
703 209494
704 209088
705 208680
706 208270
707 207858
708 207444
709 207028
710 206610
711 206190
712 205768
713 205344
714 204918
715 204490
716 204060
717 203628
718 203194
719 202758
720 202320
721 201880
722 201438
723 200994
724 200548
725 200100
726 199650
727 199198
728 198744
729 198288
730 197830
731 197370
732 196908
733 196444
734 195978
735 195510
736 195040
737 194568
738 194094
739 193618
740 193140
741 192660
742 192178
743 191694
744 191208
745 190720
746 190230
747 189738
748 189244
749 188748
750 188250
751 187750
752 187248
753 186744
754 186238
755 185730
756 185220
757 184708
758 184194
759 183678
760 183160
761 182640
762 182118
763 181594
764 181068
765 180540
766 180010
767 179478
768 178944
769 178408
770 177870
771 177330
772 176788
773 176244
774 175698
775 175150
776 174600
777 174048
778 173494
779 172938
780 172380
781 171820
782 171258
783 170694
784 170128
785 169560
786 168990
787 168418
788 167844
789 167268
790 166690
791 166110
792 165528
793 164944
794 164358
795 163770
796 163180
797 162588
798 161994
799 161398
800 160800
801 160200
802 159598
803 158994
804 158388
805 157780
806 157170
807 156558
808 155944
809 155328
810 154710
811 154090
812 153468
813 152844
814 152218
815 151590
816 150960
817 150328
818 149694
819 149058
820 148420
821 147780
822 147138
823 146494
824 145848
825 145200
826 144550
827 143898
828 143244
829 142588
830 141930
831 141270
832 140608
833 139944
834 139278
835 138610
836 137940
837 137268
838 136594
839 135918
840 135240
841 134560
842 133878
843 133194
844 132508
845 131820
846 131130
847 130438
848 129744
849 129048
850 128350
851 127650
852 126948
853 126244
854 125538
855 124830
856 124120
857 123408
858 122694
859 121978
860 121260
861 120540
862 119818
863 119094
864 118368
865 117640
866 116910
867 116178
868 115444
869 114708
870 113970
871 113230
872 112488
873 111744
874 110998
875 110250
876 109500
877 108748
878 107994
879 107238
880 106480
881 105720
882 104958
883 104194
884 103428
885 102660
886 101890
887 101118
888 100344
889 99568
890 98790
891 98010
892 97228
893 96444
894 95658
895 94870
896 94080
897 93288
898 92494
899 91698
900 90900
901 90100
902 89298
903 88494
904 87688
905 86880
906 86070
907 85258
908 84444
909 83628
910 82810
911 81990
912 81168
913 80344
914 79518
915 78690
916 77860
917 77028
918 76194
919 75358
920 74520
921 73680
922 72838
923 71994
924 71148
925 70300
926 69450
927 68598
928 67744
929 66888
930 66030
931 65170
932 64308
933 63444
934 62578
935 61710
936 60840
937 59968
938 59094
939 58218
940 57340
941 56460
942 55578
943 54694
944 53808
945 52920
946 52030
947 51138
948 50244
949 49348
950 48450
951 47550
952 46648
953 45744
954 44838
955 43930
956 43020
957 42108
958 41194
959 40278
960 39360
961 38440
962 37518
963 36594
964 35668
965 34740
966 33810
967 32878
968 31944
969 31008
970 30070
971 29130
972 28188
973 27244
974 26298
975 25350
976 24400
977 23448
978 22494
979 21538
980 20580
981 19620
982 18658
983 17694
984 16728
985 15760
986 14790
987 13818
988 12844
989 11868
990 10890
991 9910
992 8928
993 7944
994 6958
995 5970
996 4980
997 3988
998 2994
999 1998
1000 1000
