1 10
100 200
201 210
900 1000
440037 544984
706220 353874
616656 487033
863374 320435
652259 228699
200718 832308
398805 84414
711921 756647
978587 136441
371539 35423
425161 633430
129654 824264
213164 117350
523288 170882
172550 87514
487870 132475
259141 374726
966777 725137
629080 161268
322009 787555
213071 657127
396600 671726
403354 551482
170487 931796
293257 997442
923804 839143
795876 318955
605618 435368
653494 875606
415343 380979
580697 731815
737811 721646
516917 766496
686708 560755
186391 618096
38066 374201
685209 947123
344452 496383
920532 313654
852309 739845
425860 534496
40196 467809
112771 683927
470284 821790
939761 102992
34504 455406
794565 237766
819737 763211
645082 768251
686054 550724
615165 371084
223514 46939
323817 490799
150728 732376
924400 894257
627885 144767
564703 100010
101860 683144
463621 311762
172595 221382
541983 727992
967940 294391
465214 727782
383198 314935
154415 858943
733221 748745
986009 880166
590929 496384
291625 679757
607616 668021
318384 701201
498381 334220
151947 678310
870580 806287
613469 827633
140818 461006
218425 5264
916999 543380
195298 107652
592769 847210
978274 920573
482805 355484
480719 134234
411852 693319
849203 353454
876452 460407
772860 904051
930720 175383
642066 947408
827037 97339
714542 302599
193973 694731
784043 172579
38740 580875
147845 229285
630256 326228
191856 35872
830966 323832
85603 819673
55152 57863
544109 505566
807348 981169
587119 755151
529286 899408
407067 223050
508941 96087
104366 343162
728212 151885
583004 817573
629046 42492
715484 575207
459978 144584
133483 761105
368770 40607
526878 538912
373782 475829
971165 843538
833383 139958
820605 957039
777330 792298
498655 723291
26678 672225
660625 629527
203259 980034
749948 656917
895159 430839
175911 96473
382028 297572
277548 497142
475597 669527
484679 529226
600600 734138
440575 54957
467188 25466
181892 465269
673838 669151
615457 248529
922919 281908
934043 552026
266053 793141
96531 237429
823420 953013
791086 208170
781363 805300
796128 277960
15586 93408
190677 975044
190590 258842
40843 98708
521184 932289
348600 693011
78778 967420
604118 115747
54571 342255
669944 501871
689058 812714
229410 959467
683380 335614
711770 823616
41144 784279
140004 293364
408811 919386
73404 90061
101035 506267
800356 210883
271367 249585
458198 372434
276492 444765
116295 542357
277806 216982
834891 332626
305529 377330
874385 726255
414462 384158
925294 297769
604835 354637
562442 737038
333936 596588
963581 690715
759388 510954
856361 888193
398001 432452
299748 180823
278822 334460
714439 457681
414726 962096
880294 701757
639434 482234
250358 817992
929389 997420
22610 527799
706098 950783
207387 483593
504656 834039
736376 271418
197833 186256
125764 627885
167043 233282
505942 616774
701501 199742
358798 823961
969184 666053
97215 149532
409137 334918
402271 847317
779416 937065
379231 226583
719289 410342
732921 815714
805543 823854
124459 407196
218894 522164
690624 166142
660356 528960
998878 276297
220583 90172
878906 18272
928954 745195
420890 478561
655646 892318
22950 629462
826714 610340
304602 816766
601536 748329
973990 285161
12084 144496
576615 326364
418539 575401
617030 296495
659439 421949
802693 276489
924826 781778
457377 717414
335694 400964
627926 521452
98425 418499
41177 59291
795837 527251
496972 490762
448207 837458
184396 854639
277823 275716
693057 55380
190204 843162
551375 937051
456871 138387
28832 611663
548974 525867
268993 161151
89628 327609
540065 965995
912110 830693
747741 573685
818954 969134
715943 983111
286187 611844
787707 707384
183416 931595
417453 650148
370874 390241
681162 424222
938025 429707
354860 328645
397999 556654
38009 828430
517490 187638
953990 149861
419482 170645
493690 271479
744516 85505
889909 255859
177363 757010
793577 381603
948215 55621
797110 31409
232557 922410
955748 766733
782608 457175
84600 219834
739936 46436
218475 25928
5439 801253
743237 366588
469316 207091
878003 370699
816750 850263
826457 916561
399520 855065
804723 582411
524884 786496
671638 225531
404001 19110
519404 876990
294259 886107
339505 55694
514088 954670
137357 223090
201828 853611
891490 139165
619299 463059
201822 873417
819922 316301
451564 948173
146742 312053
59981 787089
376842 211029
790021 334578
71086 966941
769721 6932
328095 379505
317594 875217
982729 599670
663390 815883
536453 527546
89839 842266
177136 452541
748580 170804
505655 689461
348689 616737
312248 954884
491870 549586
117757 268293
74746 3481
993909 32715
211012 763564
452625 336600
937539 953559
347903 976885
854417 255802
28266 154808
589846 268020
292472 258570
175393 284755
75153 8562
651056 75931
724658 912738
109287 32656
713981 306737
69883 769066
475437 815516
610544 382697
706690 817248
761845 901096
608539 539488
99722 49314
56572 864399
992020 402316
336210 739014
185380 440214
66763 340890
389447 869556
875707 455668
50712 817029
550487 200917
502112 25174
587486 47434
832373 580620
125903 643669
211252 635419
965808 770734
254144 452229
185883 573034
315917 631278
408102 554911
5136 825894
510627 736499
890750 9930
771004 487178
253363 961517
64123 66843
842094 664977
905495 200195
36352 673822
358335 541642
814838 775216
503015 14578
145315 666699
661011 585515
42552 628812
184783 332508
336255 834915
271840 313435
773359 614190
658860 803130
409361 236921
415350 603396
988185 404583
231931 154821
52559 411204
909532 18978
247830 846672
477587 985996
705520 756358
568021 687735
225624 432146
819862 337921
797753 143460
828448 766112
688404 476304
200709 739457
356243 837779
903627 589209
860121 812044
283988 291443
923916 882001
82353 312787
522769 667229
480451 316884
293129 68054
588772 350070
158224 416091
750768 121678
674729 994917
229877 783624
85091 900258
938985 206899
907679 21870
620947 389347
868125 792531
291661 865047
461366 300292
455316 243203
965111 230463
190586 96985
85366 944772
587460 93926
966847 37157
197063 677125
721946 368844
89471 72152
331744 347688
101218 873653
495805 436356
697195 440846
360268 491119
799885 265380
174901 938082
549583 785272
996290 868478
504433 634502
257146 335117
58642 954268
47429 603232
682098 405423
778855 703168
282080 788925
505338 528513
19 444144
779464 230502
474847 697581
681273 572470
741207 676593
197297 846591
975852 637100
253977 301290
472280 947985
293700 866777
350723 770687
245548 527375
927755 291442
626375 861465
113753 374777
206713 656797
381495 719611
173708 754182
455241 843713
250904 338321
167581 465208
532465 179905
67319 943263
909611 517023
476807 690098
689890 568436
424065 80844
527390 733297
80354 31561
209951 616083
162451 137046
412823 100622
45010 876725
878715 461226
715679 744454
71392 274843
410566 200468
65906 606728
375385 370503
735541 392636
935819 719352
94472 205925
622983 320675
290724 84996
288725 416920
773651 334762
242749 388002
946788 914985
421413 380809
511881 796522
652088 441380
395500 115256
752816 197019
593524 145684
583964 324680
725344 742825
32778 334098
299209 951394
965591 432635
316457 376591
218999 320709
521871 926573
725533 519809
342712 939810
927851 331613
735655 306852
486554 989761
702904 368920
116040 152193
395026 595543
128335 812437
634908 325147
451550 110898
509715 685411
686040 640852
228937 275315
127803 681099
114316 109758
415346 6560
937947 358289
21634 835214
432591 908073
777906 710538
277162 734056
305204 983443
470375 578287
989346 2365
911636 903316
69817 692274
966396 833679
422922 499076
189339 944287
481380 399461
533470 502177
450734 239722
290100 346702
364895 799261
323827 343372
46417 275259
432591 146276
52415 946877
435288 803122
267838 302699
982189 230984
584967 683164
557952 625013
309571 479489
86908 123937
297247 576903
696669 894620
925334 419979
798333 587799
265153 61761
117897 636536
130649 865534
601639 929586
410278 406961
370632 713855
585602 2976
512843 75411
554021 629125
667336 200459
607797 542109
755422 48190
909604 335374
903265 158214
265358 225535
332112 19600
994768 126805
10927 773646
622371 979084
57461 528860
812817 608357
852146 894816
378547 757872
41988 744684
6075 723956
969109 402294
433612 486780
969671 776146
24974 473985
431314 853152
924469 272101
98192 200555
360525 518361
837546 220054
782848 426671
264785 902395
939642 386231
235625 431522
817147 536581
736019 158880
726137 479366
537429 601529
630965 337427
551049 79841
178129 40886
350840 258853
390731 948813
189473 69371
773292 457978
915278 32181
651569 410446
213163 91763
377762 205163
89877 588768
622150 445730
607995 960536
660328 800795
311344 700971
155133 216592
246052 482171
196033 896842
556606 425974
291593 225522
934911 566702
602941 91622
508344 518563
434613 826371
700637 771962
919476 402415
545958 192011
496351 439991
241728 991860
938155 191621
830923 851690
512217 381642
262830 185949
831182 774478
974637 411975
502024 106462
258885 154842
368055 836732
552113 225567
397339 191032
930281 234236
203345 677366
228665 381314
478096 896031
609639 277543
670940 398202
867760 128587
524229 587921
21326 992534
312184 326258
848063 254710
914082 677209
438795 352213
500401 673853
47690 982899
268942 938312
944169 624947
66295 922476
533896 215938
209726 311307
681601 101711
963469 172820
188850 735935
321304 581499
610261 882980
61739 128016
745462 765669
367158 893620
144990 919608
787104 87259
490995 684572
511 989175
801460 3355
795084 966244
908929 313359
964220 449244
64039 68050
559526 956191
295323 994297
396485 7079
481039 458890
29229 538895
832170 689880
39325 288620
918525 93234
424557 117439
511561 281594
519171 337004
571395 273000
195967 149579
986341 229937
143524 160826
514543 391222
826403 318937
454292 613989
445698 713541
315506 792085
483759 182485
331010 952938
770697 318951
677397 254495
526403 873616
632307 610924
824968 59679
766059 362050
85399 975507
656173 858067
746363 449011
342656 332093
732418 739854
611000 462436
28403 610386
833861 723892
277314 299908
168874 94458
58848 356458
916780 886941
979595 487675
682129 328811
361983 71656
950306 111313
104325 640538
967092 350126
639205 306815
35781 57831
267642 14998
229160 756119
824485 776065
395440 961987
182630 67022
472044 621226
987435 989314
766407 938462
761461 409035
172761 920274
79579 73220
990856 306064
77441 126395
165180 924446
994188 962633
680986 45619
564340 564034
453820 460800
341237 498590
626552 118957
203474 839313
16750 775229
200646 198902
545168 680219
941526 808718
617240 514832
792467 471574
168178 236980
293917 778369
157667 928832
905670 218606
1740 17449
639150 716604
51226 606023
986571 217280
423377 882232
769784 800202
664933 466789
278271 194159
738580 543142
636639 560909
89716 132139
588526 809508
747902 293133
82422 754929
731184 989897
323332 563622
527269 780926
149944 769891
940937 96548
818006 204683
59598 61590
986097 716805
389529 442523
121296 13278
734813 742302
832017 913631
90895 345635
435843 159822
173023 661645
932512 972598
514044 33484
962239 760845
554944 842445
720039 198622
649468 55032
75463 905093
292335 719572
227631 766800
210956 682022
851374 285859
221008 176303
203000 264321
401059 358430
433682 151364
192715 774602
531208 321349
207095 207712
699055 963614
915777 691696
142675 166540
771583 900784
696466 930819
998180 671200
4394 598490
657956 779880
473323 108606
43395 958464
100043 516476
971892 709935
661462 773368
761234 146635
698414 148896
118906 160118
755625 533949
89935 561747
872721 863758
150495 446573
168019 275460
79179 589112
152275 424825
63019 420665
411728 182686
886773 433054
280564 468287
542197 94459
65917 426286
78802 696813
543179 926237
127214 800395
28257 428691
213878 202977
906751 927329
400109 257440
933735 760784
675396 281932
262913 551769
903994 840947
444820 46084
269516 695380
745558 128521
620896 958821
482325 868808
696637 106597
636457 487138
284550 716081
683287 533718
389549 680434
267996 517617
882036 243328
134713 164063
621578 783722
227394 741080
363016 552988
307259 144045
480540 743431
58013 503
525457 935792
853978 682695
68688 341322
763690 36882
79267 986528
589236 298811
579516 852659
560319 643585
158625 915197
837168 394156
247591 386774
676515 493108
570870 486848
566950 324234
275209 412159
27191 867184
511809 673170
131076 56327
968150 448584
72900 716298
684379 846934
229312 687500
135006 394349
155308 598345
139087 830521
940653 404265
853887 736353
43344 50352
929107 494469
492416 629199
47452 166357
447249 539446
129353 794043
608078 366402
817383 706186
177835 642414
716460 99183
159781 274991
375199 96633
641783 770275
43117 155364
248495 765086
842290 172866
781541 509025
805327 635613
597183 350920
128691 545036
340705 596235
209546 375736
115097 434477
538319 775152
2470 60781
791563 561253
156750 465996
724353 194082
529520 298944
965624 73035
637400 534166
893107 203749
528355 390148
45708 626361
195075 991338
97255 650906
920691 882164
843956 362910
119599 204209
872204 399261
935393 321118
170380 178204
671958 967531
234404 888772
352906 226920
99600 455734
40383 460049
582219 101824
182150 346197
648711 58538
851514 620192
459325 424291
228313 631056
719833 617945
575439 595991
630871 600280
545788 137104
981740 90490
989752 440548
838521 94132
642833 327384
124065 71216
270910 283702
582383 353827
88145 400477
507307 238435
221053 278770
660447 382431
164531 511502
938886 600225
559657 758499
104788 595445
24462 469487
108960 725766
562989 850831
162935 891065
432240 230761
7685 46626
153905 196110
812132 547012
196720 390200
320492 710979
751576 226593
565014 148654
578412 513340
787660 148831
953659 373759
37195 262309
268248 145924
709355 891503
370647 565725
656376 234410
720114 493390
916720 451781
238391 19758
836128 245595
86801 715940
25164 629152
134946 228190
943331 328628
393808 577261
878147 247199
294623 643010
124270 25648
370227 829357
860780 534502
602374 751712
260092 610849
49810 492056
