1 10
100 200
201 210
900 1000
3 3
6 5
882842 717898
83603 69937
923492 119101
966525 248819
630606 498361
247917 199170
613903 876251
222958 159141
586376 310460
252253 72867
85450 154048
135352 195527
520603 274124
944628 585660
829305 996819
99668 101422
322676 540967
887272 385617
84260 616275
816170 26837
149361 804993
307819 911339
786132 248580
562784 351851
573013 460299
732056 292664
860198 240593
474624 305987
153156 78098
360230 964457
474599 787208
114040 934945
152367 41803
587908 190089
444716 448706
843136 393175
973401 181469
789297 91764
337283 722909
750257 23876
6368 680276
847038 669831
345703 720632
414089 185206
65640 723601
175054 603885
598773 246275
4036 941215
9595 783838
344253 535196
119058 141502
845118 848450
348016 330945
886933 142008
730637 461769
228830 761606
607738 955518
703443 131554
663604 676873
403877 89914
823803 1694
566014 42699
510757 67672
617071 115090
530047 802126
285485 732661
354501 318575
186512 635306
970441 519767
500924 458978
845402 604329
340905 604
907902 560130
191978 974889
629052 637151
833904 48297
303091 724799
687259 353917
5851 886482
269960 433525
238444 137269
178166 93626
306152 549353
183427 830838
447148 749575
221170 933430
783062 884815
353507 957047
362713 835908
806629 108089
986026 134794
285625 939861
262046 578074
318914 106257
912482 848050
63680 102858
829527 196960
428010 561902
685998 993908
424213 303533
424495 776652
284301 205629
723376 867319
769159 200523
346149 237697
437860 182388
264986 24434
656062 877250
813681 48366
352925 637875
695112 899842
377242 81373
13195 38967
114992 840941
131450 671777
424959 289512
668344 304454
959974 935581
393295 82273
881209 70938
578488 119508
14175 986177
681358 891231
1986 706394
553704 48810
657107 855517
315965 266733
477225 233679
451319 656504
900926 69161
817980 367430
485555 986627
95834 610590
445368 130798
517870 434605
554242 982011
858116 630231
899054 724250
806131 79310
23304 798358
428888 384099
585413 97138
704478 789187
30717 933926
742959 251756
340974 287733
988822 39615
902577 668101
22248 6978
676214 103683
836210 125405
566709 554658
192587 926816
397804 156485
710022 11423
48946 827035
117971 828960
308832 325041
74410 952941
40536 197841
391602 462033
332538 730543
189349 309724
14482 820440
274342 560275
975414 665507
595003 770283
647917 252254
924121 436886
770036 112862
52775 539691
729266 397926
601136 351494
429599 357078
918565 201603
475089 140783
607049 208454
545229 454277
222903 939626
68799 661232
748144 804824
597417 433188
436127 354550
406006 449003
620290 104700
746428 815825
583307 684351
954718 515395
794345 315928
541244 253619
77116 954337
523371 447006
791728 706689
847342 349985
911956 925148
387290 39085
182662 646525
182830 499778
662647 265116
273936 123585
925468 614723
330234 744393
264853 578754
56753 276683
909220 933158
716891 885561
564508 356022
146469 670853
314409 702647
186348 629665
211816 676523
729099 216548
264938 840588
774858 930393
432908 385169
506786 601586
548786 607145
442914 582262
568227 920200
877543 765611
761409 167693
338948 319413
964830 730091
265832 260380
348539 462741
985369 565150
819924 251225
547171 146480
679258 958306
93464 86066
14277 82388
872106 327963
211950 279571
366543 61427
646183 9451
82285 514941
509300 346515
212291 30899
184275 266003
403220 578241
358276 645114
150284 775325
115608 880636
606979 367380
808929 469124
39905 410845
753758 305401
689035 253347
880068 801428
941629 183868
70045 65235
573223 149029
517667 755930
16779 613848
895278 516881
452385 739082
253053 537527
50098 678237
892159 239062
35103 432114
858968 498110
836294 554121
85718 513285
112003 829603
852803 938516
290508 400118
358372 706710
193484 777478
377149 505578
604373 750326
585128 267882
88287 83744
666573 455277
230753 278595
836933 697518
170356 933981
622067 326978
834410 620630
756691 77075
206540 926031
541351 959818
503886 992335
680075 125043
792823 452346
548358 183731
55561 116571
896503 353636
322800 433203
328602 36494
801645 396978
423233 741615
337901 377357
154347 793383
634766 464351
318156 749288
543028 559066
738209 567592
323183 194485
471882 354443
4482 189723
35147 651359
598749 692478
763846 583829
398182 943799
300076 33168
871741 919508
849383 950541
222968 763431
765016 504096
400083 122020
579559 761007
130647 679544
620061 382432
472027 186329
231370 6297
984404 495398
660738 401916
140990 488447
367666 963424
413435 485426
613896 676338
12098 468885
372720 227704
819669 708643
481330 981544
201462 429185
980066 829632
300240 419024
125611 318812
819323 128350
450556 26124
259438 102823
344930 813513
229920 329571
731312 23939
829053 95649
737117 557742
862293 671446
543448 288054
576389 858971
101269 591636
502795 350779
589547 300318
786681 417762
610399 348312
49715 725995
614766 186414
290093 161262
517025 397433
580727 326836
496596 808810
233616 464620
233565 577664
473779 862429
99134 552997
561996 945023
711350 517112
286092 530741
17146 832574
128060 190075
475432 655930
574433 980487
541433 127292
5118 50473
445774 538926
77492 5001
582618 761857
369669 186314
134849 377533
23999 28565
141354 20990
337500 997446
575832 966096
261475 428359
851380 986131
695646 748731
225395 977325
369206 12857
861931 552477
919717 384548
446274 794361
484401 893859
506059 781890
203940 938014
358240 115376
673840 357098
62082 901810
994577 640383
883623 568421
483537 856009
695732 148466
953008 550912
312144 795484
77949 559847
293450 282102
204590 587730
4760 939822
76189 524805
250649 80937
814932 503504
354219 580188
944373 474063
971312 978173
885333 393557
468444 789329
231603 531547
680298 948025
953261 406602
594847 216098
273422 676545
232989 201556
533650 546589
491237 113716
520201 646373
773992 475402
726736 782028
664474 799111
559723 324229
771453 295824
785142 939981
238931 168493
5480 730150
620477 607600
172559 376306
530848 499260
724382 65384
733438 259619
408738 56733
973428 573591
2368 116821
654869 264900
957934 236369
524651 314121
514487 898984
446998 222119
71880 673619
93094 988341
223636 298065
511471 655881
264285 941838
909405 266772
628230 604951
704280 971585
404541 669249
186666 659356
776200 992503
317993 823932
119515 753367
418309 917072
580324 425802
387242 242952
712620 689174
791316 243994
913799 170544
5395 565298
792397 496213
449012 609189
75867 305659
910019 945814
665015 165369
648140 989573
979383 840482
99554 434679
528205 555648
727326 969880
670736 378416
174284 825014
866084 731236
656681 741900
207139 773121
504870 101711
732240 447952
36601 303421
551425 427520
516704 157141
792964 55085
612490 261176
37917 601428
740151 503643
51226 372791
665442 562884
796372 491540
626792 348153
294306 982558
935651 637592
10117 709765
425283 964952
119811 173994
965146 671276
279236 656887
559536 981407
603966 174311
386296 234890
109792 696424
650484 445101
531286 559565
572133 283724
504937 577450
650053 279263
72669 59090
479038 479882
41473 558390
494391 877089
782161 532563
448214 438002
31845 622856
574444 140487
186735 605279
735027 249087
827379 72734
564844 433817
36408 233257
612176 568284
550799 72252
56739 702846
688521 904070
390363 170167
32421 162103
625377 334302
183288 473039
79246 908633
743944 840148
784101 414745
591772 39453
326605 458190
678930 291250
380537 611422
389656 79242
22320 911025
972191 920829
803380 938512
594983 234740
707166 411505
38296 239834
61324 154676
421929 784803
808948 573218
502356 486861
551972 35140
27174 230664
294937 578273
455094 877121
203731 565008
916953 466935
477487 80041
521304 795996
369515 366095
377 104168
813015 555103
40119 137296
284853 511898
72432 777292
618097 702643
5775 606754
381336 486325
873406 342714
843919 488600
62561 930409
875031 629997
310879 746677
41030 597148
633432 324085
879677 625022
954843 757518
968761 638389
326660 353222
13298 951477
225133 966312
663268 910047
514913 476759
452701 573234
117994 281890
919356 432792
224537 13538
194862 869056
981658 849621
961068 991904
360551 639231
261322 375936
496924 970665
283845 205159
56143 872453
141426 263927
917113 930945
287237 253534
418877 440864
527483 443155
227234 382168
190880 736336
338688 256415
200686 49632
874331 602943
874435 591159
159520 74753
466376 67901
944116 757456
650376 10692
514740 410890
756078 221130
95203 106074
381214 618329
444820 882648
402802 706802
16752 860795
111192 504557
12555 794772
169172 325397
498215 154539
810770 356113
854159 604754
286842 605879
976812 652764
89726 151413
376111 481669
542412 710795
776569 101925
919354 680693
996827 383380
668393 541189
885771 212735
389698 549934
238191 27617
737871 635573
984041 942440
367443 110691
129787 398315
712547 796524
262894 118440
135895 911610
269098 43099
289715 462603
384542 717964
104221 915204
116292 491250
183868 29746
191437 779641
591019 152862
275404 859415
120751 384756
944933 831469
885808 715384
994412 192728
391792 876501
617735 488117
61392 241221
570356 431366
837212 410509
651503 155121
543996 458553
951173 210025
707099 514939
594507 416638
693830 444464
485294 312131
316710 154440
283272 503695
428325 135018
58964 75889
218347 297908
569615 424483
392509 585417
491839 585590
192003 229731
603257 746639
167848 783498
147356 188336
931197 1542
898969 612095
567384 932486
605717 315772
174907 308216
45383 612664
640839 129380
949119 458134
946978 650411
791676 274080
331830 901374
167383 164464
935768 752969
333400 752024
841292 513504
528249 357323
142426 269060
543647 370395
415215 881622
478799 596337
447599 405012
295543 993153
738683 38034
813442 975577
890439 876302
973588 857567
878320 851722
111844 446021
158122 591230
299654 550256
429862 617460
892302 970562
638438 343143
578453 626739
748973 452369
426740 491409
937680 513479
752795 618335
107781 11633
155767 79553
123761 707359
537513 134587
44130 504282
108854 632076
988672 651873
342086 277637
942440 462777
641300 376551
89467 540505
348607 926827
758356 24970
993785 876897
915272 702193
404065 616021
217134 133676
867301 765355
416331 968951
582414 322172
699758 25247
779462 954985
723270 544043
796904 369056
678377 612327
401287 790560
248938 927953
383214 526329
907559 135957
247188 360536
836620 985059
5971 934906
438297 146136
248782 562406
3658 476284
612928 362515
839830 726991
651217 396886
435505 401120
920079 287025
62534 334265
348289 843534
944884 629004
754304 492198
39334 213522
519657 22162
37503 806816
306081 781973
191211 641657
575957 617463
314897 146101
580277 578524
327279 273173
248637 5314
85935 63356
899214 573098
290638 156046
945050 425650
696175 187375
928342 303943
147939 800767
638534 728530
926281 323494
170897 463177
416349 538104
356389 355028
267476 429207
226617 87904
431635 102983
929753 690300
563853 724765
626543 639805
313889 710862
912961 876079
54671 227923
963925 646838
923413 784614
468398 401418
828218 854698
74727 391358
185340 602534
756335 779225
928534 962658
716066 768338
257291 373315
802139 154412
21715 882873
973996 975215
391037 657676
756295 69964
840863 636482
227015 796639
882624 377079
609943 262247
741731 890427
124514 182823
87461 265220
500982 844725
61131 690886
892237 719607
762526 8762
646482 789611
826348 579854
28550 15494
647758 890548
874054 576965
230047 822882
608136 109254
645033 37109
830161 136859
371320 448380
205087 886448
738446 359027
50691 860843
494714 971085
222863 884737
534446 510694
958304 768414
310963 516476
273808 170858
690544 792088
339510 311985
799620 814332
211081 512120
895789 464902
306341 103549
739270 424320
970715 425144
775719 358753
917794 182632
260393 78878
582377 2888
666390 480973
982331 522265
247346 826279
600151 644356
149959 496878
33388 866520
923461 964894
685052 697898
898871 457810
403270 131775
69481 498543
746319 790704
107177 99446
574807 552470
404755 920212
722533 114794
768014 194749
841736 959728
594842 982470
567367 685805
75274 407586
425004 843716
10232 471308
945244 515634
706848 873629
927805 79477
928260 205150
622304 432249
339144 188582
39484 446262
467494 699298
596834 860843
623541 201496
906505 452921
476665 165817
964868 296599
973884 99812
151708 547267
272564 425908
471759 913778
915376 476043
199291 475607
462349 332528
53524 70895
735256 254450
565718 487011
460187 871115
895092 207325
154887 835265
838599 263298
836748 193033
929555 484169
631379 293220
252876 626572
448326 593841
410274 282589
562920 461824
657108 861535
789003 96322
785172 768980
564264 305709
757658 530312
715817 449064
864482 152533
142129 255922
844660 657375
924268 45828
505112 283796
409708 589986
249059 800060
936653 235431
765767 209205
234311 24071
149518 421959
689754 975811
161280 452238
681056 534801
511257 958889
670019 928051
83984 854004
744938 473025
284200 735502
494509 210478
228792 116889
153813 883167
453393 480685
243460 434279
553068 827167
372917 831942
913899 551947
894244 168214
397172 790987
927384 239279
702812 12824
870268 1690
6721 564837
339772 148092
324528 201290
639492 256479
639591 763607
274680 530223
345645 825889
370543 729753
590302 426921
761225 952699
466944 937675
963583 677048
899634 272080
254876 140345
42561 409158
789940 630332
668611 977930
75246 714045
49943 298286
631841 263900
539598 60118
793375 601134
476746 322712
768433 439574
706590 503454
929790 347235
458578 109453
537044 510685
265022 327188
858814 626165
280871 29809
655270 766769
589355 825358
452380 449040
395173 522235
738248 58768
14692 36183
417073 867942
144030 953295
288928 130825
71405 339991
665874 163392
457846 710721
35124 311031
569190 787977
185353 13006
388679 167186
158472 524665
998554 838863
784905 244593
475597 41323
657041 282703
984542 482455
747617 308002
561346 809779
386487 887856
60578 234374
91509 372151
140209 908578
391374 456656
300971 416990
900910 850785
266118 169256
