9991 4142
12626 22412
8954 13890
3483 4546
10726 8565
22073 5927
17570 22295
1282 11658
10861 12337
21019 11858
29871 2803
23869 19708
15727 17427
3480 21381
21919 6316
20367 16406
24719 26176
24105 18404
16484 28277
8549 20447
12510 14518
8000 12089
16004 18498
25955 17707
27337 6595
20081 26836
16452 6040
27619 32426
23504 12174
30157 18850
4799 8495
12783 10373
16760 13187
23400 27893
17818 27068
13104 31063
20598 25511
499 26875
15457 25179
17619 28480
17800 29787
5350 8064
10077 24994
25280 9878
18422 391
16818 28169
29577 12685
8398 15234
24372 11674
26363 24992
17193 9159
19318 12344
14096 29805
10450 26437
29638 13404
26044 5665
12359 4879
21579 26251
4046 32574
8182 13317
15181 13748
6994 14154
20965 6657
20787 20541
20742 17363
24006 24535
12720 30463
23934 2669
27148 6234
14942 27204
11914 16576
1634 30098
20037 10031
30294 210
27887 8298
2569 22880
2835 31827
18948 18900
30756 2976
15966 30285
14735 15503
13464 24689
3173 8536
4501 16229
4952 24874
9593 5686
4581 16226
14807 17617
25441 31921
25649 16861
7172 25822
9809 10551
18962 28531
22442 18367
26741 28685
31677 14939
8048 29740
3155 5166
17563 30967
5986 6071
28283 19018
19255 27707
4738 8890
19466 5902
31490 9399
30278 30782
17661 18959
12197 30599
11243 27106
4229 5409
3457 2997
3295 1824
10351 32758
32637 28446
6776 11315
20798 21695
18068 8600
24140 11254
11670 28441
25864 1066
31902 19621
22208 20193
8726 28104
17277 12564
32214 2216
19028 23700
2414 3691
31015 32375
13669 22452
32536 29649
11548 32300
3977 21735
6137 30196
20440 853
23676 27490
1132 26689
32646 12383
11730 18210
1930 21629
20391 27154
20688 32463
12395 21416
19818 816
16233 27859
11464 22839
6549 27574
3166 24378
23263 21873
30556 10380
25235 4378
10619 23377
5720 25155
4310 14936
28725 6100
28106 20248
11732 12622
2994 16061
21513 5385
679 470
28026 28939
1028 16141
27511 23344
15564 27144
15560 19955
32404 1694
32259 30098
17643 205
2687 4309
28527 20066
25421 15057
26761 26510
14282 8739
12590 8404
8601 19131
8412 19249
2475 19026
20080 5797
8961 2598
21125 9771
17190 28778
17623 25474
28703 4336
32452 24594
8195 15183
20970 13989
32514 25870
23906 26743
15796 23716
30659 4412
24960 1990
22280 22869
18614 3225
6498 28343
12003 11175
25028 8716
13184 9695
16188 1196
15063 1655
22838 17451
21843 22139
10368 29810
25211 26687
31237 19659
11400 5569
7690 13344
2634 29019
5175 11070
26982 2376
16878 21918
25238 25062
20110 25399
5338 29825
18867 30085
31807 8413
31566 18757
25986 21670
30205 14590
17633 5220
17890 31294
23462 2206
12486 10003
25813 14131
23369 32066
4923 30767
14526 10226
5232 24037
17024 26784
20104 11651
24633 17812
31116 17281
25896 6347
20945 20700
7540 8163
28986 8175
1625 10731
7523 21891
5591 13673
6643 13465
8088 20762
29059 26792
24256 32607
19426 31493
1862 32245
20206 597
2816 10026
11666 22021
25729 17552
15103 7685
29172 25913
23763 6318
15067 32342
20251 32108
9940 13247
8642 11380
32169 27568
24749 1736
20267 8172
18032 20756
30082 2041
31160 13302
28364 9736
14234 16893
12905 7315
23228 521
31045 9668
31763 7946
22297 1664
9759 8436
3295 31219
19463 25877
24470 32078
29278 23220
18471 29961
11135 6885
13480 4887
24016 27770
7595 13702
24327 22380
23013 22141
6722 26699
9416 9463
28498 23898
17903 10870
13676 12901
1386 23958
8480 6829
23358 23189
18171 27660
30076 3341
21333 30711
32590 18245
29596 27604
4451 22230
6104 31836
6071 26933
1112 10669
1724 4099
14784 29627
31371 15251
4219 25742
6954 16595
18233 29384
2041 24301
9708 14604
7887 1371
7639 4539
10076 8100
23583 26243
32269 31790
18902 26068
22590 24130
11855 8702
6234 16846
12018 32030
17185 10284
15451 28532
6481 689
5455 31800
13120 5411
11848 32299
15255 6268
23859 13644
10735 29593
17198 402
1102 11596
22043 27662
31289 16927
4399 12221
10399 24372
18024 26598
10029 5262
4229 7797
8141 26196
31716 8182
22995 5677
30867 27356
30684 9295
15690 8956
18220 6688
11937 14051
1870 44
11728 16283
18829 10723
25010 26695
2652 13718
4209 47
28584 26078
22716 6896
5182 32090
3935 12571
20460 6796
24815 27034
27059 27679
28757 29731
6017 31695
25755 1529
15020 31828
20585 14600
15682 18741
6752 32068
27182 797
23542 25152
24825 24053
27889 7806
16504 29322
19057 10696
8150 9269
3271 19051
12854 26581
18296 31287
13589 1986
14918 13891
32020 16554
14655 20364
22902 21330
11926 4484
633 19498
14404 24288
23679 3999
4220 9327
27879 14267
27549 10891
7004 19288
25684 15082
28439 14264
11059 15558
27286 9235
19078 10239
28420 27936
27491 6756
14358 13795
18851 30917
10836 24488
5351 19414
21099 27260
25943 14690
26868 605
11473 26259
22001 21465
17932 21865
25136 11613
7087 4910
7065 23676
24891 20840
7974 21623
23476 25189
21773 13345
20722 20985
8786 10079
16219 30173
23363 1113
19123 15036
5431 25234
21026 12611
12625 8581
4921 7632
13744 5111
10855 26249
6925 30230
7452 878
3460 26908
13063 4703
1317 13750
12607 8054
25452 10593
1519 27516
9280 24397
18134 31224
30330 8667
5674 3570
27634 19382
55 30575
31669 1582
19114 20837
8745 16433
13604 20983
7360 3644
4134 5944
25942 25157
1010 2243
7123 9728
17782 18388
3727 22716
114 8085
23912 24294
24764 19393
31831 4694
26007 2230
32170 11580
17558 26884
457 9020
15983 28074
12916 25714
25445 23393
10409 709
18242 20225
24146 28499
13651 21913
18635 7777
28883 5315
38 14508
9882 23075
10685 20403
29391 29566
29128 26320
19384 606
19188 23630
25911 25177
8234 13026
31563 31549
26567 19056
23760 26406
28152 20782
15605 3313
7608 11323
18811 5093
14597 4494
28295 22879
29077 32515
6581 7346
22159 22096
14319 6931
24662 6959
6571 6680
6016 18781
26413 8974
24741 28795
9225 12215
6854 18465
30841 19039
1962 8894
24120 17910
3777 32550
6089 6320
15147 4461
2665 20993
10739 347
670 13547
11179 30001
78 604
21163 14836
7775 26620
24839 3020
4194 31483
31920 8741
3167 13251
17242 13849
4059 28839
21006 32556
10591 4608
7687 19349
2690 15288
8001 17899
19940 18307
31768 29979
18795 1445
31846 31403
29633 26456
24255 11156
32212 19605
26473 4446
18237 30286
25160 28797
1116 8430
22391 19933
21042 12538
19264 27178
26303 239
12256 31300
27123 14404
404 30426
25533 27920
9051 5213
31681 11692
26256 3483
10931 10751
14350 12342
7846 3041
24483 15810
1086 28300
6281 9847
27050 9773
24083 6461
29520 666
10788 5587
14426 5866
14394 23584
7741 5533
25658 12005
18725 31163
24061 8134
5440 9393
31708 15096
30073 22997
9098 20771
18634 14172
21851 15285
28844 6318
24832 22377
18267 15059
466 30545
20599 5177
7545 2536
24491 12767
3832 22486
8599 18264
30942 6351
21368 20469
29378 7486
15957 22163
24140 20225
17956 30872
12155 7553
5436 7191
11978 13255
26995 24914
23329 18062
10339 5099
16170 17325
11673 32509
2883 21214
23810 2889
21676 26957
10520 30068
6772 10512
27338 30938
10198 20702
1024 32220
21882 16764
7703 28366
29645 31980
21886 10515
308 31078
6014 18780
14209 1580
9037 401
18105 6550
19370 25754
20373 7195
3720 27635
8195 14178
4697 6870
17773 28661
20595 14689
368 18387
28645 6226
5536 16631
6286 5956
22052 28311
954 8488
13486 6996
9881 2180
712 5499
15078 20516
24618 24544
23954 32284
20070 4009
9928 6712
13744 16511
19024 23738
19191 805
20320 9867
22245 19146
9895 31502
21502 10556
7169 25423
17676 30370
8317 26727
20355 8145
21653 23972
20286 30188
24186 7347
16481 357
890 13924
31323 28548
17149 22410
8616 6021
4276 7381
20465 23947
14222 19798
23548 23689
4469 4147
3387 2393
11104 18137
23721 15733
14327 21393
15543 29446
8868 20302
7781 22517
11466 26042
31231 18193
9221 24321
11905 7847
28030 25862
21793 29556
23044 18834
10745 13223
30803 6905
20959 27269
9294 1169
15473 13995
31948 18040
24272 11267
72 30020
8207 9944
14838 22098
10066 973
8651 32086
4011 16212
3982 7205
14834 23319
24069 9981
4893 15739
21687 14998
23343 18024
14074 17257
13733 16097
562 5165
10766 30493
4274 1294
15263 23725
26581 18770
14131 1316
721 19904
23507 1860
2745 27030
24183 18391
2970 15756
4254 32008
2296 24152
32459 13926
27755 29338
16414 1526
22065 3134
22202 14443
32526 26169
11930 28565
8647 4522
10866 10495
27636 19537
14034 9093
3094 3537
29713 2706
28922 17569
15895 15943
11148 31112
12779 13950
3716 29891
9859 26851
7317 29289
11900 20173
24892 1970
17667 13878
28979 16084
16406 27823
21926 2334
4769 1709
23167 19491
8021 7434
3161 12658
11333 27231
31333 25716
31854 2756
11951 23234
24371 30059
16636 20912
4326 950
8637 28817
9913 18699
2223 3040
14328 23515
26804 25463
4648 24107
29680 30616
9063 9607
19730 21345
30555 4898
13532 19040
19491 28811
11792 9276
24770 27975
22457 19538
12176 12962
14690 24565
26514 470
4037 13816
13159 2838
15142 22458
26614 12047
25913 4810
8683 22090
30417 10547
17373 21098
17217 20985
6170 20386
10508 22592
15963 21307
23872 1270
11220 29574
30162 11071
17654 20524
27575 9533
22797 20790
16110 335
27997 27554
21812 18826
6662 4838
11691 5574
27746 9029
3679 27059
24779 6069
364 27873
12118 11717
31853 16333
4225 8243
1214 28817
11595 6405
10733 30158
10643 21363
11029 25293
31708 14802
29897 8746
24488 560
6669 13935
10818 20781
27944 30554
15330 24074
28465 2805
30094 14833
25923 32664
16233 26329
10889 8009
31977 9392
11409 32168
8038 20531
22455 18886
29268 30553
32693 21442
30271 11408
6185 7576
31527 20640
6494 19835
16811 15113
12466 21092
2233 15734
10330 7196
1881 18471
25008 18216
30727 4110
7117 10396
4380 9205
4220 7027
31354 21485
24545 13443
4910 19609
12036 5620
22040 13818
5657 23450
23622 23952
5619 3359
26692 20125
8653 11698
2849 9847
18348 27082
25544 26943
16719 2564
31597 8325
28682 8027
2073 11926
2921 1095
21934 1629
15053 23870
9536 2969
20134 925
7315 31429
30692 14012
20743 6610
15155 30541
24579 26227
2058 18988
9543 23295
7633 5982
4673 29329
28119 9146
6386 14872
25153 30787
28052 30121
12947 26514
15629 10546
8265 6910
31392 4575
16142 16567
18946 15987
31280 31678
1171 15916
14389 3559
9305 18521
11125 7633
7146 14933
3238 19279
18846 16009
2734 16131
20464 9716
13178 2126
7301 15366
2986 20343
29498 29998
7539 761
10139 6982
1010 2186
13454 26847
3221 29004
5298 12794
10882 15755
1049 24722
116 20002
13110 14260
25864 2830
9695 12628
29406 12812
20012 9483
23664 17898
32662 21116
18621 19989
24803 21672
20819 4588
11212 21882
17475 3962
29977 6558
28582 1988
26956 5902
10376 709
13366 9655
4787 5859
10316 30830
31729 30995
12484 1379
10671 7242
21776 9206
22926 27649
10494 16829
28079 23961
22225 11422
19849 17719
2659 22633
14645 15549
10468 4013
4911 20434
30113 7230
17237 30546
7249 6531
21799 2143
28921 32086
10987 10570
19211 16498
23644 13157
11406 13923
379 4164
30092 19105
31777 29866
19201 12187
22359 28898
30240 8732
31033 4861
9670 29889
6725 6121
8396 5525
20112 13905
24530 12914
14379 3000
16745 26078
16615 30359
10077 22697
19252 11291
14188 517
9693 15762
10203 30448
6948 14313
10857 13096
4658 29715
2 26033
20870 4022
23732 15981
29351 11240
32270 9575
3072 14527
7374 1398
3092 1882
3789 6639
3606 10517
15379 28701
1466 23268
9874 15593
30522 24827
27026 28771
22451 6442
2176 8732
26000 19258
25725 14570
3782 29288
31411 25220
24330 4639
4483 10760
29915 18983
8945 29486
17342 27587
12844 27752
255 24358
5813 8819
13907 32008
13383 3790
26498 28515
12278 16415
7854 12068
21528 28493
15478 26560
20464 11500
16730 26578
1696 30494
12786 29826
24971 25577
29116 1546
29134 7831
17990 32746
17526 183
21449 10086
6001 27538
6876 32484
2579 17613
27756 13440
23407 17783
31860 6173
29741 8875
3539 10246
4464 18216
2291 6334
21558 9632
5590 5192
27967 9047
10192 13853
