1 10
100 200
201 210
900 1000
9032 9296
1364 2123
2823 7039
8116 8878
3543 6538
1433 4212
7707 8049
7901 9322
3343 9624
5394 5606
6775 9966
8045 9893
4594 5875
5501 7410
8636 9684
6475 6989
8416 9171
1505 1524
9600 9814
5650 9487
2195 6933
9488 9859
3777 5079
7124 8144
7099 8211
1919 9048
3642 5500
8741 9885
7177 9156
3110 5412
6556 9149
5421 5824
3299 9265
7908 8367
8276 8705
9488 9891
6179 7376
8325 8912
2051 9859
9237 9937
3573 5714
978 5987
5771 9403
7015 7350
9523 9537
501 8913
1750 2326
6310 7077
774 9648
7197 9484
3204 6185
5096 7378
8616 9195
2805 3044
9511 9526
480 9939
7686 9736
4172 8055
6629 9808
9894 9939
7985 9676
7870 9368
9995 9998
4197 9523
1332 9856
6472 7745
2962 4507
3312 4669
496 8943
458 3909
8591 8751
3067 9350
1467 8414
6275 7982
7158 8329
2404 9477
3837 6085
3601 8527
3763 4724
1816 6541
5122 8960
3662 7702
7824 7960
4458 5884
9512 9620
6189 8756
9409 9629
4608 9343
4353 8425
5498 8401
634 1465
5759 7420
1734 4722
8929 9184
6692 7057
5468 6517
3898 4243
7691 9199
475 2854
2401 4111
6510 8134
5285 8119
822 3898
5094 5240
23 6388
6867 9633
408 6562
5372 5414
2547 6346
5259 5835
1074 5951
1051 4647
1345 3953
4315 8275
7199 7831
6200 6736
6127 6843
7202 9414
9682 9998
2651 5382
1753 7384
6970 7481
2842 8703
3910 4757
7837 9517
2152 5071
675 3612
4767 5234
817 5881
3438 6667
5324 7996
2884 4411
61 5903
8589 9884
2163 9199
3426 9139
1329 5945
4336 9649
2116 6681
669 9230
2421 9326
1161 4885
4854 5268
3018 7278
1180 5926
5714 9202
2874 7663
7875 8574
1883 9728
5042 7280
4721 5231
3711 6589
7622 9162
7244 8998
9175 9885
4276 7603
5974 7701
7261 9784
2903 5535
8737 9456
5551 7647
1765 8731
8632 9121
1527 9546
8492 9349
8058 9402
8119 8358
7913 9150
8602 9804
9076 9603
2204 6803
1650 4946
4358 6943
6580 7340
5761 9513
331 2415
1636 4922
6024 9429
2527 7142
6560 9902
9124 9976
7464 9281
2871 8335
324 4785
2244 7192
7362 8529
570 8416
2717 6955
2220 4198
5999 9920
2740 3864
3429 5328
3908 5381
6133 6446
1426 6193
871 3573
2949 3917
4432 4804
9299 9479
5232 6058
4127 9132
6015 6553
919 8697
4191 6082
6053 6161
9594 9765
5627 5793
1057 7050
7435 7928
9304 9804
1225 8639
6745 7205
5058 8768
2858 9991
3737 8194
6291 6902
2121 6110
2514 6553
2380 8040
1171 2227
2880 8178
6335 6699
4269 4735
8814 9696
7614 7615
6038 6508
9443 9656
3147 3695
7526 7675
3480 8933
3650 9160
9902 9966
6318 7074
4230 6487
8276 8334
5952 8428
4902 4965
3803 7823
9124 9288
7159 8744
2634 4459
9109 9388
5633 7006
2699 5934
9928 9945
3872 7289
5274 5426
9633 9679
8262 8567
7287 7691
3639 6509
2721 5614
6461 9841
6394 9963
2546 9656
7114 8395
2125 2921
9888 9955
4685 7951
4860 9621
4976 8749
5286 6272
9611 9722
8906 9080
7147 8579
7293 8963
156 5243
1332 6347
1166 5167
1193 8817
7214 8216
5518 7967
3155 3851
7741 8132
9779 9835
138 3090
4351 5887
5468 7992
3390 6291
2043 4341
7116 7627
3621 6236
9532 9755
7501 8390
2948 3230
1478 6421
1859 7237
9336 9792
9995 9999
738 3038
6848 7477
1230 4277
8102 8508
5000 6648
1775 5727
2122 3061
3022 9857
1616 4197
7849 7934
7230 7620
187 7002
3980 9947
2177 8568
4683 6259
1042 8662
1326 3016
4051 6991
73 9549
8310 9280
5942 9479
8030 8632
8355 9050
6182 7410
9254 9791
1454 8633
8497 9774
4473 9487
6997 8074
4310 5263
479 5716
5186 6152
6231 9556
647 5797
5587 8262
1592 3559
1321 9392
5687 7186
3904 7816
1049 8650
7414 7729
4227 9050
8129 9974
9308 9425
9357 9843
7352 9989
2380 5921
1910 3532
4630 9846
1753 4620
8102 8831
8723 9482
7326 8758
7722 9145
3367 5366
3120 5042
3979 7276
489 1520
8530 9496
6680 8047
2140 3240
8746 9203
1074 1450
1841 3391
7374 9327
9878 9903
4138 9148
8032 9776
3595 7519
7912 8715
7315 7339
5790 6264
7187 9767
9042 9737
4321 8746
4168 6488
5996 7747
8111 9595
1874 7637
7431 9686
8202 9742
5054 7430
4288 5014
2242 3569
7993 8572
4822 6624
1322 3132
4042 8782
1634 3058
2321 8251
6529 7028
6459 9518
3295 9018
641 6584
6937 8101
7325 9869
7730 9614
6996 7685
8605 9840
4469 6895
3425 8398
680 9164
899 1261
1622 8980
8682 9734
4786 8344
9278 9882
7532 8410
8429 9310
4566 7916
5309 5431
4046 8620
2088 9073
4871 8590
8138 8809
3071 3565
4130 9073
6673 9118
8047 8983
8587 9427
5969 9120
8397 8523
2784 5602
2106 3422
327 621
8030 9872
9041 9701
5267 9473
3731 7976
5096 5540
1593 7459
8274 8459
3955 8253
6320 9337
5426 9822
4813 6085
747 9051
359 4335
4709 5611
7130 9657
6726 6855
9761 9899
9688 9704
9259 9810
2630 8276
6175 8088
7019 9874
275 1755
1741 5939
3698 5147
5298 7075
6084 7179
6837 8807
8844 8861
300 8353
9643 9866
7875 9175
1931 9693
8496 9736
6730 7189
8797 9329
1992 7076
5305 5353
8189 8275
7640 7754
6168 7790
1094 3018
9838 9899
8180 8565
199 5951
5633 6772
1051 4573
9976 9988
2989 7391
442 3787
8778 8879
8337 9403
3978 5159
7250 8074
6973 9185
7109 9433
6730 7356
5275 6464
9736 9752
7089 8859
3244 8924
4126 9203
783 5109
4496 8881
1670 6943
751 5290
7801 9651
899 1955
8567 9590
8615 8874
7590 8270
3537 6854
7168 7346
394 8416
1765 4320
5904 6648
6637 8550
4365 7497
5838 7125
936 7656
1740 5742
707 4642
5908 9912
7217 9546
7320 8792
5607 6679
5978 8215
2054 2272
7518 8614
1912 2923
1883 6805
6940 9474
4937 7687
6015 6159
999 2076
3581 5090
3771 4474
331 3465
2193 3726
2739 5842
6904 8349
9195 9237
4428 6607
5878 8043
8378 8413
809 9927
7792 8196
4683 7865
3185 8702
3234 9762
6503 8479
1597 6293
7613 8753
6762 8652
5652 9016
1327 5928
7927 8788
6227 9244
3274 7005
5115 5197
5314 7137
2301 9336
1400 8028
697 4434
2164 3757
1103 9099
3844 7440
7811 8187
7944 8964
5130 6636
5194 7168
7843 8629
9300 9843
692 6079
1370 2934
2482 5834
1888 5297
3358 8094
4461 6118
4228 7379
5160 9201
4115 9023
9796 9914
676 2812
4319 6690
8407 8510
4825 7878
8560 9878
9778 9814
8149 9697
7680 9869
6725 7080
4696 8871
5313 7910
3894 9877
7865 8334
8394 9670
9671 9994
1239 3845
9880 9954
1746 1748
1584 7034
180 8153
5747 9755
6203 9132
7911 9782
5233 7285
6230 9789
5905 6394
7526 8229
5025 6097
8684 9678
1328 9080
4356 9974
1025 7482
6067 7276
5627 7579
2579 6671
8964 9255
6446 9537
4484 7428
6950 7999
569 3861
8678 8870
9977 9998
4844 9160
3475 7997
4451 8284
5581 7785
9497 9509
2537 7608
2817 7735
6738 7824
3540 6597
5080 7546
1401 7659
304 3133
7774 9381
8137 8533
9608 9664
5391 9498
5753 7472
7231 9979
3788 9768
2532 8244
2334 8046
260 6458
523 5352
751 2689
7723 8763
6595 8024
3349 7796
7764 9901
9809 9812
3231 9664
1475 6593
6892 6946
8100 8521
9231 9950
6130 7982
615 9655
1653 6870
6489 8669
8135 9532
2758 9654
79 1603
6370 8255
6305 7073
3289 3986
8636 8714
9896 9948
6148 7787
7343 8227
787 1823
4749 6447
8434 8931
3385 6710
8475 9697
9219 9432
3772 5898
3463 9479
5269 6590
8968 9711
1865 7002
1538 4415
7833 9484
9504 9616
9981 9995
4450 7726
2948 5687
9693 9842
4189 8607
5523 7230
9791 9907
9791 9909
3508 9181
8739 9116
120 8747
7855 8222
8362 9049
3885 9019
8098 8728
3777 8582
7851 8263
7282 7549
5883 5930
2363 3873
1648 5733
9642 9698
483 9572
6713 8894
2003 6492
9007 9982
5231 6510
5631 9722
7991 8053
5748 7900
4590 5904
4090 5454
6811 9969
9027 9535
5253 8617
7640 8120
4208 6694
7555 8843
4672 9551
2690 9859
3014 7490
7875 8557
1143 2817
170 3361
9195 9605
2164 5389
8837 9709
9102 9499
8948 8994
9638 9880
1714 3075
3130 8961
1494 2965
8643 9044
1691 8451
9300 9953
4472 6660
8478 9959
5527 9130
7650 7832
8694 9728
4693 5788
2975 9039
2251 6629
451 9408
3751 9251
1882 2915
7620 9710
987 3492
2736 4512
1475 3735
8725 9955
3499 6503
8348 9264
5081 7772
9401 9806
7459 7658
5823 7629
2762 7286
1451 6945
8135 8230
6918 8570
3688 4994
4543 6813
8321 8886
8422 9475
9505 9533
8610 9513
9741 9831
8044 9781
3982 7875
6903 8866
6333 8119
7411 7449
7580 9944
5125 6771
5735 7887
8159 9163
1052 1612
6520 7785
328 9950
2355 8239
6296 7435
2082 6081
4724 5682
6251 6965
9057 9363
9633 9727
3172 9893
5564 5948
8140 8531
31 7787
3426 8967
2705 7769
9648 9906
9959 9993
5227 6608
878 9790
3230 8401
6954 7053
2193 2463
8558 8585
971 8518
6485 8435
6256 6984
299 7164
2213 9993
6341 8324
1279 8142
3547 8736
8731 9262
9620 9980
2614 8480
856 9684
8640 9547
1436 5217
4840 8925
2899 8321
3150 5987
8446 8598
7172 7698
6425 7892
6002 6968
7179 7373
480 7605
9479 9793
1206 7848
5387 7766
7837 9140
9474 9634
2122 2826
7237 9802
6085 9717
9166 9810
2159 8188
2379 5765
4112 4532
6353 6601
1736 4179
3551 3705
965 4124
9803 9941
5868 8387
9881 9982
8642 8918
207 357
8067 9755
8221 8508
4029 6705
3589 4161
9268 9578
7421 8622
9597 9945
7298 9894
906 3184
6594 9805
2376 2445
176 7848
2150 9149
8213 8847
5707 8948
8813 9633
6517 8573
2865 7502
2138 5637
816 4297
2655 7478
8027 9111
4545 9085
6991 8191
7375 9560
8536 8795
4342 8520
5999 6262
173 7144
3220 6269
686 4067
1237 9164
3523 7010
6753 7274
1758 5441
365 2289
6797 7136
7863 9647
5118 6514
7902 9730
4659 6550
6931 7297
7014 7255
3489 4396
8454 9104
4778 6468
5109 9397
611 7474
9338 9533
8181 8762
4765 8407
6920 9863
8274 8521
8900 9109
259 472
5430 6950
7465 9451
8807 8813
8083 8371
1507 6468
1371 6725
6907 9317
8024 8622
9066 9753
6531 7272
3917 4967
6015 9977
7579 9055
4217 4516
8733 9504
649 1004
3078 9848
2846 9562
785 3953
384 9027
1004 4628
5556 8965
7552 9414
221 298
579 6570
4161 4239
5926 9050
6322 9772
5826 7650
8589 8995
4984 9084
8921 9872
3586 4164
8851 9687
2923 9184
757 3798
8682 9848
3767 5458
1512 2659
9121 9147
4503 5932
1882 8067
5606 6985
7938 8594
1229 7918
3200 8679
9317 9725
4590 8813
4346 6280
8560 8872
4992 7049
7690 7829
3137 7874
8124 9910
3808 5307
6245 9508
6026 7842
8459 8608
3272 6072
4555 8152
71 4549
4041 6934
8176 9090
3914 5524
1422 8584
8819 9398
305 3790
7337 9369
4678 5952
6454 7141
2521 4954
3605 7129
7288 9216
4547 6230
1245 7783
3196 5541
8281 9206
7464 7499
7402 9979
2612 8130
5913 8931
4274 5235
1311 6524
7572 8975
5336 6347
7020 8172
1011 3149
5134 5409
5008 5316
5190 8193
2652 3576
7658 8293
9796 9893
8355 9730
4349 5059
705 936
6671 7504
3670 3718
1034 6954
4967 9456
4894 9275
5191 6031
2225 2446
196 3079
529 4285
6936 9867
3925 7707
9594 9756
2988 5687
4069 5836
2827 5601
3569 3942
2931 8714
1573 6450
4105 6208
603 9824
1343 9489
6433 9640
3 3
