109158 892806
390529 626714
551031 177560
47468 455818
495027 357715
927751 649759
631671 323830
358206 404129
579747 504353
120859 277670
164694 950993
845381 754697
818723 871245
617177 684409
76271 504096
296201 341340
711411 607468
770645 788882
80355 148552
17005 734318
154443 279542
474943 43174
329295 469748
837878 581489
513225 994280
806354 335542
687683 946630
616745 584664
940623 218450
672453 837652
726019 982668
917114 202708
315299 347654
43432 116250
318725 236159
547489 422570
15647 151602
477159 126954
114284 395232
689763 930447
314671 291658
987443 880108
142863 325535
586540 172889
902382 521846
437182 104836
524850 771121
428366 613485
828551 668341
919891 873088
260539 501962
540708 405419
614596 870989
360419 446977
174654 316596
418659 892701
653342 554166
533086 716885
292179 830600
56923 329135
943957 530216
584996 92205
34223 289259
102226 811482
824224 327070
111753 952510
903314 119846
703667 351885
250834 280003
192739 204010
217225 414760
560515 499935
549077 662837
61842 425429
339915 839981
308915 86691
119635 314774
502698 622063
16899 308389
644164 356076
613288 687750
891750 14127
78278 266600
173759 240835
403974 29137
41578 984647
549336 257346
401852 560716
627656 120415
262930 722763
185619 529104
789860 615031
244022 513538
451113 739748
648912 249004
493799 205242
444823 735712
271854 827242
164299 878881
599235 962133
741871 704146
272933 513539
799488 469980
872480 665
972486 99633
813197 548104
980033 697994
285196 637589
436095 807944
659059 689867
804862 650459
585432 279673
340277 553756
910999 79797
774374 657526
621787 722672
644256 352607
154049 826882
855367 209789
854541 640495
84762 212920
120075 762578
443657 942303
436959 790613
191656 951519
847654 938847
66162 472950
733921 127745
751007 829070
581649 393909
363422 28926
106974 67986
607782 188220
179404 164140
674288 154002
497357 624973
238652 335508
646568 149228
817130 738176
103680 84752
834635 183969
614153 331173
373075 540990
472331 876733
99752 837846
103368 221357
657952 452632
271955 472778
79768 903559
828124 461760
604880 671358
881950 108726
197369 585005
223416 615858
880947 473380
880287 265562
194988 526215
286811 536632
546887 940552
633871 992706
390586 798763
937021 696608
662381 668745
755179 639336
292352 229468
959778 627709
868934 830147
890022 479229
748541 104443
770848 408945
191777 626337
583029 61283
366048 672631
719688 140552
585287 759426
551980 61753
466511 59339
947338 837060
522316 584541
726792 985766
124255 200795
256221 815023
304996 732273
286065 749821
507381 552566
834687 453250
130166 957215
539732 275223
302671 302213
148325 373282
734961 579578
821187 91975
426361 154311
687271 727380
456849 373236
621550 164208
428338 259960
864783 36530
381800 824405
480498 989794
437344 409316
278717 225054
881515 847937
745969 167649
715755 53488
616279 461148
433583 423091
543879 262755
837048 205237
624809 414318
658659 520770
501678 371665
292440 371628
503595 782142
276735 139288
563205 902001
592487 887751
995786 944876
297107 472919
302563 889244
834294 635596
840936 559154
687370 772937
606520 230642
591741 676244
634435 532359
427017 99127
489725 283866
145847 792612
855156 260957
935344 140195
875602 366301
218060 811705
716183 418944
40343 52753
489399 514839
975186 910148
424742 754237
396370 141110
920553 542899
493392 620661
681088 876252
803125 436970
123762 504991
985714 896497
103464 673328
359276 847218
485859 685426
766805 792109
288483 925012
824053 102912
111814 383901
719141 253726
619073 8709
376386 733578
898934 209911
52513 227566
200309 865482
62627 848258
359945 771178
847916 195096
510546 369386
107680 798668
515631 129222
290363 263516
452562 548932
880186 475851
592540 47949
716070 919732
349564 358085
474265 311363
938640 972933
212818 312975
933280 662388
941032 571422
59969 630948
150359 833852
906079 274031
637848 940884
907744 178580
551569 906347
835172 969482
229163 726343
293962 548520
295866 422423
113112 203605
297389 263715
955045 701757
511777 895629
968999 212705
878407 366810
406633 412172
352386 345505
369653 499158
460184 642208
183528 109173
359119 664958
119182 723050
422847 966278
685412 728320
594013 195424
180508 730843
820073 274464
194650 653530
3170 111431
524417 60486
780374 535214
769466 569348
245001 15572
524542 310009
878662 916105
954623 429777
207519 540409
270252 169786
569918 489847
483900 483971
902458 465690
474400 608180
410939 18838
681153 237559
507592 761928
896184 842559
150862 419403
891770 228449
971822 892772
815141 337442
97267 944495
999985 861676
548712 868559
124009 776073
851747 266391
634541 367067
425555 707408
262300 775799
159559 275616
365904 163470
199415 742338
911162 575386
511580 696861
705841 834460
785926 984491
80445 284080
92346 519094
121254 542473
739595 500122
740241 964339
914034 945080
927418 765853
885293 24570
750297 581382
817824 66821
951280 414219
688793 943559
955991 774998
284752 344157
429196 464682
201380 247930
638771 502619
703264 793567
351919 507435
60848 118502
653937 199767
47069 449906
843485 23331
373394 348069
355538 504652
532265 735510
33167 537460
414169 748365
522071 968447
903219 289347
387804 126273
898692 912823
697290 110227
841702 110853
508513 869106
635933 271720
848884 917637
907422 162480
376335 346680
624333 293837
472576 168410
916140 370969
175073 92048
325166 322823
218183 146803
315303 954580
385321 445325
288047 759999
816034 92222
200631 438570
481789 780381
229776 834110
607804 685331
183660 396950
517731 626708
27965 133567
438551 70409
164626 864764
715665 526067
501598 241855
12075 605560
721964 126708
121227 987255
145786 562183
932450 718717
540588 575784
958105 97786
732523 307071
977863 980837
942382 423443
10071 755800
672148 710139
930973 221049
991381 484767
536051 424679
932526 591071
57422 443230
299192 658106
944643 111826
867729 453344
954396 438066
468351 368950
27482 543335
720772 925997
113517 569291
772253 658605
381779 804278
925513 299628
335876 388288
176721 280323
364832 627539
764680 299369
922310 688146
435188 132232
551374 630019
459879 57598
156012 814292
995704 366908
975716 507194
75401 948790
516436 654970
954695 766816
646001 891528
369963 861654
989848 649689
679956 198691
817768 517418
498479 289472
299044 973927
145236 533888
575294 149347
802760 541194
763078 923292
681875 322859
677436 33081
995050 112368
229054 318716
462860 878766
827362 699883
568570 552794
88378 865678
530588 900395
364801 786529
513055 683743
29158 691431
643919 829682
400997 684540
100360 787493
768043 183482
452037 887658
958969 144825
143490 364433
637174 583382
323711 552032
269457 204050
398791 487462
503092 564054
146128 980461
620853 987199
600639 894731
301310 667727
644477 1485
475510 59772
74493 683761
764194 311677
979147 594688
182576 217837
185566 437169
70046 19190
604463 755783
270254 966589
959817 241857
23198 436921
165221 69341
391022 245778
426624 218014
372433 823790
631246 806216
90757 620350
265016 110892
334974 313725
288361 85625
45414 559541
923521 86718
883591 6197
466913 476504
68819 349989
805882 433885
5409 675910
550042 771315
954369 737286
611727 450117
420589 680703
87361 204806
114584 236885
81256 797952
103129 378452
577692 926175
723259 183181
568658 272552
29826 198369
159446 380462
926172 128362
37756 310271
492287 812287
189384 488663
401354 505201
803242 581832
889068 983248
64002 273156
447825 361285
754284 641487
792535 703148
783668 223218
138556 241597
476627 114809
492515 988539
139521 636257
546106 168727
774458 805
586888 828176
73636 787573
582701 454521
392610 958082
372736 225468
498671 34834
850518 749473
49213 130453
429992 129557
829491 627190
35867 781003
830069 61380
85199 99031
593844 529613
667364 782301
293531 734203
424260 298195
988630 894066
531498 649588
167536 235489
435035 51198
835110 577440
811145 185648
298065 553179
22835 127534
72464 818885
654056 222336
414691 126535
748448 814470
179416 153198
59734 139476
277979 201398
551142 477941
66802 268890
286206 731561
48591 169206
394092 78733
401898 664658
101867 397701
782255 622047
794192 333465
686498 273009
172386 132419
114468 302205
731249 297298
316290 835363
681143 625054
657715 663961
778788 522475
467345 360009
767079 797799
71699 226398
793079 98920
793567 202637
909977 932771
757719 250497
782519 121202
344883 26302
813571 768829
71594 179862
971420 680159
392921 823060
454462 489069
904645 441650
820949 813553
733176 26050
306041 83865
16414 766407
644213 308278
561706 399363
447548 678411
915835 837496
779391 188791
822095 389450
126489 993564
208078 93734
802105 400373
825514 345928
904143 335448
47174 184755
80299 816962
482647 416523
304496 308079
999680 703406
605496 514166
454146 738533
313616 398064
349621 250352
692832 688867
372663 138912
973354 481400
181909 500118
141866 24603
638610 532773
582014 32363
899241 821833
739823 484917
853940 978416
578785 721368
952287 328420
281435 286671
853733 367647
86085 934702
242198 847429
711636 236692
33393 208437
707932 831957
901071 550581
332082 949134
578644 860958
320011 201138
709845 527751
256488 101849
364907 125284
670236 842326
492047 341094
322274 259118
601103 505378
884310 231694
133680 415004
308057 56096
385458 877772
234380 973916
933346 514214
577310 819759
41007 112831
850224 507816
56917 224727
875797 191099
69009 831650
96546 537467
819922 220403
644367 369381
520692 470068
679640 60424
99202 675436
80891 226763
117421 615933
259982 201105
441257 630328
670289 573759
207660 380274
552824 692065
227430 942589
169453 222592
418738 746843
564008 212048
364494 255743
399571 671406
883686 655707
786590 95198
515568 196272
721836 351997
83530 965787
259586 640284
518236 564208
314379 878709
273309 897443
937209 102152
650353 342325
277435 113773
197695 138732
980423 15916
878323 14955
292134 687636
56723 968699
511006 592263
498458 839812
880136 152361
745060 339216
697697 373113
50656 573745
202883 125501
369555 662199
221350 98087
508654 911000
889513 880725
964889 873146
508868 572250
472496 373115
640343 11408
520154 581080
344350 184363
42780 678491
206109 11630
659226 922735
947291 763337
705077 446412
48455 182990
47208 922550
600103 894513
314060 468009
417925 507229
327531 655882
296307 815939
564137 620862
8325 887185
196042 572402
99094 971372
896975 350036
631596 649575
289094 238997
592973 248762
667265 529960
793567 551273
797574 776171
852147 561509
431711 493476
243282 939632
573822 618015
805705 867986
593675 301630
190142 756121
405625 314619
562309 73501
550575 418681
179945 50153
605497 643179
949276 574343
642503 798416
561461 452439
504931 23077
417434 709043
534669 880070
638785 317966
397221 643873
573810 403501
292090 899298
345013 554816
673641 60901
704697 456050
550646 773929
12315 253218
233630 196971
77662 350447
426630 164641
203011 183047
926165 56226
163825 818056
201595 774765
578454 655576
742497 42838
870731 564263
946903 930293
897102 422703
158359 933743
322909 100269
789256 806067
845127 459566
161914 712281
890242 580427
188607 540801
528427 714448
360536 478529
682592 725060
966392 891028
844059 210928
78733 799563
897276 513501
895784 404991
769756 94852
787272 567015
941131 686842
710108 66064
334786 744558
237886 422630
411774 820215
324331 442334
238535 436558
5919 431736
586756 796130
89634 777148
41662 142038
149080 120993
420002 810001
49240 206450
197752 838003
323923 340646
328346 123729
131519 335320
735838 469205
189242 527350
349129 709011
393624 92906
684412 655318
119629 798010
861529 4133
437033 606038
450054 427487
171415 587956
55649 654946
263447 662850
258832 23821
173289 621328
275285 158534
761432 82575
2971 688900
802000 625397
507578 243750
897556 463236
723182 530702
626638 528810
217422 733682
361798 792991
634789 545782
47549 111563
752480 301084
161102 378271
916668 88674
326017 104263
274488 801672
811945 984822
130329 295230
198386 424808
690211 565559
7963 721514
841533 666034
566111 554421
519725 343643
874989 70955
555716 547023
776705 501315
387328 513835
870007 88267
979832 933660
191002 826624
776185 556204
638475 716651
900712 870290
720610 158078
477200 273581
843521 203992
715345 581326
351190 910043
853885 57956
732708 145648
501222 348244
340526 414552
139124 522149
236249 162805
111585 463480
236303 955248
956699 734357
722361 773012
770543 663856
746454 439972
77654 562853
284786 818269
43412 371636
72006 244143
332959 807872
124514 622316
798816 539429
73642 79299
24448 643204
218428 484372
380781 941590
638527 695266
184727 796668
912025 575418
954352 92967
442480 167303
861201 303162
958180 686363
224206 257505
888635 31476
560629 482933
84372 182890
615017 491965
308236 56554
409897 362762
937983 885436
149423 938622
81112 213180
395609 12816
630626 514681
184057 721803
562396 182162
458214 195113
384303 615545
975 286461
815988 100645
633871 561089
239266 770410
80702 677433
595699 869588
460065 383189
752174 277781
703916 895137
810779 896597
604485 146153
117643 913449
301448 493257
166443 465335
471169 819903
656851 797073
563700 806336
733152 568502
938760 273887
922953 690009
528641 523812
204827 692500
49799 260276
399942 895922
749021 73309
322825 915777
949085 739916
807628 611099
420450 550684
23287 681401
776990 225367
556819 351579
304376 466990
295423 899782
288949 628188
802979 174458
155633 49231
538532 961196
649935 184833
682725 960534
835369 420733
203942 290551
819368 555656
310304 941517
236294 563164
878792 499761
730324 750317
83884 674372
538340 659125
743065 10610
58427 121297
410920 80306
596853 207462
982984 870403
691518 274487
213238 543800
891268 132000
702935 907556
214690 822927
448746 727522
109776 769356
86746 400841
723387 314636
755360 211507
353443 27753
395109 796978
919550 226129
15105 571937
410763 371827
19049 394786
626207 314350
858822 68509
729824 211874
470694 1212
187097 634733
858468 461202
914177 798663
593019 787869
923467 604365
