4 7
8 6
4 6
7 3
10 2
3 8
1 10
4 7
1 7
3 7
2 9
8 10
3 1
3 4
8 6
10 3
3 9
10 8
4 7
2 3
10 4
2 10
5 8
9 5
6 1
4 7
2 1
7 4
3 1
7 2
6 6
5 8
7 6
7 10
4 8
5 6
3 6
5 8
5 5
4 1
8 9
7 9
9 5
4 2
5 10
3 1
7 9
10 3
7 7
5 10
6 1
5 9
8 2
8 3
8 3
3 7
2 1
7 2
6 10
5 10
1 10
2 8
8 2
2 6
10 8
8 7
8 4
7 6
7 4
10 5
9 2
3 10
4 10
1 9
9 6
1 10
7 4
9 6
7 2
2 6
10 9
5 9
2 1
4 1
5 5
5 5
8 7
4 2
8 6
10 7
3 2
8 9
6 8
5 2
9 6
10 8
6 4
9 9
4 2
9 10
77 5
44 64
14 39
7 41
5 19
29 89
70 18
18 97
25 44
71 84
91 100
73 26
45 91
6 40
55 87
70 83
43 65
98 8
56 5
49 12
23 29
100 44
47 69
41 23
12 11
6 2
62 31
79 6
21 37
45 27
23 66
9 17
83 59
25 38
63 25
1 37
53 100
80 51
69 72
74 32
82 31
34 95
61 64
100 82
100 97
60 74
14 69
91 96
27 67
85 41
91 85
77 43
37 8
46 57
80 19
88 13
49 73
60 10
37 11
43 88
7 2
14 73
22 56
20 100
22 5
40 12
41 68
6 29
28 51
85 59
21 25
23 70
97 82
31 85
93 73
73 51
26 86
23 100
41 43
99 14
99 91
25 91
10 82
20 37
33 56
95 5
80 70
74 77
51 56
61 43
80 85
94 6
22 68
5 14
62 55
27 60
45 3
3 7
85 22
43 69
529 190
873 909
959 499
37 809
754 249
304 334
134 649
891 755
568 747
369 530
501 47
789 798
250 991
304 34
364 498
254 893
687 126
153 997
976 189
158 730
437 461
415 922
461 305
29 28
51 749
557 903
795 698
700 44
40 3
429 404
501 682
648 539
160 152
536 135
340 693
216 128
505 630
50 965
286 430
344 336
178 901
239 972
950 290
368 989
293 796
744 145
830 391
683 341
542 570
827 233
262 43
361 118
24 762
82 310
191 426
997 368
678 235
691 627
525 58
615 169
206 359
313 387
101 347
727 995
917 553
579 530
947 291
648 971
52 81
632 594
858 628
313 887
215 356
513 91
413 480
611 970
190 275
356 642
621 434
988 889
339 567
771 285
857 418
607 261
850 238
206 60
218 519
946 784
874 459
874 638
290 484
608 479
758 315
472 730
101 460
619 439
26 389
75 234
158 682
494 359
271 700
3418 1840
5570 8364
2623 8795
3174 9848
6432 7463
6683 9391
4293 5792
5058 5116
1522 6158
8575 1492
1948 2952
9232 5022
538 3741
5055 4031
4099 5326
1082 7517
3517 3003
2232 6140
1797 5405
2339 4581
9219 9022
3971 9863
4813 5380
4978 2686
1537 9905
4177 3484
9208 9760
4858 9745
3500 9912
128 3951
5237 7561
7819 5106
564 50
1245 8712
1806 9935
3292 7376
8956 3615
3590 3769
8994 4919
2806 6883
4823 6983
6718 4031
3094 1575
127 6594
1487 254
544 3075
7815 4714
8180 8378
4763 5776
7089 2920
5711 6733
295 1018
347 236
1138 5692
5154 3944
2574 6329
926 9292
6711 4019
7218 6837
6964 5056
7091 3859
8131 4905
8572 2662
9634 9686
4790 3074
2605 6852
9806 9251
7869 6504
9486 9007
2196 4640
2950 1121
968 227
6764 7678
597 3982
866 7561
9037 7956
7771 3519
9212 6343
2533 5197
2380 7322
8271 4985
4173 4428
4235 2041
7284 73
7399 5831
1064 348
6951 2031
574 3715
6060 7523
4048 6925
5083 9436
1233 9205
2955 444
1899 5487
5641 4279
9160 263
9263 9684
1042 9849
1724 8325
6273 9123
4155 7336
5822 7458
9366 2748
1172 1777
270 5219
8702 1704
4654 9934
908 3960
6729 2807
5798 8721
7085 1309
5335 2699
992 6377
8899 2716
1053 5172
8190 1560
2507 4011
9017 8225
3110 6540
1 3379
8110 5054
5082 9115
1339 5990
9427 8068
5148 5224
6788 2232
6533 2123
1282 3876
4851 180
6591 2255
5351 1132
3814 7858
1495 9182
6082 4604
5721 2434
7983 182
7488 9416
9297 8826
5405 8723
6893 552
298 33
9135 3182
8507 416
7058 9709
596 10000
1963 2298
7484 5777
155 8978
1310 2588
9933 3383
5022 4267
3564 8861
3683 9212
7686 9087
4286 931
5991 4584
7315 1477
4117 5821
1893 7526
5529 8840
7526 7491
1137 1361
9619 7644
338 929
6583 6622
4311 7956
889 4226
6816 4571
3438 854
9 7723
1784 2351
8658 9098
3828 9127
1270 2072
6652 3150
911 529
640 8399
1889 6611
2394 8578
3891 8977
5200 4553
6932 6088
8778 100
658 8567
953 7018
2642 2736
9369 1299
8185 3196
6777 5806
5267 3429
8955 2529
309 9594
7279 2198
2556 9673
775 6446
5001 2326
998 8284
8413 6128
8383 5422
14694 79335
42440 87335
88422 48160
94986 22958
1355 91762
78763 92973
31542 67717
61853 11851
3663 75483
50400 76218
65155 1174
99016 86507
39852 76365
24791 88264
42492 23173
70038 73538
18860 28829
60872 7281
76988 55857
46591 78342
63971 25353
87666 95512
93070 49518
7362 13084
41352 74113
89301 6507
91639 4668
9365 31490
81033 34155
36105 39876
73680 6142
13413 92539
34970 90637
16171 11957
62845 62761
6650 26815
4466 94315
22327 13887
60184 46040
26970 1536
20153 32622
24394 11791
37290 50110
59632 34674
84265 95736
74549 74296
1878 4314
66834 53199
94950 99356
65156 57794
78469 88157
961 82934
98824 23287
13172 75359
85678 40141
93246 22182
72762 33991
50324 10051
84101 9955
61076 68365
22043 35625
42660 23920
56290 25845
93470 51239
41552 74977
25384 20020
63134 26344
19305 61957
65982 32476
53667 68012
88968 46913
90193 61730
80903 56869
88132 65003
83175 49208
49719 5217
1184 92378
45488 57473
34574 38958
25063 76126
13934 66798
12497 93419
93142 48154
71727 75475
96981 25394
43486 85949
72306 50031
64030 69560
6899 52161
34563 6425
17720 84281
11642 18903
93011 73481
92727 27584
28790 34141
3709 42724
939 32558
52494 10432
80711 24221
85906 77691
49614 29392
63639 38271
79422 27668
7830 2672
96181 58744
9096 13900
43025 37089
49155 52387
10570 58233
79970 55711
92374 31
98434 9664
32588 67280
20095 29650
91500 22352
7340 57465
51743 87331
12087 47516
31350 19916
50187 43882
95012 75635
74134 54388
12723 23288
6774 39644
81520 86743
95355 90245
3125 10140
16260 52064
77419 36354
81713 85270
58706 5405
42734 26800
92735 54820
74316 40436
91088 40854
670 2451
16488 74803
56838 45563
98090 63611
85206 95961
66705 96912
2558 69830
23404 18817
21893 822
71523 3606
2444 46580
25362 61529
73379 34448
32701 64046
74883 23788
4900 75552
42590 21387
50354 99427
66949 64795
63037 68507
77108 46093
65418 79665
15922 88821
98481 54167
5995 86355
74124 8438
32934 99485
86318 6313
33932 19018
86710 25166
59157 91609
17070 1746
12996 67423
1172 96296
48570 80560
64802 25677
26653 46572
5341 58926
51744 20173
13092 74090
6528 3567
98879 55813
3051 85197
62125 53334
4214 65187
78500 63371
56795 95569
65116 86142
79343 82640
82438 44264
63199 63591
69940 6203
26514 91632
65129 78258
11805 94572
52347 34684
98139 51226
90496 17541
36422 68973
87227 40635
34159 65726
20357 90953
77646 85473
93447 73340
68112 75884
417604 747662
255826 587543
470217 482340
379175 335345
960597 407331
846268 829295
342014 260758
980520 48861
194651 533293
117833 581877
390280 251991
963954 510636
959296 41599
96108 952742
714938 180571
944977 132541
444585 200802
720084 914801
199493 615610
766497 676441
22940 612764
505736 881305
389874 2607
930165 584524
52252 564350
682752 442531
816340 646705
953166 291987
688303 565626
761080 919592
262548 222408
568485 707132
939562 804920
621932 139054
420529 388428
815495 959820
517544 837582
841124 423769
840188 287640
524644 892439
851989 207395
851321 184681
854099 804487
993019 58753
886464 754099
494696 149011
976506 63180
856143 916067
868099 994426
571473 804979
382854 386967
764798 416749
224548 122273
840517 581087
409913 365160
989878 261901
572554 841198
962933 943004
162036 955952
518108 48499
710050 529155
713862 202907
592335 570004
635326 976785
564429 206798
781764 463634
110116 546561
880382 851015
185186 720898
432101 595098
602409 938330
373350 691314
295880 852635
634317 457915
808586 668776
22766 34987
197931 736627
237893 306617
306630 389570
799753 387410
596367 581516
367396 222834
644429 247777
73848 829614
485027 22301
941063 603787
960630 830764
295101 256509
683398 929417
230776 491983
114545 253541
43321 828827
506519 797566
651795 329500
187135 451547
716909 299854
33063 84304
522687 193843
848433 596535
539808 849811
618835 480870
453597 95816
827985 748697
352325 511383
194466 99452
519717 825362
869344 563038
654188 375862
360603 305982
705361 64089
273880 938621
363942 823294
22925 886629
17136 387709
483163 556943
753871 101997
554164 207467
197812 898501
472516 66488
926235 183333
682291 445951
8694 551634
525340 662881
927495 402294
485214 632855
466383 275445
571476 830324
98739 110752
716952 115874
14812 716466
189169 768682
334814 259684
492500 48978
674536 965015
115465 600770
148347 314108
563073 673392
865741 88412
852624 309588
7058 337837
458794 473440
613282 546621
820115 228372
657372 53419
860597 188535
769884 49765
473568 104698
825801 966068
153675 500336
447434 785491
617458 112133
615950 180530
785524 481691
785293 638148
307630 792350
492336 766423
782141 621969
313044 602256
850340 486767
172026 710937
191654 458261
277053 665221
562958 619205
631288 232984
119541 78722
534827 736998
707206 667128
433879 492729
665170 219171
647228 972799
11521 139564
739222 793661
277884 568617
912268 128224
55383 84293
355512 247036
542554 632564
428609 621863
251769 59896
371199 887661
654969 422377
141010 362174
89504 574888
371255 754674
794058 18482
243824 321930
674397 983045
631943 952281
68013 544210
596856 639748
144855 952367
403135 203760
101282 831743
341974 869402
891639 713172
273414 62959
651900 414423
941485 257756
505662 829091
528781 816072
363924 772604
138001 38321
272001 769943
506953 340013
830505 103808
979760 975359
572526 382895
179118 190159
214637 521091
59561 622627
750615 332974
201938 918866
263749 143422
176621 769410
488864 705401
101833 852787
478005 239834
407459 266357
526128 914411
606369 356632
534570 586129
848342 623447
485375 27459
813606 700011
64902 873166
838990 331868
722491 40927
250733 986239
700700 943706
272001 189563
165458 373833
42349 643462
130018 449808
426170 172498
880570 32539
529129 415140
135019 377471
38586 620393
921281 368543
836755 502534
241708 675744
834401 480551
233022 601486
466789 933721
545191 255141
639635 710648
145326 681984
870462 791695
648143 296631
964192 45064
845521 493321
976555 980539
387143 531493
600931 308423
900035 437686
327309 658095
629781 161709
138645 862803
279546 121785
796523 341088
376926 436158
51736 38603
634493 438549
830297 798987
251531 310841
844050 97052
320513 336957
77590 707655
868449 194873
532429 768483
632558 376089
426577 262338
537798 565221
125140 333695
687006 438015
674783 580283
390524 242870
135237 25016
681418 481885
340354 449300
792725 700755
546351 113237
37711 140293
337243 906159
335165 386024
674642 967722
762112 617570
746411 816261
182791 387903
149956 386148
825917 341090
482782 216440
583959 618018
757807 265376
99902 614512
714675 408979
315266 777378
38567 352977
917670 892162
259135 252834
