65767 65832
14997 15119
62892 63281
60340 60566
96379 96407
63086 63348
23866 24180
30981 31430
1480 1765
39886 39925
19441 19859
55925 56372
35757 36006
75759 76038
80511 80689
35255 35420
90834 91210
981 1072
2352 2658
51249 51304
66785 67147
73831 74239
87323 87517
56006 56266
63484 63724
19260 19691
15434 15680
55757 55862
14048 14121
56593 56821
77484 77828
82874 83272
7645 7959
19853 20207
30599 30778
71602 71961
73929 74005
99153 99408
60885 60974
78518 78963
26370 26500
56726 56773
62988 63277
13741 14181
86727 87165
96071 96103
71324 71378
73905 74143
37973 38147
87757 87790
2735 3083
92915 93011
77880 78031
80378 80730
95342 95792
51494 51893
70583 70672
50201 50564
53373 53776
11538 11693
18352 18678
67990 68352
32699 32737
66307 66653
849 1017
86552 86762
26886 27221
22451 22795
54149 54159
77506 77666
38489 38858
54893 54918
86768 86863
70787 71140
45388 45678
592 651
54982 55121
75410 75480
96900 97133
82182 82392
44683 44763
85007 85222
99460 99894
77535 77570
32068 32192
96647 97094
76616 76932
76226 76447
20389 20520
96465 96505
13116 13358
88942 89161
75066 75380
90603 91037
17849 18176
841 886
4402 4785
84989 85316
65405 65653
84879 85235
58169 58408
42467 42851
1023 1059
16122 16464
41359 41366
70788 70889
18676 18864
53046 53408
65316 65364
19988 20064
47094 47508
76868 76967
83565 83889
92657 92745
3454 3505
4888 5157
84564 84971
95624 95790
99514 99674
18889 19152
38674 38876
86568 86801
9980 10195
74592 74995
21588 21784
94075 94398
37827 38235
83193 83273
61510 61672
14653 14977
36383 36389
80984 81218
82324 82653
15217 15358
72913 73242
28088 28397
40038 40148
94574 94916
43486 43771
2313 2482
74759 75172
82409 82760
73874 73896
79149 79192
25467 25846
79291 79630
66267 66668
13920 14120
79853 80026
66218 66267
76554 76684
67096 67498
56493 56496
37216 37245
31949 32031
38808 38963
41608 41636
33506 33584
23708 23921
3547 3584
27694 27788
82754 82914
34733 34922
61093 61498
26274 26409
71924 72100
86798 86938
44672 44882
52047 52454
7244 7246
17178 17484
52355 52478
695 1064
39797 39822
19449 19684
92734 93054
67606 67705
60278 60484
8212 8359
60868 60912
79801 79933
91389 91760
92525 92918
85522 85842
38304 38541
31430 31874
67790 67833
13731 13811
93237 93238
27572 27960
60867 61072
23670 23998
98905 99052
82350 82506
88193 88492
81885 81977
21128 21172
21872 21945
11650 11948
85871 86237
94093 94094
79270 79661
1963 2049
58024 58030
48992 49424
71916 72139
44392 44576
81984 81997
61704 62115
75894 76087
46480 46625
97386 97782
91794 91865
26271 26524
32613 32639
94023 94443
10096 10250
96670 97055
35186 35265
71452 71605
37133 37359
36658 37001
17110 17375
55047 55442
39660 40012
70467 70569
85441 85800
84520 84547
57575 57887
85574 85643
80897 81106
15931 16181
58476 58508
64634 64903
53023 53287
3181 3284
42128 42162
39301 39329
55771 56105
50035 50204
42102 42501
69448 69729
23268 23359
48670 49115
96854 97295
76294 76674
10524 10924
45761 45797
87510 87543
82961 83229
8856 9050
2134 2319
64622 64700
40977 41124
70793 71172
36998 37080
11160 11304
46230 46402
4226 4470
72760 72982
14004 14411
72912 73085
20557 20902
21462 21761
41213 41530
78937 79298
46644 46910
78819 79133
47311 47324
61376 61469
35265 35291
16924 17141
53891 54139
65410 65804
33906 34007
91580 91817
77766 78110
75316 75626
96611 96633
5329 5476
3969 4042
41020 41251
48679 48879
92135 92418
25826 26059
18699 18931
38951 39380
14806 14900
99413 99818
28982 29026
39486 39861
91096 91521
84630 84772
61249 61424
77353 77588
89570 89698
70161 70200
77537 77756
8335 8683
61196 61369
4608 4762
94586 94996
67295 67715
97711 97941
81033 81162
47530 47943
54978 55037
32770 33012
47208 47237
63743 64036
46003 46179
26877 27124
38799 38987
375 520
27825 28231
2140 2560
57787 57992
24073 24450
5424 5856
17845 18059
43371 43466
36415 36671
31484 31639
2875 3016
7620 7990
73563 73673
46843 46893
85984 86331
33147 33381
33668 33707
40954 40990
89951 90156
55065 55392
10519 10839
67148 67373
80613 80655
74492 74934
36969 37157
72451 72750
86808 86821
75867 76092
66652 67033
26720 26928
32240 32392
45356 45593
47495 47578
60875 60935
45276 45718
12593 12983
65555 65720
48975 49304
37698 37915
63038 63135
62688 63114
93922 93933
68416 68855
93215 93285
56567 56843
1547 1944
33173 33495
6089 6522
16566 16788
52837 52997
46237 46382
68843 69116
74027 74356
9102 9549
5117 5276
80352 80604
70421 70429
9796 9844
54304 54307
20573 20704
71923 72368
47807 47825
89056 89074
79151 79419
3916 4245
31947 32236
65248 65338
85500 85551
83930 84281
71426 71649
6291 6622
87609 87916
56561 56724
42074 42354
23152 23524
51864 52048
58836 59182
19063 19366
88477 88916
81120 81370
69594 69633
85916 86315
30837 31140
73329 73627
21359 21679
54547 54670
40112 40535
67947 68176
78238 78394
56117 56482
35 266
52416 52774
8360 8548
87454 87752
88898 89253
25974 26282
4360 4405
22821 23103
14455 14811
43062 43318
30440 30617
25773 25944
74008 74361
83590 83908
99510 99942
20903 21004
55736 55876
22334 22596
8931 9213
10206 10366
22231 22551
94719 94790
88367 88715
43850 44266
42297 42520
81271 81431
38279 38300
80118 80279
62012 62040
57984 58172
62555 62587
94273 94600
31067 31360
84878 84893
23812 23871
21126 21197
25394 25632
30020 30170
74865 75300
41065 41300
32118 32471
51252 51327
44903 44986
44316 44734
87825 87941
82920 83032
83860 84278
33194 33545
86179 86379
99848 99893
93525 93872
47118 47276
95887 96075
55829 56221
98879 98882
20148 20246
55048 55099
18899 19104
38196 38559
5814 6245
32886 33121
50668 50894
75417 75828
29005 29427
74885 75160
1956 2054
63305 63670
49680 49761
72353 72378
22013 22054
10911 11169
48159 48395
22409 22436
3588 3995
33847 34220
66783 67074
69431 69829
11101 11400
90907 91148
67676 67962
43971 44358
64207 64365
35530 35753
91406 91485
40145 40572
73985 74246
35624 35995
26292 26539
97530 97629
54049 54312
40286 40637
23121 23122
78571 78902
53827 53890
96900 97210
15059 15144
57515 57838
86281 86413
47166 47557
27498 27829
61893 61912
47332 47356
55540 55884
87622 87682
32569 32739
49256 49435
48629 48958
68455 68691
93349 93588
15319 15426
69041 69108
27144 27176
46203 46572
7910 8008
72214 72587
22259 22689
33072 33321
87441 87653
19725 20121
19867 19982
30321 30728
24293 24624
47617 47839
23147 23225
66812 67160
11039 11220
13242 13391
85312 85501
81646 81844
47252 47461
49143 49349
90606 90927
62564 62596
94134 94310
77484 77489
13133 13432
31039 31226
21242 21424
63559 63583
88292 88548
65071 65174
92572 92891
11875 12002
56589 56957
75697 75818
64282 64553
33336 33591
64573 65014
78229 78636
91292 91553
37055 37270
32679 33027
24253 24561
65057 65419
25275 25390
24734 24932
85375 85552
29753 30015
94960 95381
78899 79032
4764 4964
49156 49479
74533 74768
84807 84997
57471 57772
21485 21880
49292 49494
16660 17020
85581 85938
64448 64605
54032 54369
57056 57208
99173 99269
17794 18156
36365 36641
71320 71592
59128 59508
35603 36038
19267 19403
17083 17179
82799 82860
65600 65738
16366 16631
98886 98958
38549 38792
37753 37814
78490 78568
2594 2857
20180 20207
9417 9744
74984 75333
69335 69666
17264 17539
39294 39460
38309 38675
93795 93849
22402 22549
87474 87667
25449 25857
56581 56629
41406 41453
63823 64213
74644 74912
25436 25649
97444 97870
71979 72328
60942 60953
85088 85394
45150 45568
21227 21613
79109 79315
80477 80852
35707 36095
3519 3950
7412 7817
83123 83404
98939 99363
57898 57912
30761 30850
15427 15756
33418 33864
69603 69679
26775 26931
92639 92841
20589 20620
76103 76363
43241 43662
67289 67533
3951 4197
77349 77629
20508 20927
85814 86071
99294 99724
72486 72630
37323 37422
92174 92273
27016 27084
70307 70721
83629 83910
38216 38371
82521 82818
45709 45906
88834 88977
85534 85878
85746 85847
39419 39542
59073 59451
8622 8652
75789 76188
23244 23380
1974 2039
34050 34450
41685 41765
78131 78158
42451 42624
75466 75675
5345 5448
57290 57694
58025 58187
49154 49347
97645 98034
31639 31748
87209 87584
79938 79999
93728 94172
39851 40006
89452 89513
32194 32633
98476 98856
90269 90325
60174 60531
25716 25933
98227 98667
86933 86943
29394 29421
21238 21330
19709 20119
77014 77445
97482 97753
85337 85608
62223 62636
41897 42251
86539 86867
69519 69730
94101 94288
79194 79597
10916 11326
63221 63517
29428 29795
47945 48298
95405 95619
5525 5558
26070 26465
74271 74631
94609 94926
65321 65422
71008 71418
39752 39918
91995 92342
24717 25079
44007 44172
99791 99963
82166 82255
25423 25467
75608 75899
4232 4504
64854 65207
62907 62981
40502 40588
17485 17581
4152 4235
38080 38122
52254 52332
60450 60851
31507 31778
1258 1630
50437 50594
21485 21511
95981 96096
48196 48326
96153 96556
8676 8744
90300 90571
52935 53309
16988 17116
40708 40739
6205 6410
47242 47364
67386 67630
98568 98636
97622 97847
81397 81840
95501 95688
85363 85515
55171 55548
26112 26491
32485 32616
66515 66690
20518 20763
322 765
45279 45705
87602 87724
94092 94282
34630 34938
18902 19083
92102 92151
14696 14863
5178 5533
59239 59457
86316 86465
14494 14534
97684 97922
32377 32785
23726 24122
77927 77943
86441 86742
81471 81881
6065 6343
58055 58438
38015 38133
87184 87556
23350 23489
28830 29136
74437 74671
62689 62720
80156 80519
76845 76873
55629 55871
99276 99469
80395 80541
61047 61218
65842 66240
3564 3882
67857 68270
93943 93948
13870 14019
92321 92322
44784 45037
22816 23105
81808 81890
35954 36059
15752 15953
14455 14659
82114 82561
66618 66932
29106 29270
71927 71958
7744 8051
92026 92361
13236 13389
36910 37149
85121 85236
80921 81314
29940 30325
56075 56376
64722 65035
11266 11638
92154 92296
15069 15345
9015 9341
97137 97358
18311 18595
68594 68751
62542 62757
35371 35673
20580 20595
20099 20343
13907 14056
37929 37953
49285 49525
29598 29618
84416 84581
41054 41478
40729 41003
53151 53508
3167 3290
7192 7441
40713 40730
42492 42506
53315 53603
60713 61144
1021 1464
58335 58355
99325 99739
23441 23884
71104 71428
75890 76283
29937 30200
41012 41300
32279 32563
86067 86360
76624 76704
16073 16466
46649 46801
20921 21172
92326 92467
89338 89675
18069 18123
56825 57067
197 580
34525 34679
87376 87822
73912 74031
47138 47486
58162 58575
9181 9194
75280 75728
21907 22117
20326 20427
82460 82868
94484 94625
22528 22754
17274 17703
32247 32555
44835 45237
82807 82834
92032 92344
64653 64784
89018 89364
92694 92963
63924 64344
42509 42637
32538 32894
72259 72461
93064 93489
53877 54239
69524 69610
84062 84242
20848 21113
70715 71089
34395 34610
93672 93885
52420 52600
19939 19992
37900 37932
13098 13287
72178 72388
14166 14366
91069 91252
86902 87221
8290 8723
14397 14429
45569 45751
5772 6206
87259 87430
21900 22124
3979 4223
57282 57352
44560 44913
21567 21988
78527 78946
48663 48664
82336 82627
24012 24063
1773 1828
61289 61464
90202 90243
78662 78782
17767 18013
21698 22035
70147 70419
55125 55352
7206 7579
98863 99179
31561 31799
15083 15467
25092 25254
62534 62741
47402 47816
21992 22294
54406 54798
62356 62671
87521 87769
60839 60963
4334 4746
12586 13026
70151 70232
65240 65657
6526 6736
92127 92524
97581 97733
74120 74365
87944 87978
94686 94896
67044 67163
65264 65617
23784 23897
88779 89089
72802 73141
37998 38157
98992 99021
72391 72790
40482 40488
42249 42561
31910 31947
32028 32263
59652 60029
76279 76467
38540 38617
40929 41245
5658 5958
336 389
40962 41307
56225 56337
66748 66899
38490 38680
48415 48694
99781 99911
17488 17758
65936 66142
64548 64631
32510 32805
4482 4818
4008 4030
99375 99410
56912 57170
35433 35811
70180 70330
89432 89582
7610 7789
87533 87731
55329 55610
54661 54819
14638 14822
76216 76604
25503 25817
45534 45885
49271 49680
50284 50405
70479 70858
58936 59264
87128 87194
4422 4506
46377 46521
26315 26327
48346 48700
25114 25227
84567 84617
2624 2839
99563 99996
10989 11099
64185 64224
9561 9682
27507 27574
33589 33931
70472 70906
11632 11638
18918 19084
29601 29616
86232 86540
28548 28589
6606 6817
40546 40894
88677 88722
12467 12570
66387 66606
40958 40986
