430887 289384
136916 192778
238336 247794
260493 385387
141422 16650
490028 202363
20060 368691
13927 397764
383427 180541
455737 89173
95369 5212
456430 202568
21531 465783
165124 222863
203136 174068
479803 13930
223059 134023
398168 133070
18457 461394
478043 175012
377374 176230
44920 484422
398538 413785
94325 75199
164371 298316
303527 66414
268981 276092
241874 259957
499171 306863
497282 406997
420926 202306
336328 477085
126506 160337
121730 250847
425858 161314
353896 116125
100546 319583
233368 398815
490365 15435
313751 344044
426809 171088
447179 117277
393585 195789
2652 205404
112400 392755
95061 499933
493369 49677
210013 447740
198587 136227
297540 348095
480571 140796
460379 151435
66602 97468
112903 210098
70493 73318
260757 426653
60281 497302
209442 224287
429690 453866
346620 228445
244730 58441
108118 458032
405772 238098
390676 334482
198928 120710
277857 204568
372354 179498
276966 254587
464684 455307
28625 406220
332872 51529
48830 305733
30020 409504
363369 258271
486716 459709
18150 226341
200724 247797
2246 142619
493452 122847
243556 392922
97489 192380
388229 37765
292351 469842
441501 165194
87765 257035
324915 470125
275857 436988
346492 373744
148366 322228
281937 209860
452552 151433
399229 316438
475408 153276
276122 401475
294396 468859
161238 36030
73794 408236
394429 65819
231012 366144
139530 335929
322405 318777
255764 464444
354539 114614
436841 118607
344819 2905
170689 235129
67918 297370
466997 69918
487744 43325
12184 259471
295500 298491
206726 189773
255591 385645
268140 117506
469787 2955
338083 407670
388465 308543
439508 110198
228805 259356
278612 376349
127829 73623
387344 449300
35569 195747
255423 354341
113811 23312
321802 267606
473731 425662
311306 44879
178737 229321
248627 79445
3466 148523
473417 86709
213259 408283
167638 412925
305625 442063
32037 462601
411900 433453
145551 419380
290072 447469
487132 400974
184931 403882
345895 308934
370164 158661
387982 157200
252997 48900
213774 152960
239669 272814
181096 187191
116467 452927
411341 365085
327685 422091
355543 443377
379108 255937
219757 17446
418419 169180
89413 206888
32173 103349
262010 451660
125211 402337
467588 166343
319302 378207
167373 197714
401256 75322
44600 364820
229905 17722
439812 455940
415668 73941
346229 311706
329151 311128
496659 65985
289225 263921
367270 102423
54082 321397
240085 145631
311973 179293
73851 207673
405386 147626
239300 241223
106043 306641
340714 283899
256191 352299
442591 280525
108582 188210
499337 288820
371156 437733
218005 495995
114770 160380
481777 85274
247256 168851
348143 221861
445885 75580
223206 421994
179568 367622
190614 462505
262755 301962
154260 31327
328203 18945
223507 113203
402022 436785
390869 222843
235190 289529
449909 108873
210499 349959
18809 448037
186249 457754
33334 383304
321649 132134
499755 272891
251747 17568
319530 190369
238047 14501
49798 473789
86991 66250
3034 273304
12498 5364
294893 410254
19126 247687
113997 261153
209189 245976
203730 149158
32461 395437
43922 253415
26305 370461
388028 60029
266749 278051
308903 207557
197698 4795
71044 358700
132003 301040
306404 90429
682 144501
408539 117648
395152 36160
282135 22536
171693 104340
16128 2216
255630 220505
90965 60050
136430 298286
76336 495344
202901 403178
407972 385239
260290 416950
217989 495368
85796 392293
53145 40744
158391 102830
155341 461683
570 53542
174233 453827
456043 172262
409118 190361
266762 228024
26310 82
495426 403191
306368 118997
4235 214678
131627 230691
226058 264525
173169 349615
390359 328206
447387 226313
204347 65101
134995 102727
56553 204917
393530 325579
32291 28947
256971 302648
319081 299052
218594 299632
418628 330858
61887 41313
288356 439215
220091 193513
59480 14413
358970 409611
152275 466190
47642 306356
425434 356621
77889 198988
24567 498339
27285 487771
290418 56857
372261 300607
100238 125850
473060 107206
148519 35218
490784 34946
228459 436874
467638 210874
120484 304290
270479 326608
149315 272758
145730 334472
33460 91101
89439 223619
211389 58026
131234 133075
433682 18158
160359 3494
110700 50271
101840 133418
168364 275570
228795 92623
319848 413174
217463 196432
39391 456683
245792 4293
355116 205058
296158 391522
131492 388575
462952 401948
35022 359232
393741 110538
114031 485055
35326 54099
187517 241082
33003 153517
246140 372232
285405 261797
474581 82339
39022 19219
39863 13971
235380 284813
192686 394978
299905 31537
433484 324177
199760 279208
389745 484858
469912 93500
163951 20128
277561 5237
175106 367819
240050 310564
88712 421245
19935 41806
77376 63292
93615 58956
343769 133590
44919 328994
376883 52806
376983 344823
124031 326718
311575 93094
186594 30127
50254 281487
303075 350544
234714 327815
138378 478180
415776 474763
32920 227089
306733 435711
11018 110295
260236 400347
245692 371138
423944 305154
166329 122574
449292 300926
394019 306711
336837 277218
75056 96964
463859 387091
214905 378131
372662 198572
189686 369634
113074 304790
256852 222605
349251 419806
336504 267869
139007 109486
414640 82196
221121 62950
380227 80968
387678 186764
463982 290597
387561 240866
127956 39037
433519 367771
66343 359212
245197 322533
127322 272380
494985 358271
294428 384173
152041 344235
470073 147284
245831 307399
370348 401064
482031 466951
153715 250574
57523 386060
126925 134048
189436 445083
329205 271233
130444 122955
445487 411899
184279 375641
250263 89160
489684 179263
39849 61042
208325 141724
449123 26273
427336 454155
437458 335822
102748 409366
311777 91172
225219 160270
121704 438702
209934 414654
53960 450908
362807 356729
248721 15798
121309 47085
242699 15335
76377 110992
252716 298899
325172 301053
271560 218190
54011 252507
178225 209017
316540 173110
333379 490001
445054 58110
489115 455082
405990 171339
28068 59427
75224 285148
332232 276788
292123 196533
323876 91282
390180 384851
202255 76591
311132 215351
467858 473814
199182 381495
54604 146082
152434 15721
90182 387983
359416 97488
268826 79297
138723 265405
50552 296893
90033 230298
443182 399135
490416 398507
299709 267058
360000 380596
112298 1963
475777 187484
68978 80155
242588 191310
223383 139933
44267 395022
8861 313564
409212 403683
169087 277686
90931 64286
294584 235991
151477 197315
95821 254117
37526 141893
38840 395529
397491 397526
101361 151137
247644 389619
80929 170338
326622 6583
417956 304311
134226 370889
274571 426816
220854 43438
107723 460009
212351 311784
9098 418658
189127 363828
22072 121270
33150 226652
140529 60911
228399 430640
336611 241889
428578 492394
498977 433891
254553 255200
126088 416932
360100 388778
448567 400658
377018 80953
392736 72642
491299 89369
453196 418185
55806 196777
423429 475267
52529 88955
19594 80309
322198 297279
289673 372556
306446 250775
22326 305001
238284 60998
466128 148413
65422 98383
179335 414694
487335 442440
48160 88422
22958 494986
191762 1355
492973 78763
167717 131542
211851 61853
375483 203663
76218 50400
301174 165155
486507 399016
476365 339852
488264 224791
323173 442492
373538 70038
28829 18860
107281 360872
355857 76988
78342 146591
225353 63971
195512 87666
149518 393070
113084 407362
474113 41352
206507 189301
104668 291639
131490 209365
434155 81033
39876 136105
206142 273680
292539 413413
290637 234970
311957 416171
62761 162845
226815 406650
494315 304466
213887 422327
346040 160184
201536 326970
32622 320153
111791 424394
150110 137290
234674 259632
395736 84265
374296 274549
204314 101878
353199 166834
99356 494950
157794 165156
88157 178469
482934 400961
323287 98824
275359 213172
40141 185678
22182 493246
433991 72762
210051 150324
409955 84101
168365 461076
235625 322043
423920 42660
225845 456290
451239 293470
474977 341552
20020 125384
26344 63134
161957 19305
232476 365982
68012 453667
446913 288968
361730 90193
256869 380903
465003 88132
49208 183175
5217 149719
192378 301184
257473 445488
238958 434574
276126 225063
366798 213934
293419 312497
348154 393142
275475 471727
425394 96981
385949 343486
450031 372306
269560 264030
352161 206899
406425 234563
384281 417720
218903 411642
373481 93011
27584 492727
234141 128790
342724 303709
132558 100939
10432 152494
124221 480711
77691 285906
129392 49614
438271 463639
227668 79422
302672 207830
458744 96181
13900 209096
137089 343025
452387 249155
258233 10570
155711 479970
300031 492374
109664 498434
167280 432588
429650 120095
422352 291500
357465 7340
487331 51743
147516 312087
19916 231350
343882 450187
175635 495012
354388 374134
123288 312723
339644 306774
286743 381520
390245 495355
10140 103125
52064 16260
136354 177419
485270 481713
5405 58706
126800 342734
154820 492735
240436 274316
240854 191088
202451 100670
474803 416488
245563 56838
363611 98090
495961 85206
96912 166705
269830 402558
418817 123404
300822 321893
303606 71523
146580 302444
161529 325362
334448 273379
64046 332701
23788 74883
175552 304900
221387 242590
299427 150354
264795 466949
68507 163037
346093 277108
179665 165418
288821 115922
454167 98481
186355 105995
408438 274124
99485 332934
106313 86318
419018 433932
25166 186710
491609 459157
201746 217070
367423 212996
196296 1172
180560 148570
425677 264802
446572 26653
158926 105341
220173 251744
374090 113092
403567 406528
255813 298879
385197 3051
453334 362125
65187 304214
263371 478500
195569 56795
286142 465116
482640 79343
244264 482438
263591 163199
206203 169940
291632 226514
478258 365129
494572 11805
434684 352347
151226 398139
417541 190496
68973 36422
340635 387227
365726 134159
190953 120357
85473 77646
173340 493447
475884 68112
247662 417604
87543 255826
482340 470217
335345 379175
407331 460597
329295 346268
260758 342014
48861 480520
33293 194651
81877 117833
251991 390280
10636 463954
41599 459296
452742 96108
180571 214938
132541 444977
200802 444585
414801 220084
115610 199493
176441 266497
112764 22940
381305 5736
2607 389874
84524 430165
64350 52252
442531 182752
146705 316340
291987 453166
65626 188303
419592 261080
222408 262548
207132 68485
304920 439562
139054 121932
388428 420529
459820 315495
337582 17544
423769 341124
287640 340188
392439 24644
207395 351989
184681 351321
304487 354099
58753 493019
254099 386464
149011 494696
63180 476506
416067 356143
494426 368099
304979 71473
386967 382854
416749 264798
122273 224548
81087 340517
365160 409913
261901 489878
341198 72554
443004 462933
455952 162036
48499 18108
29155 210050
202907 213862
70004 92335
476785 135326
206798 64429
463634 281764
46561 110116
351015 380382
220898 185186
95098 432101
438330 102409
191314 373350
352635 295880
457915 134317
168776 308586
34987 22766
236627 197931
306617 237893
389570 306630
387410 299753
81516 96367
222834 367396
247777 144429
329614 73848
22301 485027
103787 441063
330764 460630
256509 295101
429417 183398
491983 230776
253541 114545
328827 43321
297566 6519
329500 151795
451547 187135
299854 216909
84304 33063
193843 22687
96535 348433
349811 39808
480870 118835
95816 453597
248697 327985
11383 352325
99452 194466
325362 19717
63038 369344
375862 154188
305982 360603
64089 205361
438621 273880
323294 363942
386629 22925
387709 17136
56943 483163
101997 253871
207467 54164
398501 197812
66488 472516
183333 426235
445951 182291
51634 8694
162881 25340
402294 427495
132855 485214
275445 466383
330324 71476
110752 98739
115874 216952
216466 14812
268682 189169
259684 334814
48978 492500
465015 174536
100770 115465
314108 148347
173392 63073
88412 365741
309588 352624
337837 7058
473440 458794
46621 113282
228372 320115
53419 157372
188535 360597
49765 269884
104698 473568
466068 325801
336 153675
285491 447434
112133 117458
180530 115950
481691 285524
138148 285293
292350 307630
266423 492336
121969 282141
102256 313044
486767 350340
210937 172026
458261 191654
165221 277053
119205 62958
232984 131288
78722 119541
236998 34827
167128 207206
492729 433879
219171 165170
472799 147228
139564 11521
293661 239222
68617 277884
128224 412268
84293 55383
247036 355512
132564 42554
121863 428609
59896 251769
387661 371199
422377 154969
362174 141010
74888 89504
254674 371255
18482 294058
321930 243824
483045 174397
452281 131943
44210 68013
139748 96856
452367 144855
203760 403135
331743 101282
369402 341974
213172 391639
62959 273414
414423 151900
257756 441485
329091 5662
316072 28781
272604 363924
38321 138001
269943 272001
340013 6953
103808 330505
475359 479760
382895 72526
190159 179118
21091 214637
122627 59561
332974 250615
418866 201938
143422 263749
269410 176621
205401 488864
352787 101833
239834 478005
266357 407459
414411 26128
356632 106369
86129 34570
123447 348342
27459 485375
200011 313606
373166 64902
331868 338990
40927 222491
486239 250733
443706 200700
189563 272001
373833 165458
143462 42349
449808 130018
172498 426170
32539 380570
415140 29129
377471 135019
120393 38586
368543 421281
2534 336755
175744 241708
480551 334401
101486 233022
433721 466789
255141 45191
210648 139635
181984 145326
291695 370462
296631 148143
45064 464192
493321 345521
480539 476555
31493 387143
308423 100931
437686 400035
158095 327309
161709 129781
362803 138645
121785 279546
341088 296523
436158 376926
38603 51736
438549 134493
298987 330297
310841 251531
97052 344050
336957 320513
207655 77590
194873 368449
268483 32429
376089 132558
262338 426577
65221 37798
333695 125140
438015 187006
80283 174783
242870 390524
25016 135237
481885 181418
449300 340354
200755 292725
113237 46351
140293 37711
406159 337243
386024 335165
467722 174642
117570 262112
316261 246411
387903 182791
386148 149956
341090 325917
216440 482782
118018 83959
265376 257807
114512 99902
408979 214675
277378 315266
352977 38567
392162 417670
1 1
