1 1
1000000 1000000
1 1000000
257927 549766
363551 876909
919494 503868
361804 313133
436494 788247
377439 981122
94654 898238
193711 65102
996739 32104
871128 144708
965765 84020
481507 385770
391060 340233
804849 664309
138424 999882
761180 337552
736463 678114
643400 739987
798217 991486
667428 253000
40555 174318
962345 973390
323348 429478
885943 589083
846289 378303
470034 59583
13266 541650
875055 94265
502512 257773
964986 223318
765378 822567
501243 464175
517325 923876
998182 200546
781839 633915
983070 911637
701314 322534
259760 815926
638459 858875
788054 326863
57662 380176
959688 457125
297778 723787
377006 953555
626167 342159
721921 996687
898309 150401
940383 756742
738237 292162
761568 962268
402010 251978
521170 908090
389838 90823
364626 5981
431990 836541
168830 64499
689471 221916
939779 973673
882504 30547
18856 365746
588188 284336
161832 124899
133252 386250
442445 326974
348681 118178
976265 304355
950014 86071
660840 51789
460479 803196
484488 115591
403667 107215
468859 441763
958283 17915
979283 397749
389594 459844
962151 328112
350467 497678
650003 556128
579535 862080
412702 701340
614776 579922
727019 547348
887900 465113
687129 464624
968266 74943
84996 569903
784579 491698
852293 386719
368495 950452
574472 760869
36278 901336
862756 180175
953010 568189
601327 449568
708416 445399
474620 880637
874163 460881
723628 768949
509616 725487
780277 953012
236281 887827
285412 675490
810810 118312
8599 800286
92214 657395
356918 678375
921001 680370
485100 600768
706321 954692
500815 828752
451711 395699
896609 649554
540891 162724
133946 769841
852137 379988
254973 629973
673041 915282
504123 898673
447067 904334
204321 490815
599143 869889
551509 940245
559557 351923
566444 855109
633782 939029
174105 484870
550428 470905
268787 136243
360290 967997
666892 289507
856605 536764
49610 787190
839888 97606
354145 393842
360319 287449
584836 358654
536468 300058
684449 351922
671216 744553
931132 291870
164037 826254
307966 130092
153404 283821
429731 621889
913865 552826
905459 472049
779456 568269
465548 17090
768366 467157
788628 781774
143425 207191
726114 830719
858732 778695
541271 825126
214864 254342
854853 90247
73374 394828
220811 800883
665928 908572
643240 600286
374174 749599
889721 582015
853556 30199
156371 584905
527604 223548
496373 177959
788768 336387
436475 545070
207726 642962
374842 718683
675129 388839
678898 257029
678110 596815
883200 511333
848388 737052
25093 87399
509708 559671
949840 970212
199333 830443
367140 50752
41701 58844
547330 470910
411892 562608
808342 285473
542364 374082
363370 429339
598522 561011
674415 873673
276972 508078
188354 156467
164890 585369
219802 180939
939778 416058
789074 289529
985906 648030
423655 141695
157108 732753
288110 850495
225128 719610
520009 165976
18575 485035
318416 232580
379561 133182
156672 593372
843479 528474
472652 665570
381898 50288
327376 869932
639398 696128
816786 960757
842228 602069
471714 873818
960009 897830
487495 586251
761231 568781
387388 65477
119177 658255
642897 373459
296908 710983
849307 388121
968328 832048
286152 405511
416867 115679
80075 94293
694163 484303
731452 888412
518208 170697
466367 924299
343708 174663
731942 55704
347013 30585
165773 312296
33765 133323
539098 407408
799502 687294
498597 545793
51775 67231
413089 834054
436874 8962
269165 54389
305139 584748
353665 426552
795848 360025
411174 253476
826008 477069
71094 22690
826972 666005
601598 618742
288592 344661
466677 791063
42696 36194
737703 917208
746015 307030
142389 403189
207249 307550
421685 770613
43739 784070
709149 594595
650376 123082
847466 976915
616594 587298
913281 165678
536932 407998
734191 265689
626455 809235
850671 723086
674376 356898
200940 413202
647571 249232
788170 712443
690211 295297
727195 892961
356609 364012
361762 543148
661381 28761
593603 487490
934419 981220
171042 856086
527668 542929
447537 537140
136572 264240
39512 234981
871113 167712
888023 751697
239670 666589
460257 912205
893503 568943
214541 760589
320511 864148
996505 269819
673941 180764
734226 827441
575085 903522
656614 186607
38542 942020
272029 404801
634467 54804
513024 531914
624279 449972
778337 454775
84631 107024
84688 357049
969017 894558
178607 711394
647206 94581
252531 585040
709759 386546
859521 310455
728221 692906
727457 249521
221138 542801
436233 462650
291858 771674
340438 583538
276190 441990
695185 95742
266246 843816
674215 509047
561434 313988
857076 641578
938335 398633
806150 327888
128295 576266
554476 393729
44877 357282
181751 665024
112891 80546
168642 111510
516532 138925
888398 964810
306233 683002
420050 796203
82162 75804
848823 91095
406854 501299
357190 815225
190305 165545
703843 831905
37899 471723
138134 800043
954893 398963
403908 359543
860723 69724
249432 993614
82233 151640
778970 946814
367005 307113
56853 973134
986264 377575
606230 490230
181427 369225
832502 923864
549165 593172
945261 640920
956944 505310
652855 889832
234297 889861
760078 594057
194675 35445
812224 677181
508542 463615
97648 837575
570438 587237
646208 335946
781061 399665
342397 410956
599991 925610
909640 396044
315500 700676
316241 474864
724959 988953
103576 283255
822672 796684
243661 242420
151536 994901
395841 590983
690761 25054
851357 572888
23941 729049
29686 133561
60064 818752
122034 778556
764699 379859
365061 956900
199303 591223
471807 445595
663761 533062
947062 732263
890551 556130
370806 319677
48483 188818
246063 208914
779799 970257
676475 557130
616520 914928
964063 651477
900170 537851
199112 892418
763656 499375
51807 437733
824861 964676
269183 522720
988586 715469
831171 242672
156797 900079
325931 760389
706706 62891
867387 484566
312047 755326
796825 754088
54928 597901
485590 958845
804049 136510
787368 829355
519551 216012
76268 835564
485646 880295
350798 249408
469228 383
584106 446232
455977 930795
357220 446951
925049 499239
824784 535792
589266 545852
231695 27775
149781 45590
524240 905536
892521 571005
80814 96923
888286 482515
224938 622724
149183 769426
977296 708218
341165 907324
453675 222701
555760 446116
422136 487909
203636 297849
795459 579283
308474 854612
253835 733246
351702 134155
767971 369208
346942 124535
524240 536742
7615 378969
641169 306406
711944 698204
110542 736914
466695 430081
596552 571907
224289 514650
82930 746288
717506 908013
870605 115135
441819 429267
97474 557431
537448 392242
776983 752380
101587 607417
333731 477817
895772 469242
751937 238247
504228 880239
746627 394290
746068 705644
817528 735829
547563 300973
652142 617905
540247 409786
107164 361416
366468 390056
916323 609941
46047 294928
347978 729504
786031 807284
267166 139860
300107 407430
444590 673895
45043 439320
498885 675984
778622 933160
558775 570658
496829 140823
588119 59693
117627 745419
329582 938744
244490 617489
991586 763899
964926 807663
128412 244032
917534 189278
644731 286606
795715 794305
493611 82579
46987 422105
430891 480306
773910 542873
139103 168873
745957 866293
140515 868021
991228 200815
181571 804853
652736 390047
189964 246755
666049 180223
480757 755485
343423 846243
619426 129137
134074 283759
237379 706677
671135 60820
139473 824050
712836 615069
243213 731308
738824 381031
245800 207015
772082 136965
427862 439161
462725 271872
671663 481105
592046 990642
596762 736529
933471 698927
697569 479200
841672 939245
504920 371292
31921 285948
87720 308323
758790 549026
660958 689226
6701 485430
672769 386873
364294 971399
505967 277345
970523 250467
848407 175518
292347 439174
861702 420041
522288 946169
509311 152530
68647 840233
792667 543818
952014 488933
187990 834358
918776 981953
276606 76386
735627 951826
418053 892195
438686 409632
327934 395908
276630 124387
591439 665348
709315 892223
468645 796178
101697 765101
829137 622168
687410 938643
691223 643509
967214 534869
634916 569338
954550 957941
308087 151113
583804 849696
351620 660295
156424 926605
332105 446751
915858 140938
689535 503562
714379 676301
282703 859453
263118 261343
846377 921780
641288 165299
562111 601056
581321 25198
988416 162216
543747 346904
796259 268371
748970 120849
112289 609523
142650 498134
784874 841742
737221 883871
557007 301555
894166 121962
955293 105800
889952 669189
685713 798983
543150 786368
464537 668149
771026 810402
506699 209534
691018 513526
344165 1833
285785 404620
253233 417589
710118 582353
332449 187291
33809 411079
191713 819970
586635 857754
288396 279644
99967 801818
177689 118660
524043 9813
332145 477053
740792 752704
729274 971244
389163 236207
106285 515948
673214 113072
637491 549879
332828 351159
802602 968909
922676 642285
383065 309526
167209 354168
848809 370979
437673 751476
879214 516280
331824 841829
399778 350176
927738 738758
309958 336533
530261 876008
27802 188016
631913 756185
83473 537777
369650 171661
256433 485794
974724 996747
170035 101826
584906 717571
832413 862428
316710 839676
344076 301222
679790 193297
880232 859641
256517 942348
99881 39631
66807 795595
333854 480255
191603 517057
260467 506988
37970 337621
290126 35386
94583 280950
549165 450188
148478 734164
178419 226321
712232 817396
643443 610093
845318 236224
891016 636855
644204 337082
480498 125644
422837 28188
268793 61873
8463 77093
834152 955851
637310 50902
586705 347949
650492 826296
432575 620461
562535 163919
933634 671760
103287 315270
136378 810051
518489 10189
631112 432078
755177 459083
946595 666369
155072 196498
85446 181136
932505 691204
862100 783670
22972 652912
717794 271135
854188 876809
855968 231845
213687 284528
866718 141694
665198 543784
490341 152121
900728 278791
807726 423996
6002 419695
939296 726116
864040 681683
284367 287440
824964 513003
439287 569023
329660 106052
195377 704556
390784 226821
436642 847710
706667 685348
332437 559986
711953 243476
951698 674516
53434 636090
313054 779290
820308 168166
929071 577523
355217 42288
103100 903383
625673 169997
593598 98091
945122 725153
773547 784354
298653 108673
81491 816422
650473 311347
385925 328484
388581 885122
866234 355962
496609 863057
151034 462208
133682 4351
748746 167384
50155 683187
255436 746833
670451 588785
431339 142972
733780 158935
277 317774
99309 330407
945021 362158
694495 757045
146943 74093
613535 119944
449653 519014
57499 534016
614104 294130
148540 341407
176507 832464
647614 774535
920665 102998
258486 70256
532742 490006
510358 621439
19164 467727
177295 663467
637353 925725
814651 810467
414130 645842
271080 479792
808090 483377
969218 873090
709965 263145
339018 718483
768909 265322
34702 420710
982845 446497
469712 614774
597473 218096
763522 373482
621198 687371
410060 480386
682232 755388
849518 247079
529270 361959
653671 327350
208619 469227
219392 860649
838335 83618
705851 63424
943889 730129
447999 79257
520050 313432
232201 497388
340141 227021
629509 454094
546514 904670
47847 642488
225034 747682
286463 873741
491544 506936
154339 56324
599759 750530
148777 589748
717704 5761
281258 205457
313767 528492
884695 229834
543629 423455
639538 93015
635802 15764
115759 661972
36151 956975
843567 637580
990774 538237
297782 822649
321787 78604
209071 541642
381985 58366
299904 872583
562099 875201
883820 637890
268255 715269
763722 293162
987469 51841
518208 951638
915474 710830
574549 786918
633808 275587
432697 967648
492116 842596
26825 95283
676749 785199
489193 839647
428232 234244
515707 96927
507835 442555
123371 530813
807467 64394
836884 799963
947249 651558
244978 123510
811638 344565
426630 91289
237608 820327
963145 786554
487378 47040
124136 356343
713354 292438
343757 138294
354404 133426
288158 332578
290277 922996
655872 993783
624929 284694
349996 809910
169700 725336
814275 734336
53750 383476
134850 41440
401848 264114
975148 787728
688540 49399
533580 977709
202952 720582
491919 957340
39884 778246
356894 687810
170596 805825
688301 588528
440579 485714
454008 580571
791856 947737
155581 810479
613745 506554
427797 289168
888760 427525
531146 341867
719254 349883
528481 332377
895580 391513
965322 598550
398039 761432
557859 915808
112525 914043
733531 91636
583783 893531
866147 486354
330325 537230
700800 354149
101549 633593
773426 903161
470272 963373
595664 884626
322851 391894
997748 338403
134226 825800
300485 845881
396729 899423
921928 271125
209124 713917
615215 507254
826338 816579
781044 187453
920533 878252
201654 668601
410583 203509
102693 850443
979761 291275
665203 554318
820345 152853
982017 252854
719073 989772
981174 915683
328817 135693
23546 616114
359529 874555
722668 329785
465482 861467
31868 48793
805990 393290
797058 933329
613276 702661
783188 727816
613814 782221
648116 79608
818449 985013
459776 715748
21771 792586
130801 656895
332670 694066
579357 777385
195715 77473
515752 56578
656899 398803
501459 808973
77546 664940
330507 29265
106566 443174
842768 743307
483982 193148
994491 917203
167575 706287
383500 44007
349683 833298
454790 1238
162675 482046
296839 152247
259251 76167
279754 950624
997731 279006
783462 499219
662647 807986
917456 613966
7413 591254
443190 947613
418544 351502
76038 639556
169844 941062
965784 775391
560154 397937
432971 663409
209743 744125
972935 565147
428063 5682
130274 53261
359584 798136
93459 612319
564596 91467
762704 446821
798304 445514
603744 715548
14259 89820
815966 572556
37096 711024
215481 462455
924759 706567
761959 91281
771815 965113
842690 374126
593183 942183
268106 446853
971533 913710
430099 521576
351809 810743
227779 964236
222764 965289
174884 477487
938124 430290
568873 683223
598897 275974
723823 716486
243568 410368
47539 666095
574374 23455
177878 827254
585517 712529
484118 767499
753135 710520
986236 149749
897070 409577
148316 104835
430859 548963
61863 700810
479140 19329
250622 717406
260545 224651
700566 501451
209398 338695
747042 152656
540950 594548
135637 669083
352594 953836
914140 967723
897432 116458
810059 887998
366796 852190
401442 384652
374710 62281
698363 121352
350058 812147
