1 10
100 200
201 210
900 1000
3576 3832
2889 5914
6465 1353
9262 160
7789 6310
6793 9651
1865 4632
8932 6839
9983 7494
1135 329
7940 3498
1868 3534
8361 80
3101 4577
7636 275
3585 6690
8790 4325
7367 77
704 9428
8065 5263
2528 2891
6375 250
7081 342
5422 3613
9212 4067
8355 8493
9795 8502
7159 1654
5779 6467
9684 9262
978 7133
8497 141
4292 994
6681 986
4884 1562
4733 5933
8119 4348
6739 3147
7343 9704
4935 3438
5848 1751
2555 1713
4595 4764
7548 1362
4143 651
5862 6315
9170 7870
1214 5976
5892 7349
4177 9745
3384 8867
8662 3932
5970 4944
8867 2512
4644 9723
8281 5966
2075 7721
9155 5557
4089 1555
8734 6248
221 2377
9160 5189
5797 7204
7577 6143
1494 1358
2521 1795
9016 2490
4852 4050
5268 7062
5717 8314
231 7393
3938 880
9828 3849
3054 5017
7089 4538
7421 9032
1706 7507
1435 9076
2691 3951
3847 4275
8866 8545
308 8811
3360 9320
6794 376
9911 3555
9102 6228
9178 8981
2102 6297
9785 6322
9277 5458
2464 3057
881 3450
6682 8939
6301 2285
7721 1729
1659 7784
7831 5179
4184 979
2362 5863
2571 8192
5863 7410
2168 1925
1164 5808
5345 433
123 4755
4101 1589
6127 3388
1061 5270
9042 6856
2843 6121
8527 9104
2969 7783
1366 5435
4014 170
5916 1786
6398 5533
539 5670
5578 902
9249 1438
737 2846
1530 1624
9566 3519
3718 711
6379 5404
2564 8057
8760 4257
8758 482
9043 9402
3693 8861
4711 9987
5229 4992
6550 3408
4733 891
4110 6716
6427 6294
203 1677
4196 5796
2831 4126
8744 1498
3699 1325
4181 7186
3798 9268
2546 4763
5722 9154
4467 7952
4635 4988
4741 8199
4985 1991
8184 8281
9153 9804
2448 182
486 1919
4251 5407
8097 9326
2803 9167
2380 6291
2120 9674
4072 327
997 2126
9215 4296
5347 9509
8151 3895
2339 6660
7790 2012
2706 6912
9027 592
3174 7118
6327 4678
211 5795
1875 9888
4797 970
9552 1145
8489 5420
8010 606
188 842
154 8512
6471 6458
5367 456
1733 1497
8228 1273
3429 3999
6432 4280
8240 80
5316 8914
6527 4558
443 7102
1060 5090
4408 3281
2094 3740
7787 1753
2023 7822
3652 1655
5262 2057
9242 6006
5769 5593
4594 1267
6113 7857
5661 9335
4302 6110
2766 7058
6462 3193
8181 3026
6579 7650
7459 58
7271 9796
5523 7307
2872 8988
2112 6485
2406 3167
5842 9763
3873 3477
9633 1679
1851 5645
8974 2865
6620 1378
605 9502
9564 9284
2668 5348
9879 1721
8784 8638
8542 4593
3261 5157
190 1284
2832 7010
2559 3229
6024 626
2286 7128
8798 4281
5860 4170
1242 8545
8526 3538
6849 8927
1216 8254
9187 2031
9824 3658
6937 1289
8736 7543
7580 9193
4738 8234
3568 972
3615 7436
1638 7701
7241 9445
7919 1656
9223 7336
2951 3964
8935 144
7841 997
6426 9034
8530 1151
8028 7305
9790 2770
7154 8882
9766 1846
4698 839
9296 7073
5848 9228
6543 8926
3069 5877
3147 9819
690 6248
2229 2545
355 8520
2592 3914
229 4383
4520 2627
3898 9594
99 2851
1660 8039
4129 4043
3788 2125
1779 6382
6093 7965
6162 8169
4191 2542
3737 3191
8357 3128
4405 6877
5697 9962
4975 4052
6566 9601
613 8293
8214 3996
2762 1301
5627 6321
922 619
9414 1286
8554 8592
1754 7747
985 9018
8530 690
1600 9736
9400 4890
3059 9494
1910 5209
1286 5450
6868 718
5752 7685
4657 5500
1370 9391
4566 1219
9883 7251
6673 826
9258 9728
851 9672
9712 2094
2363 3967
6814 9367
4158 4481
712 9302
3403 6087
5497 4067
1066 9239
1228 8415
3218 4056
4367 3743
3455 1100
3344 8328
1949 4846
953 1864
5956 2531
626 8527
7709 504
7648 3472
3198 5142
3024 9872
8761 6250
9450 3400
6572 1650
9197 6826
8242 7073
8290 6206
5521 1409
643 7142
966 5617
4841 1283
6159 6784
66 3052
5997 3578
8752 235
3087 6576
8440 2301
2745 3640
9631 1993
8282 5936
5326 867
791 8966
9416 5777
8092 6136
2394 988
8439 2415
8686 3663
3550 2728
925 6189
341 4447
2495 8674
9836 4266
4744 5812
2876 9510
8148 4027
2027 2750
7718 3370
316 4978
1740 5495
9108 4209
9607 4047
5071 6355
3988 4043
8886 6807
4678 8468
3826 8879
5989 3654
5117 1806
6563 2261
4628 4125
5911 5092
9917 1855
7041 5104
6870 8661
2003 6128
5514 3430
3496 505
6742 8777
2103 6369
9230 9482
8330 5383
8741 945
2653 9112
4195 2653
9835 5858
884 8810
5495 9406
7168 6691
3567 2106
3017 4472
5653 3845
4545 636
3512 7013
5689 1707
7748 4071
7142 8867
417 4244
6823 1192
2398 9797
3799 6864
8023 5141
6084 1326
6733 5470
9071 666
9828 8288
4376 240
2406 8264
2766 4393
4115 5290
9249 4770
6908 3950
3252 2293
3046 904
4414 3274
4991 7916
2049 1788
630 2799
8030 400
5264 9107
1720 7224
2951 3751
3762 7441
871 3859
9926 80
4056 2747
1872 3528
9792 4353
2184 294
4694 7141
153 7596
232 6523
8620 9587
5021 2546
1907 4434
114 2327
4804 3914
9015 3327
3714 7520
1526 6876
3366 9015
5124 8791
8782 2798
2246 4881
4939 8620
6504 1350
5557 775
9426 1551
3740 5788
9856 9126
8662 4038
7212 7859
4539 1801
8879 7876
4103 4695
8621 8262
6878 7026
5297 7119
1063 994
9027 9575
2216 6053
4898 1290
51 1098
7805 9128
9533 8630
2449 3694
37 7869
3756 5234
3511 9335
4832 4917
8009 8025
9908 5902
8516 9596
8321 9866
1603 8249
5859 7469
9200 5431
5882 2554
3177 2044
521 6537
2731 5024
2945 9440
278 7268
3259 3543
3417 4363
8312 7394
8943 4107
275 6312
3637 4982
9601 301
9056 5812
2917 1480
8154 9282
1005 728
6868 7119
1444 8675
4786 660
9088 80
7100 5614
8984 4732
8062 385
3897 7065
5229 4932
7750 2187
8637 4975
4346 7228
1709 8271
4785 6311
6442 9231
7049 7059
5326 5311
1462 5186
5531 9774
1498 3502
8280 1115
5238 4645
4059 957
9710 2001
204 7190
8621 9537
7882 346
596 7988
4437 5489
2394 2168
5437 882
6781 1625
7257 4761
2763 289
5560 4822
455 2763
6890 7080
5062 8874
9417 4330
2445 3850
2611 3756
4726 7969
4481 3039
6371 5719
7578 2897
1525 9091
8373 8529
7112 555
3311 4622
1778 3680
7205 3755
4284 1370
1597 9132
819 2072
4833 8665
9059 5872
3918 6512
7015 3549
5403 9842
6173 722
4227 2771
5102 9533
4406 1980
1608 3206
8000 9087
2126 7846
7141 2125
2911 4785
373 6862
8872 3488
7344 6127
955 2112
1513 5095
3149 4263
1667 7160
6833 3142
8586 359
3993 3923
6565 5348
6237 5397
6795 1209
9818 4420
1744 725
2016 535
4326 9984
1981 5846
7013 4984
8277 3730
9164 1726
257 1072
2934 2580
972 3530
6079 7871
1129 7176
544 8835
5438 2439
311 4162
6933 3720
1091 2171
4848 5125
8937 5384
5313 9342
5220 8148
31 8172
4786 6829
4765 3250
3909 724
8446 9952
921 2685
2553 3750
3707 9390
9179 7413
2173 27
1222 1651
2808 6294
5817 8932
8099 1921
8122 1236
6788 3916
7756 5767
6818 8363
4373 8217
1911 562
9076 2032
6161 5841
4797 9738
5552 2519
1847 4361
2892 1662
5515 3878
3491 6793
8996 6308
6418 7867
7402 1832
1225 467
2681 7271
6535 7216
7695 5134
468 9686
8153 5505
6590 3039
7643 1897
1832 6716
1162 5596
6749 162
5065 2925
2481 9506
9143 319
2589 9190
2060 6914
2333 1555
2436 6505
1012 4148
2304 6355
1556 8027
854 4170
3322 7464
2179 8007
5515 7662
8232 3053
7958 5662
7309 1178
963 4456
1801 2435
2941 6305
3568 312
1944 1010
8540 8891
2650 1656
8655 7712
3809 8594
7988 457
6637 5690
1439 3733
8410 9587
813 8102
6711 5737
2716 1076
7593 8342
1283 9451
2426 3444
3243 7930
9010 4707
8442 6262
9253 2836
1009 7544
7265 3838
5872 7021
7181 4586
4565 7030
4182 1682
4272 9432
3368 705
7273 8854
6404 4630
601 1855
6124 7075
6441 5470
7947 5402
7389 3911
7887 1994
3164 9888
3836 7289
355 7953
9174 4595
3931 6125
8919 6866
8498 7880
7316 212
455 6501
8246 5959
7809 9954
1389 7476
5054 6978
849 5875
8598 2343
2474 9282
8649 6134
4055 3143
7673 358
4092 6876
1624 1169
5734 3600
6003 9506
1092 8681
7340 3424
1897 9814
8722 9650
2900 1824
8091 8379
4953 1479
7977 4943
5337 8251
8082 2440
7166 9100
5984 7314
5998 5039
159 1426
2991 5494
1181 2371
2141 8822
3599 3360
1459 7993
6227 8374
5431 182
9444 5758
2177 7117
1376 958
504 6596
4679 4036
5247 9566
4236 928
6999 804
220 793
9096 9951
9224 6461
7022 1859
9244 7604
8612 6091
7319 9119
4163 3686
1060 9412
8875 4161
4355 4566
6760 428
6675 7801
7623 9688
1857 4124
4490 5454
4043 4757
7367 8688
2582 9962
9552 5813
7924 8307
2812 3683
8130 854
5758 9534
6209 4700
662 9015
5805 2248
6846 7406
2584 1403
8006 9998
776 2960
4514 8000
2118 4016
6338 7822
130 1815
858 7810
9866 1405
7063 4398
6169 7417
2662 912
606 4168
9978 2824
6039 2274
3583 8434
641 7312
8545 9988
56 9694
8758 4492
608 3568
3947 4595
3692 9399
6618 9252
7097 1780
4547 8992
9774 2403
2947 4195
2581 9392
595 7956
5214 6573
1543 8369
6435 7683
2045 3131
9077 1393
1917 4884
9502 1297
2488 5673
5214 8906
4450 8157
7598 3622
8525 6402
3800 1346
1337 3345
254 9399
5410 700
7151 5092
5346 5973
6533 3661
9691 1066
8674 9324
5124 9003
6868 7738
3957 5018
9767 4031
9017 2501
1705 2817
5461 9581
9950 1477
7802 8278
4957 358
6720 4008
8498 9034
2029 6765
329 3240
5973 4113
6074 2282
3818 9981
9368 2086
612 1075
8776 6866
6989 6575
3642 356
1648 9700
6131 2914
9226 3120
2558 3523
7493 8966
38 5487
1066 8357
7824 4036
7119 6865
6719 9814
7528 9278
4342 8950
5272 8894
1769 8280
6302 7437
5439 4593
1144 8642
3752 5717
8176 2198
2078 2136
3672 1050
3283 3119
5113 9513
7482 4200
2329 35
5220 7645
1046 6080
4096 1812
350 1289
7457 2242
2791 8431
8135 1530
499 4761
3777 3977
3267 6530
2126 5607
9790 6768
2730 3766
4067 841
7813 8797
4447 7729
9725 5551
2609 5954
4190 9621
6307 6610
6950 1219
29 9874
505 643
4513 1122
599 1987
8438 7058
3070 4503
761 2546
5231 1599
8043 9334
1897 2945
2190 2137
3460 3962
9396 1550
7013 8757
9658 5412
6453 9695
1010 8775
3047 6553
1994 6325
7293 4687
3412 6140
7494 9180
2699 6616
8562 884
7272 9287
9447 7565
6371 8853
9728 5317
1680 3222
7822 1089
488 410
8410 9942
8414 1268
743 2553
2125 4709
7685 6064
9638 5771
8748 8107
3029 7369
6244 3098
8813 2484
6970 9375
3328 4780
2076 7400
8766 661
4674 8266
1389 8888
9015 2925
6032 2283
6665 5727
656 6482
1254 2080
3014 3291
566 6333
2176 1238
2788 2819
4330 6019
3456 6445
8323 5910
1728 117
1969 7
7627 1862
3935 2007
5349 9212
4932 6543
6074 7581
7547 5224
9206 6512
9562 63
1868 1972
2974 3147
7808 9231
546 9003
3202 2111
3481 8004
9779 2615
732 4518
6191 1111
3479 2203
7311 9061
4638 618
2435 7562
7911 889
9085 2782
7403 5802
6669 4400
2305 4565
6330 4774
4205 5337
1021 4694
247 5339
6103 8604
9162 4570
1182 4036
4678 5085
6209 1550
378 6424
7743 7514
8264 5104
6584 153
2856 5812
9511 2268
1 1000000
637137 389376