87594 19292
95820 49204
60007 76471
9369 98354
66282 62937
93603 41789
92292 49883
47307 59413
38437 90732
24788 97240
88464 90328
27381 20698
16142 15948
97962 64236
91514 56007
75299 71603
37158 95459
71929 71118
85824 97165
76453 97650
39438 52105
1987 70055
29468 48081
38813 65645
62885 84256
90936 79952
649 51348
83647 18316
98903 16790
72797 97960
69563 6768
2227 64447
35564 6720
3884 90507
88156 37739
89844 80337
66743 43945
92026 8182
73827 12562
96818 47190
27141 36711
4410 4105
38772 27790
60931 4409
18720 37674
44441 50079
14525 88282
11354 63019
69878 66441
4179 31589
28277 74385
18330 10374
18556 11372
23933 26707
73896 8734
61796 37102
41206 17388
61529 82557
86965 79977
34002 22460
72538 22037
10318 94795
57813 3415
69855 38023
85964 44042
18427 74033
84407 30592
41963 36756
79814 19314
28047 65896
19349 53709
87448 89842
72398 76907
56883 48977
71436 75715
97751 7237
2031 60325
80091 24420
78795 76195
20237 49945
40330 81110
11701 38663
91770 24736
60401 53664
35911 71583
41643 88447
94640 55259
32165 29090
78066 83389
75455 5400
28988 65853
42530 73205
13977 47370
23564 22620
88917 9123
90232 43800
98814 29246
70333 1932
71947 6935
78517 30733
19179 7857
79468 36511
65601 30170
13558 27984
49735 60018
25871 89013
78569 78722
26091 84752
23723 92545
1667 66007
26158 12639
58236 8250
10182 41324
48258 28568
59300 82128
6337 26775
63285 94830
24999 85804
30139 45237
5255 54909
43921 96226
91299 47477
32228 22489
31386 33742
99748 55950
84941 49404
57654 25905
67228 43176
71744 67835
66314 31838
58612 47395
58577 72650
74805 38248
99837 99927
54835 4944
1169 21443
68919 98755
37596 92467
26208 17498
89799 68981
18384 42307
84564 74739
34267 76037
60223 51791
99980 22362
69756 26537
99186 58591
13191 44684
44611 73991
95286 29379
50821 99445
14552 96454
5272 19739
53588 52147
21127 47832
90138 43386
18125 55862
31899 74701
42844 52391
91104 8473
35009 42823
17766 77211
21895 34195
24537 47308
76686 66505
82301 19822
32627 43858
63596 13204
65350 54250
2081 17183
76920 2828
58690 8571
99623 95044
63786 6940
15412 42466
1641 54889
48452 50421
967 19406
83065 70346
53202 41855
61676 59750
3607 35502
48706 10654
81255 83554
17088 30407
33235 99688
8258 94007
5403 8276
15215 7880
66698 85540
56781 30626
97398 68338
87743 5232
75577 98364
40218 70807
46908 28778
80631 18245
45250 66866
50419 45688
92447 26505
26192 83858
77864 25681
33956 50801
58680 99618
85158 65522
96147 25377
10066 41938
47169 93545
8260 97808
84966 22745
67874 64830
83074 48225
15090 64856
26896 28324
71180 81860
82069 19342
61374 97371
64523 76285
75902 11681
77202 23202
64931 61059
2996 89700
99596 74996
89156 66516
5612 24208
89037 90473
55050 73485
54693 88462
33137 86491
68351 97940
33633 4316
18038 66771
43055 11358
23038 82560
22114 18957
80015 16591
22642 87044
78391 99363
65878 38590
62797 83898
74371 71490
61326 68185
56646 29420
15910 32370
30309 89783
10450 612
83735 80293
91650 28488
27399 26789
45745 31039
47629 49512
52907 42112
57826 86623
25212 31298
31547 40055
11544 4360
72544 22269
51688 89222
37943 45541
35323 83950
913 68252
48544 45773
90612 84647
27788 56546
87584 18010
83874 89884
31995 51565
38187 36780
84429 6172
46227 79750
461 15976
38244 74122
63343 73004
34896 6284
6585 1286
85889 70219
32343 23849
8496 50784
7329 39306
57315 52635
42518 94913
46477 41188
94320 74513
97036 1015
97116 78748
94723 43262
17384 97576
86931 49319
55602 80726
98363 21826
92044 78538
2386 603
51387 40738
80043 27233
79867 58715
69979 53710
94897 22385
13249 32807
33821 89216
84316 10284
53546 30936
44863 95390
44708 87281
84358 31793
53619 16661
95198 82721
83323 62014
2752 97584
41168 34709
9776 99146
52855 21035
43419 96106
28913 64104
69671 56667
66950 62733
10021 70338
65728 36847
24127 54883
86676 10435
43448 8485
7557 56646
18659 38645
52580 90879
41940 37762
53260 93748
31134 68067
64172 6114
86569 74552
47570 93084
72169 72592
42929 14519
67718 98541
69775 8656
35443 8196
16680 72802
29447 78890
33886 40588
31467 64458
18571 2818
12917 89758
74176 71830
77944 44050
18601 54699
64135 80864
53455 66170
97040 36303
51195 12736
21391 81109
89305 20969
93771 73185
52074 22336
62924 39569
4026 85960
5129 10742
16851 22597
94426 18045
62094 91026
45724 88721
85937 97046
79567 9858
62512 55743
68478 76606
57715 13706
51027 6221
79405 63371
85706 61149
717 31479
33790 48629
59370 21095
60043 38918
73314 76220
83597 70820
75893 35407
32452 29321
55530 61829
17571 12018
4975 34394
48099 2401
8621 79041
42411 15477
76625 4377
52207 44469
93097 93694
14788 2348
41265 68819
61390 74830
45649 30930
66336 44987
90659 21541
99721 15139
43508 46188
80581 33644
36044 48483
43875 45032
76860 61016
81744 2638
47106 69837
63530 33951
36298 56554
41724 78317
69498 93915
24844 3114
64452 31498
69391 7532
22670 55110
17649 85463
19106 66178
31012 14582
75965 71501
48868 91238
93875 52824
22660 30612
80914 57332
13886 2541
80857 33563
27477 55609
75074 66706
14556 68673
76204 39525
94634 298
85760 15225
81402 28635
43216 4866
92718 28765
20003 19180
88355 41586
88549 30229
87561 27367
29907 85814
19376 17798
89758 27116
93821 46853
15525 64832
4356 24728
25025 8080
23304 15342
43976 27137
48354 21058
66174 87191
22722 41071
99008 2528
32757 11076
54794 3908
89721 36669
54466 84701
11816 9097
72301 44223
9054 21988
46716 87825
12256 29762
45103 88092
15228 35559
72968 5430
92620 63581
4652 39142
41669 31693
59120 20011
23919 90777
27445 13914
98614 29991
39087 98262
42485 10429
48768 11387
15563 67890
14003 95483
99927 27818
79729 59105
64534 15154
95087 52696
91837 73505
5197 16090
36100 49858
40634 64317
78230 76370
6361 68079
66340 93195
19975 45447
73186 25176
9418 68742
64225 88748
32918 23420
98877 80503
95656 12646
81693 63410
53267 90742
6831 89882
39739 74815
39131 59283
35652 80372
64802 33712
43258 42012
3811 47494
72669 63232
31974 76996
82095 98438
21858 12550
93052 15012
27657 20734
495 5059
12153 25702
15583 70113
44928 35335
94617 55321
52044 410
50474 46621
4984 16846
80691 93731
73315 8794
2141 69711
68149 5288
34189 84236
99247 90006
27091 27240
48650 43256
68957 43937
14050 77154
12489 891
56211 58977
75738 23457
70077 8254
41451 26211
19942 91413
206 22141
91852 93256
14895 18699
2934 60000
66357 49083
92674 18532
61787 9799
70087 57675
34829 47095
47985 84136
59464 47317
87125 20547
45153 35202
61412 57202
64966 86603
25096 97705
7312 81523
221 33299
9650 38558
3992 3154
21686 76006
2156 96665
70692 99824
46919 72242
72730 5520
69188 11255
31802 32193
83746 56312
29865 76954
79908 61510
59214 94830
76353 5003
38301 82878
37787 76573
96079 47950
40307 41779
38443 34116
33939 58814
31056 9134
31005 97209
24816 20137
52329 192
56504 56617
49922 36075
13936 86368
97550 29829
51184 73149
72378 73902
66826 89484
53786 10165
68295 79256
13371 94092
52906 6737
32223 63662
77222 313
20449 79579
79771 2037
75005 89129
41555 52626
38993 24926
54755 55490
44991 52894
26795 5938
11773 17368
43884 9973
89228 65558
76002 12178
35267 2599
82612 45259
45571 83841
63419 59833
61870 82371
71499 59541
12166 36874
78152 13054
84895 67511
20404 49258
71547 29885
63605 47199
57171 83319
65229 7488
36018 46398
65348 41230
86488 87636
87828 47959
7792 48410
30780 51246
27139 86013
39238 18630
48035 39304
6814 17389
66646 32930
62814 27218
90768 38192
37863 26418
50258 64290
27039 3091
60672 2627
90262 8739
56697 63511
11920 78089
45686 80840
66852 59051
77680 72824
28480 22442
39830 25715
58644 35293
78862 22828
77371 37809
64227 85981
66622 15233
34675 30836
33462 93661
2399 95346
75208 40075
34515 75447
72639 87127
62529 80200
69376 39490
78283 40209
82275 97855
49499 34465
57292 57270
95078 28361
30693 51014
66247 75656
6491 97315
7327 17273
28971 56304
96378 26077
17875 4178
7657 30892
27444 90513
46355 70185
26745 96819
94673 24637
59101 9019
66288 44171
88883 16392
67406 61366
53373 35928
33242 50004
83628 59864
16167 56920
82996 12598
33128 28897
59788 17222
7735 40784
27320 3583
401 54089
78725 54065
63083 11425
71948 37826
70569 45723
23440 60830
13109 54326
20681 76812
36675 62702
19621 20661
33258 69194
14442 18968
36190 82737
23520 90581
94164 43924
14364 67192
21256 94564
22341 93088
47265 84338
30060 94288
55117 34186
4863 53499
46663 84578
47279 25544
46204 99689
85234 66900
2219 95813
78550 99675
90256 38408
98683 18421
1964 84419
95334 13046
22486 23219
23909 17674
11961 86102
20287 53968
23819 83430
68007 25150
67045 86833
86521 31637
98536 29600
41764 71755
71429 755
55514 36665
71438 78036
78806 54197
83594 73401
96620 74140
8165 6079
8533 20528
90847 36478
36259 28819
70320 31017
17849 20617
52253 53716
99667 20722
92476 67141
67895 41431
94447 80256
58292 39760
93956 65884
55637 37097
27588 93902
16332 52256
89135 52105
4934 24864
70035 96333
43702 41192
61808 40354
10422 77902
98623 30412
97552 10088
67870 7450
87706 81798
21558 62317
44552 45997
99445 31865
25766 188
68795 43385
95489 42098
83313 74281
86966 422
57965 53347
10053 30667
24920 36124
66535 20474
46913 23543
30992 80439
62236 31135
9803 18697
81045 145
32010 54354
70894 96842
40226 74127
32576 39688
30321 52066
52487 15889
85587 17286
64304 10451
46574 95639
32464 89223
29117 29460
9898 95729
26863 60109
95157 88486
88630 36665
7370 92554
89395 36991
27470 78263
17951 45972
98037 76397
8637 64623
81908 66875
77325 94224
6214 46211
51785 40250
86061 38678
50758 80902
57362 95959
796 77620
30636 68870
61423 5777
59120 38005
16268 67169
29492 2941
79337 50570
15192 27528
94402 87974
98549 97099
59661 88078
44679 21114
76143 11445
8698 30740
43050 26900
4519 66059
34929 60197
65973 51506
89511 12703
96224 41444
44384 5778
72699 25715
53243 23721
28046 87890
1340 63996
68426 42946
64059 77352
5148 13104
60195 40202
67101 13846
79904 19596
79792 87972
39477 31184
43887 62117
19912 45339
51116 56462
82176 64296
4368 40166
28055 51770
15766 32413
91710 45746
23097 543
29998 55768
95969 28245
42090 90193
26140 79422
67393 38345
85881 22284
752 23221
68560 46119
2580 20663
84958 36027
76193 84755
36525 89325
38089 20599
66345 68642
69184 29798
1918 89441
34037 99181
5725 97886
93659 92478
47175 31865
70500 77403
624 33055
95525 71251
91913 85535
21561 98104
99210 93223
98899 14105
34704 52086
37079 36988
83137 17400
6840 6262
21795 85054
99292 57229
49706 43871
92087 92950
70353 96880
46286 62586
50188 87328
72862 41810
56265 42101
51675 10774
24879 71827
40264 50573
3912 75934
93333 77343
99956 87049
72102 16524
73752 38102
81973 71393
80695 23458
36689 74059
52997 51047
38374 99327
57488 3184
61636 27587
38360 30105
1931 13310
63883 79590
55523 58546
52240 67794
71194 48855
81731 68548
6649 43296
31040 55482
95291 4973
79032 28086
79132 48332
47658 32028
51563 33857
77795 5145
35249 13199
26508 16155
95744 53531
12077 6742
74536 67619
32825 64316
49215 45729
5376 14555
70037 55864
60836 52768
80853 81679
30010 56219
4598 76337
26545 77667
99164 56161
69359 20692
36846 34412
4295 95866
2608 48941
32911 32723
97038 93495
55575 65736
80290 46253
18468 77303
46422 66678
64709 95655
51874 43626
36314 94718
72385 56471
12631 62859
83550 71548
22311 98341
94207 36747
2039 26605
59327 13166
23012 34950
17037 72717
35321 78586
72240 13678
96708 70140
65794 18661
62287 61416
56133 17667
90490 98600
77810 44869
32768 19472
17813 77711
30809 71431
98035 28371
41536 32848
84149 73714
62782 80899
59484 17537
31214 14454
84593 31724
50384 44273
5688 50386
84405 29022
27622 78173
23041 74894
94365 5431
99494 72161
43591 28529
56899 30302
63149 57977
31690 14786
95684 63649
81185 10823
25276 71520
19595 28751
73023 9868
76606 86330
15352 95063
73235 61010
52255 42973
64755 12627
84787 62971
91500 64248
94550 44729
2706 64750
95888 74050
54051 50747
61570 7923
79442 51587
80337 3197
13065 99036
85366 69712
64774 89670
67031 717
60041 38008
50634 19285
82255 41147
21747 51773
12853 90106
71208 32648
23049 15558
82657 67095
75017 77099
28686 60578
63774 54459
69846 9022
95085 76838
82859 71563
88631 59858
97865 66241
1877 48671
6170 64851
32975 484
90589 27916
60563 45827
77737 61796
45242 83611
60710 60393
20970 20259
91069 5747
31120 84743
77933 60914
32477 26205
86062 77143
43384 21107
86130 279
65129 45260
45743 92299
36566 14455
60281 52684
30831 97128
97090 38017
14761 76073
96331 74151
79897 35730
36825 87399
64664 11017
53573 14757
8251 13492
50951 39634
39912 67986
29598 53432
62082 21392
35846 75340
44375 98647
12126 96127
50495 75206
67630 9215
83366 65256
17337 63960
67710 63262
90630 54161
85269 48725
62217 44202
83836 93520
61505 29519
82950 40099
61491 7454
82794 45031
43677 13688
9814 43520
35077 55802
81368 76661
58268 2706
83017 64733
44347 75604
29765 50726
15803 34976
95530 15033
24904 78019
23889 79365
35815 2761
10214 6838
51868 13657
27345 9359
69231 11896
84049 53510
30170 4307
7013 65416
46501 88437
64041 90029
57107 90847
42174 10157
41541 72909
67279 37703
33419 82797
85557 91167
14356 85586
99242 12122
37833 82575
10822 26586
80096 7063
11369 94870
76637 26617
31406 34733
41114 39489
46687 11798
21954 98220
87480 88861
42915 79846
62642 71110
78628 76334
61919 48198
76672 92983
75557 61160
4098 14504
21566 2730
97599 545
27161 49286
84019 90587
46428 58566
70363 25132
39703 93114
81974 8668
88514 27182
98291 41241
17574 51155
15705 76918
86252 95844
73355 8728
23231 78160
80889 93804
94348 61148
10433 94839
1777 21509
96426 10803
52286 48204
41318 83141
91808 91988
35521 39643
80883 96673
64180 33811
27080 14808
10651 79884
4963 29683
7842 358
94161 28193
5692 5082
99920 88509
26369 32476
59631 1697
66252 22794
5934 11916
3904 7569
63564 14094
10766 39424
89587 44446
75606 74945
71180 33018
79053 2608
2965 76142
20686 86894
8328 13478
18338 42729
75205 8247
26295 44706
83851 34835
63102 92547
16467 89785
20230 67005
22781 80030
40828 30995
22292 28719
61736 16433
35392 93471
85965 40788
44034 38357
68186 23002
65731 52361
76959 86523
31228 57287
92121 3254
12152 15078
21214 71574
38579 44970
41352 57795
88790 61359
6429 82179
14963 27433
37255 68164
25304 50354
5062 39571
62573 85689
38049 73247
76121 28303
85589 31359
50964 23700
38778 94061
65634 63115
24437 76343
34138 20564
98274 65788
64318 39279
83063 4702
89218 95632
62337 20317
59888 14521
209 67399
56997 22460
67114 54609
85967 33118
56817 69054
79466 36931
16397 11946
4641 61451
82015 40833
22972 55130
10760 96640
17694 87289
82920 93822
14138 6911
21431 45257
29007 90377
29188 37991
8951 2355
51824 96301
81706 94917
48199 24993
53290 61171
22622 64596
21780 57930
29411 20988
33979 61104
48392 40170
50343 51672
58582 47664
9272 80833
71209 96364
50706 38278
56984 16749
13049 59656
54573 8808
33800 11107
72277 19123
83718 87089
61371 11250
48589 21850
82953 90781
47303 82568
34239 47696
95359 13997
94829 92821
5536 20982
75611 82390
99138 56242
15897 32595
41402 28538
39644 86821
5944 75201
78641 11921
39522 6013
27862 40011
47144 88111
70678 27166
91214 10798
24794 21268
14088 2924
23906 19623
2012 35976
92217 99516
32110 17501
46038 8113
11286 89863
81415 85682
97602 17229
23241 60056
16418 53475
41585 67455
94620 63561
90710 28614
49882 85833
88757 15504
51478 80321
16296 29014
28529 69841
87341 24864
49329 76991
66853 33378
19059 60614
77842 48268
8323 33012
86487 1082
68536 24740
4653 44423
73037 79508
81692 11714
27217 22918
3238 86800
15813 78694
48534 35886
60749 60694
37684 52226
85604 10077
70690 4536
52803 4662
54026 64883
65965 77477
2217 56864
1286 50852
46711 23221
34934 74322
13591 44755
31554 78503
73548 33181
69066 63719
24412 38434
90659 46166
72595 62095
82982 76262
97276 43284
24519 35785
13261 67653
24516 6835
57686 31829
71401 25801
16475 20749
65503 22687
1189 46417
79597 97056
77126 91088
29521 65014
11180 1537
79983 20180
12793 83774
43409 79317
15101 26420
94072 84279
91113 44713
92894 18587
60740 48799
69547 64294
86980 93566
39982 51401
48456 4520
95608 19579
84592 25582
43470 25128
61659 12123
12248 39805
19121 74452
17223 72009
56287 50573
11637 11295
46233 47400
12550 4530
68824 6972
537 98448
49848 72155
76675 40519
76449 14655
56588 88634
13761 77392
5867 16410
56214 91772
82575 18114
6474 91686
58610 99797
11091 62761
26512 70246
74776 57324
80647 55413
53860 59951
32105 97536
38054 20059
34713 25131
13764 30854
8245 91301
7710 43877
35648 14111
48577 80275
71960 18222
18018 71402
34162 46921
17166 45461
19136 77025
32437 91941
51891 99782
97317 2648
22706 348
25478 51722
82575 57419
65071 55594
99470 7172
37634 72780
69406 35117
69690 2562
73964 57717
4637 4059
49519 24477
1502 21802
30095 85006
84788 50290
52938 98337
98684 98456
66530 91995
49413 40514
96107 49104
72627 30835
3614 11928
47044 26613
29174 89371
47087 33085
37143 19489
43966 51723
89877 3014
4371 61819
28460 19971
18307 89158
3966 97749
89744 33343
73856 70495
35950 55508
86343 86314
98241 8577
51541 6308
95679 61636
94720 97066
16555 42765
10840 48214
67579 60520
38690 716
20686 71950
77459 67149
81250 55344
88686 81424
51918 70993
42852 62541
65206 87868
12796 29194
51854 63446
25081 80688
77753 47532
6648 36152
84366 94307
71178 17487
18202 51944
23893 26219
93368 55239
10583 1352
99127 90969
61961 99268
78161 51045
55264 4812
50358 43366
23164 84411
81450 2211
66094 64596
748 59202
69861 72741
6580 1465
53408 57390
83609 41133
96372 93653
11356 93328
84296 23306
38925 26834
94230 46256
67419 33437
93155 65845
50255 17776
36338 16318
80913 48056
7258 2431
91524 98012
99476 77118
34507 98103
39235 69236
79240 34467
27794 51958
75263 90595
33780 12089
74696 14188
63976 28010
93854 42115
76242 57130
73447 60461
8516 28932
31362 70712
68723 15773
9242 39237
37339 68199
37434 60101
94567 92926
44883 16673
23619 22361
50801 36498
67037 57398
85407 25497
83963 31012
88142 95613
56073 60204
5487 61588
32299 64588
96713 53201
92437 1022
85572 5954
82406 29776
22701 39357
56029 76973
15685 83935
20432 95999
53396 66485
