1 10
100 200
201 210
900 1000
1 999999
1 1
999999 999999
852831 862035
124422 895911
179057 634026
978854 979469
783330 841670
889258 906704
158402 964163
317002 725420
724409 985445
959290 983927
667465 955028
589327 709374
126042 650039
962761 990197
984110 998744
449328 897326
796771 966773
999263 999787
834100 957209
819436 867886
19686 176718
672350 712968
752916 947723
58189 749347
532180 640800
60331 632811
687020 718302
270509 342624
831041 944131
731598 995290
267341 669465
92507 244654
120915 355691
337582 745038
497333 753653
287158 320937
236861 567269
149488 212569
563743 835078
398324 790251
40648 547493
144151 671652
100346 658181
527961 880560
115677 789410
889925 999308
513181 539921
24996 367596
66807 306697
535239 613409
910407 917947
504242 721070
369106 951815
660459 984783
770737 866835
149853 870631
503462 902424
617989 740509
731448 984599
700191 711924
67197 657762
256001 287195
780303 884264
859621 968190
654266 815473
597990 882235
695291 892314
137641 277678
562339 709188
133317 635515
791898 980898
276862 659454
802968 821742
863197 956018
909720 924727
498760 698154
466277 885777
142069 606691
98512 767810
769740 896319
223048 290151
656050 835501
648368 956219
169945 574671
634745 882865
588201 649952
949537 958674
233369 879169
986000 995061
134561 172037
164441 292965
820208 860494
554268 703224
55436 128491
847798 849007
681047 926504
587780 778829
873175 880336
460315 944285
377319 485354
775657 929439
660679 970937
187225 858050
633641 743728
662969 711126
104152 601923
595039 747604
515002 792803
288718 351725
669090 937219
438185 836260
45407 238921
306179 353645
250286 710285
361765 454523
14463 996872
982726 994640
644629 803808
337525 397998
754542 974733
770214 893618
549715 678628
417148 952548
613518 862414
587176 738435
561836 895980
790341 989237
696720 984282
560553 698830
823619 834423
194745 707418
206620 474492
737360 866319
554641 583814
440505 772824
369919 630561
195645 988187
687582 885505
184434 298027
509056 799149
59281 80878
227975 599794
116991 695864
288816 661701
152584 765978
757402 768400
409901 497463
548597 698892
418456 814949
707965 959773
613027 632625
417010 660736
767668 853831
650122 816049
186211 592570
597885 655794
727126 783360
856506 940085
505095 515888
815388 981615
111389 945759
831075 865668
489504 904124
410831 467839
954405 997796
325972 921395
968826 986073
994887 997208
107383 936591
607717 830957
520840 542060
876319 944598
233910 489183
379865 795207
798813 946238
711947 991231
414864 464770
821030 980546
296233 729583
452479 729753
213383 892284
655167 973364
89365 887101
194936 937270
844076 917234
35276 731168
344896 377119
994826 996579
40865 799664
292193 390013
283254 626887
39816 964469
324308 985728
276888 922407
847740 895689
841541 850328
631920 852728
107713 509637
545467 690140
263357 375929
693977 906759
623272 694797
798135 863418
269167 544923
112471 874267
737131 829660
669003 753801
252146 480894
832335 946807
192306 725570
17002 268605
682017 768764
581754 660683
921502 934775
969742 987366
595706 664465
902313 914303
333318 903878
104226 709253
148563 811396
589943 733513
365158 811633
877428 993129
41976 438971
724053 975361
70316 572206
658449 866124
148089 325652
974960 992304
839747 951815
179778 333330
63461 669079
548634 590956
98267 678447
347271 372040
640899 676364
953010 975860
460442 487089
126772 719059
772312 985052
751543 945065
883190 942449
659872 831924
825341 910111
607370 952083
310113 926807
852128 987511
172624 628546
215421 521656
666851 898190
424112 857770
194957 486517
169967 569575
837244 841968
819023 910016
988244 999072
421599 655780
426847 946841
420117 769401
759007 859760
740265 961842
703372 786715
247066 848249
554349 993558
519980 973356
92846 815570
672405 841909
539679 723629
336011 573786
5833 758823
727568 947599
511095 736505
896769 984978
569781 869254
252557 649932
709247 912041
420350 525082
51593 180575
484136 552944
287607 797580
9613 154878
368767 726469
674490 833376
980463 980549
299860 637556
107948 464984
985625 986390
614595 704828
509659 968752
896525 967814
214346 828879
113465 239365
38018 963430
805867 938427
868473 873471
553879 951847
920071 940158
704099 966130
737033 749641
652487 792975
778651 849934
121779 232996
375460 549628
783094 895511
390535 599975
245644 479763
861455 927941
255643 267092
623882 772088
113554 932186
767911 776983
123879 527771
297288 564586
948059 952708
546451 878196
231071 653669
461119 961222
836490 990342
418383 940089
551800 612262
708193 896298
642264 767098
429488 761266
142720 494725
383603 568213
115069 643381
540866 631128
176314 810602
982399 993390
656882 798933
500123 905408
599060 887063
599061 854710
96264 903677
765524 829323
929050 988354
24117 628464
125125 314153
940282 998710
587994 670600
970985 974730
760195 944130
15009 273914
948668 992935
960035 989675
305649 438647
213375 246308
971251 998190
587074 793914
813886 845515
389392 746663
900616 963419
259916 589134
968173 974798
734283 736903
1557 55997
999364 999959
643933 835647
16713 387356
720022 989769
569901 980072
144637 404514
702250 723307
975839 993201
30583 931925
253851 672068
76218 522249
516039 788265
778046 828739
796676 852235
928707 991965
387766 401296
291266 877610
361875 618930
451283 887085
625902 872482
81639 394086
200205 510098
742061 999952
192901 690169
802144 815889
85012 823057
719075 722595
56990 440695
75806 433798
97876 802642
301484 670385
49737 222940
366360 605386
885114 967024
433970 519432
805163 856800
132964 419627
920211 943653
901723 962134
649913 682566
586028 748678
702751 800170
911776 941921
787672 965378
592623 746389
626171 924479
100979 370613
500877 930026
667677 842922
454683 883304
971763 993345
378901 930047
531092 903016
963959 974863
753865 943581
774290 821964
411094 421422
320684 882112
343565 844375
787245 895964
130611 364041
202828 492648
281496 407087
83442 915418
26125 463186
495528 563988
695962 837975
761392 922500
917436 935781
636679 850778
760725 866046
302966 743310
671932 752311
331897 514100
494578 739235
364288 751694
388419 796786
410228 571934
664565 930850
794133 908623
863273 983787
50007 366928
145538 554037
803075 953529
795599 902458
468533 706102
335827 946061
649002 802335
138297 847760
439718 869354
132091 742552
553283 692331
108355 545997
680641 957891
526006 972422
816717 876772
632425 795943
230927 999219
101265 826809
265549 567278
422633 938288
438161 865978
581439 871744
225222 430403
452816 689087
58011 794131
107546 526916
193147 768241
336791 390272
279531 506946
108780 939282
261682 644904
997970 998826
194106 530832
470643 839309
128619 843641
63589 348675
340753 499248
201808 576851
224886 428454
616986 957312
481009 627644
954359 992199
87776 714257
297852 419663
683399 972305
561615 737215
612922 902978
253017 638643
130470 383192
223592 685184
229358 355725
109345 179552
800648 979443
92186 871908
359390 586638
965443 985512
322675 477806
786514 947356
748632 794854
380384 512454
852147 981945
803421 805965
381454 427506
475305 516733
777680 801955
878939 899352
733209 809742
557716 586199
428475 592016
103622 305786
52997 363958
128518 666669
725595 986723
997932 998672
219360 590134
738206 872390
895984 912176
813475 921253
466169 555859
921404 945980
951289 983543
41674 856076
937118 975523
357846 941165
622814 998804
483555 584816
594607 689923
483075 589201
839402 985592
262622 928299
482435 914555
3640 763924
636850 898347
847399 858567
721609 740760
159189 953566
595437 664078
490996 701875
904694 973786
117875 936213
516400 949584
492167 657859
746544 900912
591626 896366
68731 376871
335618 386382
947837 956600
614324 765285
564390 949877
78915 154243
232776 995720
438597 929527
853064 933407
319140 386933
433404 529755
675900 700940
566845 838322
694537 825730
310388 311149
129732 267944
590706 680938
154692 213750
523762 559262
253307 450735
686438 723112
167375 281317
796980 943469
800669 858998
655670 757548
620977 907470
853797 987249
34204 532524
291900 903265
428559 465704
149832 430352
801682 984433
641958 735638
742850 982442
769362 967473
902423 925947
774050 966769
251082 609065
112706 141467
424869 870021
332590 684853
234405 642266
160758 171124
156773 384653
649251 935327
948657 983902
170569 626198
744451 831030
75173 154569
411611 829402
629519 992344
8948 81067
501056 910564
866386 962225
175522 775579
714685 954984
739819 899107
31517 613263
976802 999491
130094 561003
560833 776135
745266 987406
757212 789166
919949 962380
685174 819095
765067 971629
251645 579580
265537 376126
978150 986113
292566 940138
381014 818289
621514 813573
408349 974304
260549 562302
847386 895996
187233 865296
81693 270342
540108 855470
167250 890071
995539 998398
804530 930511
4719 553967
384517 763026
503445 801713
181513 405014
822485 923304
834752 935678
706825 787909
212050 538335
438612 984954
368260 862295
95196 433847
713367 959574
457239 468729
382023 681675
212845 824932
668703 718188
35101 976667
859142 864717
199024 381027
775955 913388
459039 460204
369292 709299
442605 518570
55079 830623
295203 796575
644851 924915
405566 822400
361802 649349
869883 892767
914744 963927
744837 786501
50716 218610
870185 976197
651657 863307
93509 821331
832605 843793
537370 853503
768200 843367
250086 256509
78819 227121
266497 484580
583674 813980
68430 582065
439798 640351
423046 658404
75537 404668
41198 58404
665365 820091
840558 956126
28252 744218
426075 544937
941123 957005
772883 984521
697117 963245
776753 816709
888347 984645
40427 100545
515774 709725
909579 960296
613994 948732
731908 899163
193519 772138
661974 885140
842952 887936
101395 720041
272134 974536
280188 936551
216438 732188
235018 655762
841849 858525
911633 929093
298443 803361
652531 801429
652201 920424
470993 795399
696372 834857
256003 366327
295906 381556
99502 398589
972551 983539
941199 980647
492514 740988
543222 687244
700031 794913
746826 964370
753493 969588
38864 762129
99117 951816
632597 953495
871521 925369
714609 795590
180299 453020
849173 872325
744149 946987
88624 313404
214811 474275
391333 411812
15629 161408
979375 988097
655740 768823
210315 721641
900586 957957
29551 45209
340675 906048
702078 980977
339346 537939
89364 892909
921103 978436
485309 613722
327108 820903
905177 939076
984285 993115
636325 725251
857798 906188
915846 947514
260094 360562
357575 695793
428298 837240
471894 980994
638318 883680
522288 882437
459907 813458
461530 781270
461174 695655
659869 909484
311251 351007
152768 451089
701291 731319
724962 826909
780502 866537
42315 358148
187189 509053
427694 541808
124642 212464
639608 699570
996267 999944
993391 997591
659653 923284
408316 535580
499598 560786
967179 967248
947889 954932
537827 707351
313304 941158
82159 868759
427504 919685
823684 854434
588083 937243
269446 370811
93728 170994
698612 865087
651421 746445
604154 671540
502884 985883
374764 994644
6326 873466
353516 752971
937438 941116
132947 934857
85881 774531
321611 382496
43991 309149
26113 620044
964730 988644
369765 479546
636039 773280
652012 877093
436548 521392
332496 579840
639409 721937
193919 233508
480870 739854
545973 792742
350713 950465
628497 850387
163119 873550
859229 893719
277756 887144
856335 865516
438446 941052
307998 647496
835744 985694
523355 895042
163004 724429
596811 738618
84242 128022
470284 960982
855533 870374
157100 182964
507258 716373
72525 894231
397636 994766
827354 986648
562405 803901
214243 968201
912897 930563
135945 599391
355038 550233
278168 833114
522988 657084
758073 769016
329329 990185
326552 799118
543166 721535
965334 988603
310701 495512
598932 931745
950092 974387
789752 803484
582599 690928
558772 924835
631631 956401
183669 462614
935516 957315
983783 993083
11323 910772
672723 819351
787300 868730
13626 230917
129464 339976
871203 885133
541144 956264
643940 940665
158241 573391
757394 918101
321322 457918
887053 975106
630131 693495
791098 947209
106580 167537
707434 831261
366772 795831
796339 980978
67260 800460
883910 990411
209783 236054
29318 909377
604583 633300
150831 335952
175505 368918
5013 740900
189190 547394
326848 863501
582404 857483
465403 488337
600870 976628
652643 971240
32884 748455
338083 957943
582604 815102
227894 799262
870499 898295
656138 685512
239359 742706
262969 997082
879089 951009
188445 296403
735779 939430
842275 907035
542101 619584
964159 982662
976736 988681
33883 610780
138369 790568
965932 968541
990870 992484
474009 824231
314888 753571
13526 810814
679640 805260
5110 370474
547625 814523
262752 667580
442997 743249
552802 639296
78168 688326
804287 884952
947731 959347
189523 588929
497011 745063
562693 684769
965620 991065
251771 491232
133547 266670
68078 753306
775937 957321
452982 692639
808345 850459
701120 823414
100475 942705
165534 681321
305027 742047
696775 939798
919147 978088
433057 512510
127103 166937
532792 688994
800350 828508
818198 852675
719340 979181
326238 686827
572648 614173
891157 963412
353784 481439
514546 990015
262996 417773
20770 761549
307288 652354
407183 917346
231570 481822
142609 632988
790420 832593
159852 857425
344434 639587
347521 957957
326873 359425
345194 382328
842634 874728
459199 736575
928020 932328
572304 694627
289958 521353
250852 496709
458996 751687
541931 569812
611475 964616
588726 910050
50721 451983
515046 587005
771101 996250
584163 709871
276510 912861
419549 803172
78827 805668
786091 968808
82439 223934
723189 810437
466860 770628
552288 819392
137405 812518
760361 944481
328848 342553
445 158000
351785 976506
416235 996130
677440 858859
359005 439321
802910 930010
943784 955776
442868 711914
112949 615936
201039 205938
217546 999069
708826 880856
71159 640214
331286 610183
912588 978438
561842 760541
369648 618936
614968 850969
937888 997450
16437 473427
468936 965991
48101 801310
950493 962194
170781 970784
404016 924726
295252 693495
930079 963975
346160 598650
901806 931861
16437 473427
468936 965991
48101 801310
950493 962194
170781 970784
404016 924726
295252 693495
930079 963975
346160 598650
901806 931861