1 10
100 200
201 210
900 1000
1 1
999999 999999
21794 31244
6608 9252
11647 17432
7208 9535
3264 3497
23243 27649
22015 26841
189 16100
19812 30648
9523 19851
24474 28633
27200 29891
9990 19854
4919 25697
17780 22578
12931 32544
3340 13487
899 22525
5538 8483
6193 7492
25011 28252
1560 15834
1840 31497
2785 18529
18805 31540
13392 28791
13210 13549
21578 26979
9277 30971
73 20193
1620 21497
13826 31276
6582 19790
11159 13578
20418 26489
159 3449
9072 12924
10380 27008
10208 27967
6477 18503
15370 32607
12074 14196
12611 13722
19019 28761
11056 12890
16683 31163
13716 19932
2741 25452
4954 6813
2862 10396
15460 20615
2599 10904
4680 20136
9198 27032
14387 32584
3517 7240
8670 17006
241 18882
3523 25249
12105 31758
17095 29621
7296 9916
10178 15678
13579 25058
12750 27577
14007 23729
2995 24081
2678 24676
20899 27753
11784 15565
3093 13608
6172 11243
7514 29929
5055 10168
5973 11191
6748 8922
5651 10986
2144 16446
26517 31577
14629 29916
5874 15791
15469 22912
8146 30693
9091 9815
26857 26949
20640 26052
236 8551
9487 31226
16955 28162
8394 23183
16097 30180
3065 27065
2513 9261
12578 21078
14140 16878
4611 31947
170 2445
13489 29975
6149 24750
3333 13865
17282 22214
27007 27432
8896 16367
4882 28522
17641 31810
2187 7231
6479 6705
6321 6538
19447 31351
9646 24208
22276 25759
30189 30422
8486 27666
2028 3455
4860 29614
11777 29253
12503 31348
10861 22431
12455 29082
14197 22106
8752 15821
17296 26281
24455 26021
15947 27124
9135 18318
1774 11376
24998 29859
9253 12074
6922 10635
1643 28888
8153 13232
4747 28680
19926 25678
6450 14801
14199 24961
20855 26363
5716 10573
23245 31561
6473 28274
1550 24353
1181 4287
2699 18110
17465 18643
2529 7172
2112 9981
4381 13476
8247 26890
8805 16671
30032 32372
3989 9320
15431 23165
9658 11293
17206 26578
2206 16948
18166 27171
3396 16697
23694 31020
14788 15529
17984 30109
11969 28978
4015 21617
3684 16626
9168 17906
12097 25928
24390 28118
11785 15199
14486 19199
12420 20710
15813 18271
6085 27415
318 3580
1331 7267
8387 13444
14507 23186
4360 17827
26431 28074
7152 30271
4693 10268
337 19885
17604 31311
406 12677
7768 29022
5000 19413
542 17537
21388 30038
7355 13289
3181 31647
13093 16584
10761 10987
8217 20493
9501 17482
15665 29447
10753 22104
15084 19095
13525 30221
3964 21781
4872 8106
3343 3656
22593 27080
14868 16080
13713 21411
3251 20968
12079 27216
17040 28768
12933 31531
20663 23779
12259 26653
2095 27936
11874 24365
7720 26835
8976 25680
5725 18455
4071 24808
9156 13559
5602 17832
7905 10440
7375 21562
21962 22885
1836 21080
10797 31202
10080 10508
5340 12076
9058 31493
7740 8546
20474 24773
8880 19097
11072 23335
707 23400
20666 22955
4141 23588
12481 17168
19396 28315
1009 16225
18136 22012
11455 18762
742 25043
21 17922
9248 24512
26018 27368
9714 23717
13290 17650
3335 12759
3169 21895
5303 22640
21979 24199
24791 29105
8681 18661
3652 8753
24033 32029
7042 15987
20083 26253
11420 15814
12244 32718
7229 31063
18864 20652
4769 30470
15005 21047
1594 21487
3276 24326
6540 21323
7679 23990
24710 32588
17945 29271
28470 29221
20183 23589
4978 23955
5006 24779
13262 20135
23487 27196
2088 29033
12935 19779
14790 15993
18965 24962
11001 19105
11807 24567
2669 3134
1457 32671
3545 12998
13597 14218
8838 14844
7372 8563
21028 29264
14723 28801
7604 13490
24227 31601
11197 23692
19771 20363
22363 29301
3565 7721
17421 23445
495 18610
15022 16741
29151 31812
8055 23015
3393 8738
15279 19882