409301 556643
884213 580197
242201 549336
810669 11965
596346 125430
676179 301608
762532 747409
166845 729816
207884 10621
997702 743678
389865 145018
730355 137883
342555 660186
475098 386553
707137 761883
642094 734881
621637 700503
289996 457570
159410 525381
35415 770202
811520 813569
932922 239997
845072 817699
212845 184030
237731 134767
272863 465823
288051 436144
859480 305337
931942 18873
946724 202738
257463 939248
421969 842899
703353 271933
322565 895482
951078 601336
31989 954506
575855 196683
540543 471702
109036 448214
603128 429511
282385 49160
385458 672482
874195 96617
980068 269879
757878 754169
994804 17699
465534 370102
268986 204886
822221 977247
656245 66362
981011 914007
728073 924639
494617 900797
198402 882087
896282 282167
847079 67552
630760 302038
728884 863875
75687 218017
494791 246951
824234 780432
723439 352333
361915 102751
263346 651964
763540 232238
720157 671511
60741 793193
388293 7832
486156 919860
122617 516494
887261 322029
873305 930832
221036 733632
865887 846925
190009 183063
698446 962929
760955 493710
949288 696593
519379 174154
240900 821350
556112 389713
89820 559267
856757 20484
287078 648205
970380 905783
163 260907
70752 250818
264989 295336
391632 828710
45157 478427
416959 49408
575805 929530
137535 186786
280670 315158
147638 56209
153501 493272
348220 217033
128748 593172
547725 338042
631507 806176
307235 708478
192977 772614
963580 3384
745241 342261
882188 319114
967936 658208
640881 183422
849467 968226
26492 714214
446666 303092
438065 352042
679354 177879
533605 623656
880059 770131
731719 207393
734162 607879
485181 165901
192061 660872
80347 587703
912448 869939
84538 36297
804613 572294
462887 143986
277711 984665
816845 407358
876221 891511
158421 742299
83368 952160
127437 638668
208068 588579
583448 818217
435981 244574
59667 144084
321579 917571
653157 156164
225630 255742
543687 13867
461334 186072
483086 816276
202346 993076
277592 239431
527244 3246
497585 181435
327508 546852
392301 638331
189895 666646
261478 347137
779107 122065
341608 827181
692960 597900
601344 326857
239785 668004
708789 840123
96593 987454
832811 795558
346562 390691
871185 240535
965712 58508
160278 343998
431147 683360
714165 823615
757065 610319
565465 466506
929741 260113
835865 257502
409002 751008
751198 754864
91247 527928
934123 260592
887844 980043
956845 20971
862785 482152
317010 162700
694769 30551
711790 320925
81416 660667
728361 947742
587109 131608
843375 103198
350994 941849
929714 125557
17972 600669
305690 953547
233034 221505
730067 30572
48095 926296
645645 659320
630522 253932
404857 394924
733828 751336
172706 565826
493557 192252
695560 293720
245163 416707
148716 447398
225736 613188
831330 810089
217707 975947
564201 365836
420199 61429
264080 17671
92514 840687
317575 238866
804222 398743
58403 128207
447676 467195
863633 91275
521274 492998
127749 901888
575575 744161
647760 211386
129453 32244
758261 668119
809715 991860
892247 685521
945185 499004
111673 554342
355028 732873
551126 33109
611117 589953
648686 770597
625570 644498
499928 915098
17084 616113
664210 47452
343503 353029
276775 138333
953091 668743
375903 574980
903279 980043
941206 428539
123173 586067
257389 40427
754925 600856
867145 694584
399082 6001
557579 612225
810342 25311
536422 756665
442671 40038
197490 968022
126516 561050
649246 761085
75914 353439
485978 714360
369556 669413
118044 754263
27435 686895
345777 795691
813457 674149
761063 138647
934482 104810
991272 740346
877501 933068
762148 983176
729234 505367
249386 841154
456199 132801
213104 410954
788353 177527
965011 618340
545682 616832
305043 536792
474685 440123
182373 162365
920441 906940
985118 677264
950027 648198
43745 204374
864333 828226
145067 805950
387841 101754
596914 11890
209751 897869
657954 476507
964856 642055
952806 457430
188869 887772
829526 686239
260434 970657
484670 857685
850858 721253
80587 402800
942618 976298
10244 430927
49002 113937
926796 726716
869779 604833
148292 470293
251588 619010
572298 912355
986744 57342
290921 580613
680508 986980
683584 720020
644334 351587
883100 576429
531460 117
160007 821808
221206 531969
950760 888862
279654 191709
967334 233901
176908 63132
68909 578990
324943 110314
350765 997941
915058 192389
211149 305381
480275 39140
993804 584146
85538 316104
172010 843456
57365 330725
939404 738819
204636 635207
503504 4316
553516 767068
339786 748919
722011 634981
157311 50709
193473 605370
351337 346331
913412 174294
273989 957775
830225 219537
740993 724507
228047 219410
810635 116247
958664 497602
20521 390132
969505 507565
948385 325744
846001 405225
175093 822462
439143 675434
471169 175818
32854 375430
302572 163001
920847 637666
557126 162422
708901 434724
729907 408166
136061 250634
674077 137443
717020 225767
423041 827598
48008 546563
520482 938956
189805 336739
756757 580785
143988 73175
203261 299865
72385 597570
960837 754629
574678 124040
93907 382579
35430 253182
808975 294644
779334 894749
54284 537384
532269 173897
366818 552417
475796 850103
973529 132162
4011 513181
865567 421998
144206 837440
807446 551117
486590 472861
17528 287880
383349 731289
561817 710166
123627 85988
340029 257213
768521 644481
911021 686649
339023 177494
304099 398918
89820 990884
393383 311005
673191 912799
374327 962355
99787 934926
374642 818099
536820 594524
256301 798198
149286 13042
220957 905811
386095 617476
918027 454181
340534 962225
372851 798591
73273 742045
201754 668356
76188 40816
261505 163605
376508 96180
92583 232542
133402 376706
258800 977131
962853 566103
960295 448596
641743 128092
102517 688882
288332 485903
340782 650185
593890 491961
488110 281884
188986 786186
73500 512698
768016 845431
768437 75592
166815 11916
861346 123967
190754 555143
952884 369871
624499 869621
569363 38440
519657 239816
447259 277533
552823 214112
828687 787475
974066 521165
225882 343055
424711 634872
762131 568410
693278 548303
377276 795151
299759 52267
897823 85049
650930 830806
214846 530850
393194 983751
587296 762243
504502 165584
393985 178740
613150 390196
494443 807211
8848 692725
726981 839025
820177 262532
971741 840249
872657 365454
637151 348059
812882 358826
390140 67506
186752 369381
443601 165015
293612 751974
739047 218455
803135 276179
918022 228340
318091 98164
62785 720742
293682 966856
804920 379649
982898 786244
549951 835051
367399 609777
246703 202722
354720 378182
342072 722644
875130 228588
305007 375265
895258 750
377963 668245
780652 645204
19692 881070
885718 598601
840207 930905
727029 833011
696894 680254
604773 208886
20139 945519
77161 965443
367558 685218
263909 667584
667765 847649
557412 695093
607839 139990
954073 407674
143009 544298
883237 448502
162792 750606
107505 259336
934692 803305
995713 771796
64751 164181
228685 412314
363663 84015
787869 12319
187803 644332
898285 950607
536469 81873
449737 871423
429765 40614
304036 619646
865992 209599
811017 613568
963072 399603
802424 736106
725435 487612
310274 966888
245975 815318
265109 400514
52087 566347
469562 380
735466 366598
213982 422814
967258 853123
3384 512879
493325 239127
998764 621034
728791 966224
940908 718961
126705 379734
521049 403216
582571 988844
390320 266942
754656 280646
258706 792774
329412 245555
824246 874124
941989 741337
594540 307421
673759 573951
15127 114452
791906 705632
703116 351835
670584 314130
999471 143722
638773 521727
499658 34207
836902 488661
699879 397511
32471 222774
404931 566843
744298 895708
83751 546987
955709 675696
930001 660960
158881 87946
987585 247735
465719 695880
334790 575843
45072 459941
985763 466783
201735 475407
864333 732521
999625 916650
932746 422959
449660 922477
316629 52101
932293 845686
57574 425754
705328 759686
946011 428944
59538 366016
739571 147839
927775 478807
955931 998812
527705 75740
344186 116387
923908 499732
85064 112158
232055 771615
747844 458371
556000 131239
40641 172716
648059 862970
430735 184977
713398 181224
782928 751532
741378 452683
266450 550305
239863 314078
914727 636617
272913 307857
387344 269498
257943 502837
679846 728350
65352 192868
754564 631473
581784 173789
324405 940812
47598 287436
311631 791386
159788 891169
824914 519191
143507 662372
850483 778019
738524 679621
237013 433423
321328 35657
968886 1217
189301 332067
168787 758217
370252 281517
748126 294541
188797 300642
132553 199635
220479 415138
29882 778304
195168 18363
779043 178362
873221 25696
421184 78128
911031 749172
267872 129845
257014 380333
406366 684192
674730 314018
278203 931435
576787 671753
194926 486319
471293 290636
413518 616711
972066 132101
184186 770062
504484 534669
4402 787122
550724 985749
165668 208951
521362 119807
563238 381113
114688 463687
654090 638039
330741 44581
394725 710898
144020 352145
967889 643929
206969 303472
116135 927016
855742 798107
940170 256412
120432 170011
91191 320849
403861 344391
389007 276893
986180 789488
31493 125240
536956 416930
725970 28751
372084 428973
269398 723386
279761 736920
331817 564791
357946 982256
456239 426138
455136 380487
578242 616941
486937 577411
689823 227887
112845 458543
624576 823363
805 384597
325077 201180
181530 639462
368371 18113
800228 971781
971780 440224
910302 987259
178749 618529
821741 806032
433269 713440
916352 837909
291441 395487
772628 748032
590030 235210
904979 686469
994410 161684
415197 637476
482080 216994
378460 307664
982969 163117
841833 317002
94050 107948
900142 582587
513302 208894
432248 692326
596870 685223
730192 754167
233290 824548
434316 676214
49960 404085
899386 84071
819550 964008
359926 113968
817850 668018
37358 133689
799598 65374
637229 38079
205104 928972
521709 141854
188031 485669
210709 849683
63492 777896
764386 221969
815647 599703
30469 274511
375284 435734
701734 351176
480400 98231
622154 190957
66592 305021
804628 374249
299103 270532
178893 677940
554658 492245
175093 494834
888775 306590
866697 880206
782995 461132
545817 976727
256557 904022
284691 538736
748290 227005
248964 27824
527075 714908
271606 283901
772971 752374
470688 89404
886191 417686
499922 39039
27352 453925
357767 3405
370013 449259
549087 132097
55250 981039
792747 780347
378102 682479
399195 962995
306992 676026
904014 940556
39753 584165
536552 324377
933712 376211
627200 651352
812283 638795
112516 723396
346848 468033
884317 132846
940213 73053
847037 302194
296737 353319
197042 55017
654257 166369
618284 204730
474227 737881
800549 898709
239029 682611
929781 487620
889203 402595
574295 503218
348368 208092
696448 922633
529933 367125
356168 273122
197182 431046
40960 288509
57150 606436
456405 766996
508734 647721
41822 999753
536758 730262
437686 640696
346264 30258
624577 170057
465093 285679
477800 167843
207848 441504
37545 458014
590622 592950
881309 810170
13421 831915
603505 292772
285997 274776
556596 560402
862841 503711
688716 327290
474376 889141
524719 30305
693935 777432
80696 216851
363901 325876
776465 506570
219398 846062
216163 70485
494257 877118
44021 447196
771475 851861
950532 172964
849204 141815
303659 141005
933330 471077
810390 825018
39000 174433
75846 502979
85993 541685
920345 399439
806609 538015
839188 228041
249809 519315
45662 960714
361610 171763
124605 775956
849286 796518
442086 45860
295714 233282
106154 910011
280248 170534
454261 454104
83782 325658
754901 762112
408207 994712
54154 143068
424270 769514
872244 646976
376848 798746
760885 579127
922986 830207
569103 98052
355540 412870
633377 139568
874087 60319
7377 847854
104791 881186
277217 414243
142203 167604
470070 725334
488522 699265
57155 504340
399605 68535
76508 692969
312101 161184
956635 665948
222321 37623
709032 496215
115026 851164
775755 896064
799108 112653
967590 647986
797152 564942
609092 308699
257181 165996
218629 720801
207404 196063
794762 398743
858609 302155
54687 169275
73834 372220
776147 541241
571286 491701
731106 155599
903979 876822
567688 323737
768380 601752
396250 100663
734378 140928
766146 559345
60165 233155
181662 933484
858197 340712
298739 78200
512148 24528
468541 261600
909836 885621
349571 644947
753389 333312
896961 935066
935438 332362
155736 599924
728934 453995
934227 726735
328215 9903
614535 71698
100246 783666
68791 101461
757475 890617
893187 858597
547564 595047
946113 296888
470274 492740
482443 326919
478074 327168
12887 188477
594597 849302
385528 923451
893823 553831
486042 661437
322965 828672
383796 149961
423250 40038
712905 462200
105386 341892
570510 97332
770275 546511
238953 752110
230546 221938
594166 886971
84827 292491
149552 835983
424152 810083
302743 617169
8730 236949
502084 788178
343335 534502
730316 662063
400843 588370
914879 948853
96014 16280
617402 420848
995377 203286
629347 513058
164131 487990
906482 864905
497272 783677
611724 685311
359657 559978
904081 480498
868565 33435
510842 122326
692288 619530
50812 454696
809635 184019
538310 636545
277723 398063
490813 202175
689245 549473
587542 383127
665441 491503
881954 580561
427275 20956
158006 3052
214875 869007
138240 391961
84068 660944
901128 445001
398896 655188
45810 18352
160277 807257
854238 438659
163510 720979
943936 288465
861136 347069
678976 842108
722671 868330
912437 923848
829050 71059
470557 335956
417128 643853
156897 161728
98413 267857
954308 186864
516193 66604
533115 402368
276565 968939
135871 53130
91359 805133
402176 978538
204789 504131
721497 54978
340654 588984
257558 394787
603251 277882
874819 582214
992649 889774
815681 634151
453804 926449
126524 561903
669022 157027
511295 379961
124542 266167
503317 158730
334592 143914
589128 250414
490026 692942
192597 130686
213709 108052
233193 393551
551084 943148
309245 312752
801933 922516
425150 40303
308084 376052
580923 951227
851891 382235
473151 863267
891598 187953
18306 861361
462216 240907
402558 238857
204357 218175
886637 630945
648493 763606
649940 760501
578400 257075
545025 342518
25092 830231
