1 10
100 200
201 210
900 1000
1 999999
7777 7777
515980 257087
73436 941707
335321 989995
332047 350528
782717 688520
862519 728777
221926 243309
304917 293182
994832 541870
555054 247324
312502 644153
995074 170953
933508 528137
761896 528542
654266 411720
293478 473015
20971 157620
450118 18333
464453 556453
497842 596626
943923 862289
29041 624742
381595 435713
639988 84774
339370 425445
166421 868272
988797 536956
148581 693229
234493 691773
620977 467872
777473 62473
107639 894565
125434 731898
286231 635232
417958 545713
845969 656236
37729 748557
909692 91043
62558 341770
26155 22085
233823 574973
49031 803206
901306 857820
170359 616839
805247 29025
393400 14202
747054 310217
483689 379337
910476 842064
589650 935413
916804 509639
689437 396994
535751 373123
661168 40400
139273 616779
616475 572982
308231 292801
74859 404978
197562 610134
839867 255442
79118 290548
48499 547404
198178 266319
438236 752490
771909 959074
279878 513534
927333 950438
189384 187943
448736 672729
244011 64517
410255 442631
96425 501350
158495 780949
495696 974075
194297 602831
119462 212463
207473 912281
841636 148378
504841 14695
655668 580338
831421 567498
786639 104409
310734 810607
951133 792196
789397 808775
488010 849349
964960 851189
475600 948823
176547 636371
322957 373726
490386 563596
917024 244512
591758 816460
211859 924047
795154 750447
395633 708009
301072 761343
969780 488887
160567 875253
395260 607048
495550 841973
997296 926575
292491 243208
570513 944755
798170 982625
868056 479695
789684 479602
573656 800614
114283 468914
948327 32700
806216 435746
205646 647648
881695 807515
902137 905953
753560 657824
224275 804648
351198 665639
989307 616082
627679 966521
433857 883321
294476 17370
510820 10335
301686 168480
929419 855932
189948 173187
456686 101394
698712 15070
923642 523482
650030 392472
16385 794523
503639 291926
399548 284473
546926 374030
620167 87787
839170 845292
752851 435819
34505 422556
2453 844207
218339 348836
733611 183692
334716 733437
708555 596430
97719 983899
249776 377986
285130 853819
797017 511027
204035 212560
619731 373230
864663 381372
107288 222499
878091 357538
116803 445357
73906 735982
905963 948009
562343 481533
509443 211692
489445 907947
713239 387430
427669 27459
36988 290853
76419 144797
137819 669160
151462 874185
347427 296550
163121 51118
437067 674217
539357 252932
806024 144455
292092 347501
14087 832857
489519 462677
199746 236978
252741 306038
752951 724637
740303 670315
958300 672752
403787 106474
212351 511073
608018 754215
778811 428952
104593 935377
290303 927382
768405 964635
422704 81119
925128 819407
425635 698818
958403 166793
381387 87867
950883 865364
572991 456293
147133 235910
841961 698108
711113 471614
56949 96211
363934 476744
686401 618124
29137 153932
488809 936867
835012 55558
901143 109213
547553 822033
426376 880179
195071 383990
295737 248655
403246 478896
561547 285654
32675 729785
861507 373224
486511 629185
233238 178719
134489 593057
373895 896369
606146 71560
81687 82069
185371 962128
838510 618201
815374 416017
37919 733758
669151 68546
641306 632285
684094 644063
331026 751605
544246 149797
107257 744654
443773 981974
832495 596773
864718 491024
925661 261237
354764 131119
668464 722136
273369 90121
927541 324268
446793 849104
347657 539391
403487 622448
467574 908095
279499 877629
466151 143399
580453 650831
216777 526974
787669 837967
175518 889686
421472 165531
743199 204409
752049 737425
135242 380499
268484 50870
61647 788802
771943 633701
795844 740653
38319 512652
432967 988919
957024 373839
140886 928424
499386 116096
903227 911135
982469 40085
726562 359371
208048 370928
611305 500204
951234 977209
932839 816684
337167 724948
288182 2440
260185 263156
156710 651660
239140 921149
26813 344081
808278 292672
667829 52516
369370 546668
46185 172546
967614 769035
198203 399246
48276 1624
708910 558756
915524 39041
159508 499801
675182 675036
750556 475983
240226 857723
567543 689701
384628 846310
306388 946882
227792 38980
637509 273354
250860 291854
222677 455267
33216 8613
197808 335113
376756 971127
792926 575164
594412 968921
55609 164818
106514 145602
68231 639577
752420 693465
282254 715177
906711 458586
130732 81463
48393 393340
162338 61508
229713 302039
53730 210470
725968 849752
78791 691747
169100 576919
387654 512214
474564 128732
223271 91519
644704 218991
719731 8345
245077 763624
607026 235038
744992 380661
199051 995671
58759 868517
177091 319996
811730 757214
557236 478634
202370 387025
42353 556226
414012 46397
495364 912287
725592 655511
638475 338955
981340 237612
162337 724083
516375 115281
109399 22111
402159 97747
878053 600886
620021 867152
35399 652580
386502 976347
464061 767232
407057 397810
406884 435958
49445 91325
409129 366271
854158 682562
968655 707552
477776 47025
389951 878528
949793 745001
871333 330934
794720 678725
118186 273668
923991 726520
170779 205285
481783 960873
654104 542320
831948 520932
733859 626050
23483 972068
122893 909324
615259 645727
359485 831474
536297 349045
114769 516245
314894 856944
499310 316068
842543 297367
648765 3176
702420 820740
855224 977883
105416 735954
254152 378167
471652 165755
720952 519701
336351 145530
291380 689025
868438 640247
565134 493380
959942 198295
949488 323139
325542 546486
691377 294920
120523 99820
9443 282726
385038 850934
61297 58976
980373 913385
361101 675087
763719 456313
757366 269282
264930 762055
243566 192821
470869 747233
661033 905804
275533 922429
833112 807090
335399 505954
713587 11875
572459 725629
795939 798903
541034 559561
902850 601098
201686 167408
563673 658190
657773 442159
912888 443984
180891 874191
470442 235857
413492 301851
294737 812124
296444 460444
55309 391432
693413 90565
818385 778040
766976 116692
802951 395872
770033 321783
315430 458886
805033 688802
325655 136613
409202 730051
941808 524149
937345 112696
972672 36190
661003 573953
103761 762805
422136 828284
850673 329950
654669 992077
784851 395138
864172 939499
397304 588528
999444 157635
210270 936475
405587 913622
154713 701907
594400 421962
15509 660612
103434 116245
318671 775674
195532 842049
457476 139686
874799 258887
824847 625303
898888 93171
253907 608527
153705 866959
689654 320083
529714 488082
551161 679967
712955 532315
753878 890486
561567 970186
961616 779146
532862 489525
852650 873172
684308 949103
855192 321259
664583 669758
986969 809210
244723 437154
124957 93613
421431 366874
999191 386743
733881 897721
288181 381587
436950 6102
246112 187508
242512 617621
353625 426279
588118 411971
495223 750275
606002 276288
402546 663478
619409 801987
623282 539729
526754 905961
452137 394677
540749 39008
160968 969607
701016 122391
387442 645909
984418 369712
645453 137815
283886 364876
859275 498710
532592 319673
957832 131767
334069 822779
655750 906291
325464 41537
496972 403501
386763 751192
906436 779233
841682 607572
787808 114112
88393 60793
454342 663322
774171 173870
242564 318212
897043 846850
243164 427361
691531 577906
403377 340518
504741 221549
518084 222591
436882 975532
318339 820267
494504 733396
945994 92664
25329 324528
557995 488622
187744 201403
733365 18945
355872 236898
104656 28488
965894 298096
112490 727521
934459 80257
337671 249811
923216 524830
932823 583095
129418 3169
843065 959111
389328 446971
858313 71138
618940 189082
918557 333308
838516 461912
413713 43481
253870 965485
54433 603332
8812 444226
718289 201817
357000 597440
876307 841225
53454 890404
851647 499376
609410 326821
462214 782363
882256 530631
709914 161694
5620 327865
176584 462619
583768 897995
563327 360181
87464 928519
994061 195481
237315 650838
837715 66914
17088 148177
45568 75216
947786 87606
26377 673108
560825 434895
428472 9984
873488 39138
479772 746974
308435 596854
907995 476771
977587 881723
197955 3887
108315 367604
659053 721961
309498 303877
665019 56183
540831 864446
363725 927585
367476 859321
369875 755900
454442 698433
759336 411506
218458 828352
96751 151105
840784 906723
628343 809369
540517 775561
526077 204328
742505 648834
489694 212084
280000 203354
700044 288802
229047 143917
560297 265298
557875 217786
798500 759214
323181 606751
395507 251305
137674 513279
224113 733012
775617 883413
985661 675635
397145 446767
135623 768608
380289 256053
339467 252525
119673 620172
19330 558445
194690 132006
223432 397311
42591 517261
481031 819483
155967 149649
349908 2691
60648 129152
290775 271337
873721 169175
92595 970252
331673 894876
37281 558488
460230 308566
806468 845396
916881 793432
496074 127923
304092 652054
940902 816997
911983 576065
900619 658633
262768 997947
860889 606172
776529 925319
40415 773203
367643 18930
441193 785139
200259 631219
83121 587194
458477 371249
45024 396910
545438 778112
81416 799899
249002 19625
191696 628030
104934 214378
367028 258326
932350 801471
944299 605109
834428 930404
381056 375791
934516 434580
250610 834955
460316 887383
839774 128224
710524 946363
549111 986831
907654 40687
325352 701651
677430 705407
509823 582323
517740 395839
119394 997876
859657 649118
799689 770053
365313 714919
639282 715104
838660 664509
310786 948981
786824 500924
474762 113554
134420 288032
224653 50494
772346 964580
671236 591776
876025 532876
94590 274143
771955 911418
498119 434276
626386 324663
888250 887433
274966 345236
935283 580735
374838 471462
324061 701222
455613 72336
880188 570184
27332 816953
43527 67436
185390 689885
922268 239702
922469 348847
57201 218577
820614 783577
515895 395127
720376 867022
988027 377068
358446 892881
789899 437398
136975 144964
314392 985528
535179 380361
120342 898783
263547 86391
444383 38061
506752 345727
314512 435360
557436 656338
630209 87429
778716 143886
784589 94729
91296 28639
231805 426393
293107 223196
518055 610991
51046 474203
872883 31355
615812 624059
361870 618965
644560 577548
776502 791254
30398 947255
795243 299383
813140 827038
521016 303818
672625 898208
702883 749766
31366 589661
653659 385701
893464 354184
582559 116070
777285 284794
120886 874943
492383 272281
829977 428704
563972 138181
230206 106224
531565 651102
909382 11864
431943 321501
183918 610633
597619 493180
163703 155278
578204 514201
824076 3387
247585 414313
241715 844771
925980 935746
451950 417082
909894 244863
667798 575551
403761 470154
5803 660544
200364 705957
227815 141854
601929 85108
914693 97854
397716 442908
3235 355100
49517 142857
406299 624266
648520 4360
443573 777151
295159 201817
704541 485566
886026 4775
208082 42544
237292 905700
871351 577894
621076 124470
53789 656460
819734 298425
1299 849186
836925 315103
660417 98351
730551 742498
562849 450762
96192 161676
92810 917079
670096 772053
534292 762784
806339 400175
728221 239173
872033 609177
297175 161241
992826 221871
49542 589539
230805 388661
47717 194656
211639 848918
566806 731211
630452 250663
554009 999470
112352 317436
426393 303026
931953 654339
701298 496079
866603 304031
279226 841977
430657 830564
634231 547387
165718 808479
19529 923125
223277 457939
278664 57105
192871 27900
991203 617450
674119 566584
698525 649745
499877 835934
786136 43515
603584 446554
801969 523396
465591 166839
672637 846343
867824 243577
515333 748497
218051 566805
526876 10196
782856 538971
199737 71823
446282 894586
702508 508281
931117 160326
513527 374369
412691 670028
310983 92039
198090 269079
92164 484195
268184 686032
773666 918360
209546 374238
401933 724709
476535 622266
410877 354417
404598 494497
313972 667096
786440 198690
141000 110601
39495 113521
241501 302700
544157 460877
657628 717411
818665 130910
795440 559503
83887 925492
619404 914521
891997 994330
855605 831433
427559 279053
246933 501513
501735 552233
956091 451839
935293 162155
445838 382905
855265 642441
135948 851435
830521 130402
498000 782899
911006 643750
273264 764595
737692 59133
930509 235495
707765 279084
182165 584075
760397 133926
464724 987205
89300 531065
855401 471506
384686 961861
634063 189917
267405 968472
478943 947375
790344 38637
625860 754030
880580 695333
202421 949247
589893 200142
370033 980970
852414 303941
763157 374433
799332 770821
354367 283036
571360 898933
187302 918740
242004 370982
931295 618035
625075 823570
637843 261541
247479 884365
657507 662754
714271 592937
952230 960256
527346 969761
234151 380043
729928 134547
312174 83741
722902 64533
196835 668121
61861 466805
673621 412392
932189 59430
113122 170976
167660 480358
557849 978276
815330 246806
176747 665899
219796 504842
88446 502459
230054 411388
834070 68997
845184 617535
37882 815399
829857 89449
115675 10050
743883 493009
707480 553102
652421 948245
851838 933067
615546 229885
770186 257375
132946 203461
11965 162731
10395 718266
321479 592051
867782 894085
556327 93364
357585 467791
54834 552922
372179 212000
284667 96382
709217 354759
260361 929719
186268 363590
151545 566017
134349 15515
821122 351752
526339 692874
652627 49389
515190 429313
682084 383859
769231 660066
593908 994491
319289 56140
43344 662362
993573 719685
298086 939574
328100 853436
720972 800660
290175 569410
317234 111028
604046 468032
222804 757040
171962 921808
660066 875508
807140 807193
484024 521868
386003 188892
52016 104812
851579 530577
622503 904719
816048 562615
715353 193701
899132 513881
752648 78847
294621 308938
912301 364569
501994 273534
851097 75601
271479 537094
786727 635294
852103 627562
28160 137874
533760 925955
136782 245058
782116 814187
968644 780103
833531 838961
91608 922674
629875 881290
899791 369702
588756 137979
983196 983683
204933 344706
439799 931833
359875 218613
112255 201494
730966 801784
244068 105804
804255 614644
674031 955968
512099 467177
611674 391166
69281 995870
441510 487537
916991 783639
360512 574510
861131 548095
554548 822483
828300 354546
819905 58199
847446 557748
754997 945204
325210 32199
609641 990395
314467 254963
342375 833947
125357 619758
14467 577859
298230 393415
88408 800378
