6 5
111 25
76 187
39 197
406 138
192 134
540 61
645 769
241 94
235 503
155 1029
487 263
1263 873
1173 903
1140 455
1372 847
1268 894
1541 170
603 15
239 1004
1485 1962
1693 2155
1191 127
1679 462
634 1741
2202 82
2837 2331
564 1453
1229 211
2884 1330
633 638
1129 692
1201 1898
1693 675
2667 3175
1002 3060
3956 2816
3933 71
1387 4128
26 3076
497 1925
3417 1804
924 2267
1475 3069
4030 2519
1247 4915
1725 1524
882 767
5067 1593
3625 4234
4360 1694
2440 3048
2090 2678
5252 5640
5591 1235
606 335
1304 3995
1130 4067
5544 390
1098 3174
6165 4399
4500 5850
5320 3499
1401 6717
1283 3796
654 3903
5958 6557
7015 4091
1279 4257
7590 1804
6623 5702
5418 5830
773 1016
3240 7726
420 2143
1258 1315
5068 8260
6502 3264
2060 468
1126 8110
4078 2400
5516 1056
4695 8464
2056 5642
8365 3889
2721 9180
5058 5929
2715 5912
3175 6838
5280 4108
3031 8433
4359 4387
2892 2070
404 4942
7096 9651
9068 3119
10187 3009
294 129
7804 274
7633 9583
6482 10721
6361 10661
5977 5696
6847 2837
5192 9136
2853 11432
5409 2715
264 3008
6010 11229
2381 9437
7932 7592
1818 10957
8473 10385
10786 8854
3426 10553
233 6303
5998 6509
11108 9406
153 5720
4655 8981
3597 3510
9983 10213
8971 4728
661 6376
9672 8926
10295 12368
11877 547
5447 13547
11989 9524
8526 687
2619 1868
6398 7788
13856 9909
1588 1179
6527 14319
2878 5750
4920 7729
1493 7120
9957 12505
4994 13708
4803 11797
12665 14868
206 10774
12512 4002
8140 3285
15919 13025
721 15614
8658 2113
12970 13128
2260 11510
9496 7482
16027 7524
11121 14305
11677 3220
4869 5325
2423 9702
321 1931
3992 7655
16668 2777
12624 5700
7948 460
13751 11356
12213 5012
1250 15287
9757 7197
15674 2255
12081 11385
3449 1431
15195 1635
810 6868
6205 3372
5755 5243
7278 11236
16242 4377
18760 15201
5530 3427
5487 11983
9626 1915
1407 11245
4234 7768
4088 19210
14669 17846
18482 8377
16004 5356
1840 7622
16074 1104
10163 7132
9230 7008
12988 1829
3164 18658
8635 13410
4880 1344
17908 7276
14672 1743
10101 20767
20429 9734
4910 1297
9818 311
5916 1075
2453 17322
301 7373
21398 8625
15811 10024
12728 13840
15605 13971
841 6338
11077 14841
654 13252
18938 15194
6397 9701
19946 10747
17373 20482
14970 12438
21220 14221
6584 7580
2309 9684
3185 9241
12553 8574
15816 5010
20137 19398
13900 18921
22762 6859
10390 3303
5930 282
15457 15191
4526 18605
14419 10291
11998 2183
13230 2863
9774 21682
10087 5247
20990 8174
25484 9536
2360 19905
14421 1702
16200 24174
22257 9816
3199 23993
20294 11253
3646 23731
13151 14452
6301 16638
6182 8390
16233 18235
18619 4844
1360 5498
11619 17979
6050 24042
11092 10608
27124 14571
5538 2012
23066 4716
15365 10109
8311 17811
479 24492
15452 25512
25757 2414
9139 25357
24340 22914
16875 10893
17669 22935
17305 21182
6965 20455
1492 16591
26545 26144
14725 2448
6481 611
12173 24142
4633 29488
12437 25664
12022 36
29293 26242
5972 11134
22812 9460
9888 28020
17454 4795
19262 897
8157 27851
22771 22639
4560 5914
17891 2823
12424 6271
19907 25577
5444 19271
29778 8248
24423 25523
1802 30360
30702 6073
12731 16963
30121 13193
295 20130
9710 20294
11997 14073
31821 15092
3394 3359
29451 11023
31742 15290
22567 31476
21242 5123
27413 7888
19369 17238
10909 17703
10203 8561
23443 11345
14053 14080
8730 20950
22434 17821
9692 24790
15219 30952
29716 20398
7458 31412
513 3929
14433 24475
22160 34018
21545 11453
10732 2874
30459 15351
9406 8055
10249 22651
30283 27087
13405 20007
6561 22394
22014 32587
8517 20832
14178 24740
32834 14406
15390 5566
15730 3053
18111 28078
2223 34042
15677 15983
10043 10639
31905 5649
31856 29626
29596 13760
27778 35932
9705 16185
26607 616
5984 1246
27694 24967
32422 24720
35239 20466
18714 35198
24664 18639
30737 9440
30019 10214
36046 27860
36373 1180
6913 25866
21097 26186
14677 23054
25245 31484
29947 34441
38697 3649
7522 21294
6577 8315
2068 34354
31077 7940
32380 4982
5645 28665
37826 37369
19454 7915
33350 9915
6335 274
20486 22596
8452 33344
26099 3845
17227 4960
19255 36792
8193 2266
6303 13812
34914 34542
15993 15487
33511 9581
37404 6211
4906 641
32926 31454
26759 40527
24861 29572
25305 10268
21167 35201
34072 4334
38662 8500
16108 22282
6882 24762
29414 13884
7175 21391
22521 21220
20986 9088
23558 26414
3894 2576
22159 17729
41528 33935
36264 15655
36031 28101
19712 5135
34597 6805
8946 33938
1775 632
16978 24245
21364 15100
17937 8363
19973 26701
43250 24264
14722 32500
30053 5728
22184 38195
9867 44309
26813 29123
11880 16698
35236 35417
4331 27545
13919 8870
9201 16297
21837 37899
10187 42814
37816 18785
22236 29503
44578 8422
44460 10098
31830 5838
10239 12568
12634 2727
26265 14376
16570 5301
23055 12660
5344 31617
10289 39815
39727 16738
43340 30366
31967 40487
9551 11438
20291 26396
8592 25277
16542 25061
20194 11382
40076 10750
1323 22028
2355 25850
2549 6318
31855 45649
23905 39839
46261 28277
4645 42781
43087 31844
16655 936
31079 6548
949 32850
37656 2929
49020 44610
1095 32638
42326 35959
23488 25998
21932 21999
33182 28341
17658 18860
9716 49922
44814 38635
7644 31066
6615 34594
32577 44928
8174 1156
38922 38436
44429 8092
8908 48281
2958 32642
33721 31953
755 17848
47345 24887
13823 51274
6790 8593
27365 17681
34660 29985
25779 30631
43987 6261
34730 24537
21306 3518
45021 7640
52076 16025
42883 38338
38673 24126
42034 16302
42100 51389
44580 38238
29513 3696
52691 44754
45881 34962
28118 8230
43119 2644
3023 25841
11136 15948
787 9227
3782 3294
1084 48204
3975 29661
19936 2562
20398 42666
43249 16330
41529 28652
33227 2768
27476 29562
10828 45850
6499 26470
50155 27126
32926 37380
15910 33784
28109 5277
43362 13518
53928 29113
52033 3880
12588 21217
21380 16151
15438 1933
53642 9966
46430 22278
20614 2483
31924 27048
18077 22218
43765 16548
47901 30597
45939 41331
7245 34128
21170 20034
21581 38892
53106 2651
22427 21698
54516 1692
8504 11674
27460 27863
51235 17925
35294 13575
35529 2801
24736 5765
32490 10304
12988 15012
19248 11552
42191 48591
15443 15838
19308 9156
50602 16361
34378 35429
47641 10319
6404 29890
45111 27646
44889 756
32070 43565
44519 44491
11920 27357
4294 46926
5508 1294
40147 38410
42348 33921
8405 34642
54000 39380
35766 30938
56739 11226
58194 9718
30522 34355
20221 16414
43388 15520
46376 54523
6566 15536
47886 26452
32978 21593
30942 52351
34366 7230
32714 37431
21237 37953
40755 22991
45628 12062
4545 11613
18166 41009
15158 41663
20307 42491
34067 13780
48579 6013
23456 43274
10608 54385
20605 39594
61916 25947
40427 39253
45035 27739
12841 19963
43849 11663
7164 34669
19543 19029
45149 56811
8824 4633
58217 9128
29229 15830
54282 55692
6061 61569
23452 36120
3955 18716
31917 47722
33544 3271
34820 45655
26766 27163
1067 15105
28917 12333
26159 44764
29167 1490
60582 39032
65681 15918
62847 10165
31951 26743
38694 50063
38275 35531
15039 46010
36414 62157
33781 49751
47525 56267
54628 34584
55505 60064
30571 46893
5512 4189
27967 16828
3266 7301
31935 16113
49764 60713
35720 30106
51234 50032
50575 14875
30902 63705
23143 2577
46545 63473
44706 68247
57909 8264
24054 7384
59955 19213
42457 51520
40783 33723
23919 30556
8745 13666
32154 39694
62921 32814
50407 59603
64928 40837
33760 19676
12740 28818
22259 21345
68283 38324
28786 11818
24548 66467
14681 11950
64652 70585
66928 13089
29774 24379
10822 19115
2515 24165
43501 20154
17929 10838
45025 35630
59588 44291
1501 61984
38995 37694
47161 11284
55131 58102
62930 41307
35736 12854
60604 24312
54023 10927
14400 66611
55168 67961
23865 67973
1179 53521
57712 29787
39376 8894
48195 12515
37655 45610
52652 16785
73076 32051
43551 53122
65520 24601
29008 46100
21504 70755
36857 53868
56894 35128
49993 36885
73984 32200
66542 30299
71269 53468
61030 70780
42876 7257
7285 1035
44308 41915
30377 51863
21134 38624
17962 21825
40205 36967
38206 47141
51032 20854
73281 55523
34053 37043
49676 73830
34481 46471
49162 23345
29465 512
36143 57220
39647 7808
72259 33133
62827 67381
533 41384
24398 12449
74572 24719
31598 56486
5147 58815
71336 72947
35364 4302
2992 74118
11847 72627
30935 61087
52352 76813
61641 16437
62637 51152
34184 38650
72995 19687
72442 4677
29541 20028
21045 72591
528 51230
10178 18210
53893 29089
25755 53821
65531 856
41063 42508
70065 68410
19504 2660
6840 69888
5652 43421
49534 69954
7124 18258
70928 11680
54444 35888
29877 76743
74705 62936
29315 78278
69030 61019
27066 35695
10439 45569
80952 3894
63965 60642
36087 54516
5208 54998
3623 9297
29754 68414
26200 50741
80878 32839
20998 24262
19747 21732
18618 5197
26070 65280
74503 46507
14267 63125
27084 31845
56597 53596
54552 45898
11935 9594
70177 46109
25531 78935
82020 31875
1283 65176
75014 83347
56353 383
80170 25277
60947 80334
11025 25356
47438 74888
63198 23736
22461 67208
34983 2444
73744 73984
16486 74871
83106 53741
14587 3465
67283 84895
10038 58
74602 35164
18442 10439
24986 82816
33766 30149
2393 61745
6832 72495
85266 84331
78520 65856
23877 6596
18549 76662
68234 18838
76638 57138
62324 35836
51892 27898
81523 6985
18565 25885
68993 75451
49528 46283
32831 36093
71558 55817
80284 28486
84619 68683
43048 24971
13194 81010
84827 34596
77354 58251
58742 8099
28970 27432
4100 56755
50923 72361
23164 2521
50169 17611
35771 31725
38464 69996
79447 17757
76605 1514
31083 14805
82395 73937
11534 82498
9967 59223
52604 18349
87867 250
2902 89078
12773 77023
31258 67189
28751 153
8871 86435
23332 7848
11951 39283
47255 34481
49068 62137
31941 84739
5248 51238
84194 21572
851 67587
63726 79123
4684 1521
62266 48246
13749 35430
82498 86713
37639 76008
48142 44117
54871 20361
61711 83430
43092 42833
4958 79575
28497 69431
37059 52460
35596 29717
58318 2991
35475 38718
64578 57881
28384 93228
13478 5464
63435 83556
28747 14386
36333 32405
31024 27571
88609 60827
19986 46843
43973 35955
27982 20030
24588 7676
64884 25647
32503 50713
44388 40952
94798 74178
61383 65932
91924 80685
17755 14838
57174 62066
63432 50197
95580 4798
53003 48887
82681 93353
33493 22413
51767 65421
32527 48181
57026 66531
3583 21770
93505 62834
306 53200
71100 40108
95821 24953
22291 88568
17356 83251
38358 95519
51783 34329
95872 15029
13950 3268
33673 56339
81062 82053
43890 64292
12328 73055
90628 67513
23242 34273
86680 74785
49722 34174
43414 46908
41313 85922
31 55376
20986 69069
45743 29078
67490 22053
79681 76362
89959 66962
62384 42197
19815 50977
58464 89597
74336 5942
84964 30786
8894 46792
12363 16667
81156 82080
5323 79795
51847 70950
28606 79391
50507 97108
79804 21813
28038 30827
60236 59497
48506 48380
44239 29500
55397 27142
49536 3742
97004 2993
75140 18644
74411 74532
23684 18503
41807 46020
97642 21447
64284 2683
85473 10793
4654 21050
91243 1522
33145 92005
39637 83505
56319 30135
48525 22862
52483 56237
61635 75024
100090 36459
80234 89888
20857 29054
59744 19640
82677 94172
62037 15370
103313 94395
4615 65739
54938 102732
98906 24060
35542 21450
55228 34774
32510 61499
14202 25151
54312 6422
29838 95037
50936 75759
27947 65327
25756 15943
98030 99769
6527 103793
35607 49511
12158 24350
8114 51391
50969 95979
28749 62065
33553 41719
44978 17044
22029 56396
56111 33275
32379 96530
11940 29262
103481 101693
18998 44227
40960 48405
32661 15300
78478 85579
60904 59024
41384 95495
29122 41950
74463 91430
101577 13816
95480 93460
49922 11848
95244 32691
72754 60582
69800 97947
38206 4789
20737 40724
102670 23737
24512 84177
2672 21603
95217 26108
7655 67771
105695 31022
84772 59484
93546 54347
82869 69415
84652 89466
25941 79719
44520 74067
1205 79089
40612 23393
83120 102621
70 50995
56692 58261
3662 94423
6531 36352
47880 73549
69325 39297
102138 4658
49283 82432
53961 9448
42760 28483
53241 733
110188 52450
83264 92159
14517 95590
67748 19193
62621 44873
40799 80227
71324 14552
59665 55504
67574 94904
93033 94820
98559 78633
64169 112088
109553 83551
8088 46787
90207 47760
24768 92216
36136 16275
55288 47257
85288 36810
32505 46768
87222 17671
73462 91088
48235 14926
111172 82312
102394 81104
91155 17804
49362 110576
15627 46771
33399 100377
55572 12489
108629 113387
13237 60344
15919 65868
91965 104568
111528 113099
102940 23501
75502 101826
15995 106952
16356 26926
53281 24178
37504 40433
57839 4418
27462 20460
71578 53383
25001 108722
74010 14372
78593 73578
73427 100642
101771 63015
76504 15838
84809 75889
54144 7151
63072 28769
99378 56491
30277 29883
57338 109725
84397 81789
99104 79821
20479 74143
106177 113395
37992 31775
45192 59515
106159 59857
30286 93390
108276 113949
36108 14959
66372 97577
99405 70465
94799 15303
62133 109711
88373 108219
92854 11838
114162 60413
11244 115021
111058 90379
18546 41284
12395 19997
82284 47311
2964 16682
54862 64622
39877 38722
119473 21009
70093 76525
19531 73244
16140 15490
113275 108323
73752 99558
40525 35701
95214 110487
87330 81679
11964 23972
54108 107242
42997 57051
2407 36364
76785 70672
103958 110793
99998 42830
113395 19748
87519 8833
78510 56599
11420 36401
52575 78314
89055 100692
92712 112233
110658 27753
58893 114872
68056 17919
75568 20938
99983 54137
3012 72380
46810 99187
81790 99576
111821 118407
62635 15682
22388 53078
66618 83194
103055 17077
83369 74031
105406 54442
99274 101832
33729 124125
95514 112756
5438 115742
50158 106000
6079 109837
52194 31608
24476 44025
48179 3075
49484 50860
96887 10997
28387 2678
52400 94182
15440 106236
89602 39345
116437 88429
24172 31547
91434 39609
26502 92034
8320 106620
105222 74286
78475 63005
18670 117664
87662 30732
94872 37959
11724 95639
18663 14466
15154 19835
84090 41153
82144 101550
32278 72488
82131 19552
90208 325
98815 47085
66247 93520
124227 32228
105929 39272
56781 68248
103570 17049
106950 14336
113940 75224
95625 67093
51169 83383
49034 42901
26347 62066
61049 39024
24195 97863
30012 16216
58778 107909
89663 32566
73436 111723
40518 118573
11426 85882
58438 79530
36132 103621
112834 80529
102491 78422
30416 83129
111035 8895
34628 93076
72233 48596
113234 77834
49093 68464
66170 34512
61304 15728
112017 1996
98760 51536
63678 74298
30334 100141
62408 115894
86689 131939
65188 11226
128885 82573
7926 80048
114526 70217
66881 109171
1766 8168
35124 8778
89986 85722
20430 39766
66681 105866
39381 130481
77039 115749
73819 102823
18964 20147
52351 47495
52814 133784
39251 55169
60802 70211
2933 126538
74590 1899
38455 71490
29226 85825
78268 104352
32372 22914
41593 10611
13738 66151
76736 37347
69010 39716
52129 135221
84352 6275
70129 76520
97089 65135
53034 28615
121343 7249
24172 116964
103353 90458
67144 33648
116291 75635
94656 23712
3913 108879
44235 114237
125989 132034
108591 92344
8592 80912
117 132375
34862 109508
32995 54057
36786 8604
52731 29526
8775 54076
6914 25982
34941 48222
25536 53073
93310 33501
30947 15790
83500 70328
115242 98731
37978 106174
784 85680
20047 39383
25781 29745
73443 86945
127863 30013
4643 8830
71544 128578
74198 130332
11241 78839
31835 68450
47277 10968
105987 133952
77359 11734
21939 63921
5790 75813
134669 20102
102482 75840
92108 63877
49295 135033
31321 83930
3071 36215
68489 71033
12755 70642
83782 46107
46939 121324
564 17836
117092 20383
139985 125192
11945 99452
112612 13589
39925 121878
45266 30536
114653 59398
46993 132868
91555 24368
3628 121260
74142 30643
142118 52586
23467 132999
66210 108894
63603 122206
618 34512
94847 41360
118245 69890
109938 66013
9347 81746
115317 27344
79204 55073
68258 83011
120244 107870
44189 131166
59670 11629
76034 18171
70588 16533
64786 59418
103516 74809
121361 26357
141006 48008
68556 83308
42542 17121
123753 104544
108966 49157
119745 82933
40122 145245
101793 108843
15704 119678
42661 133654
113369 37519
27955 70834
51670 62948
71776 467
142050 109078
24410 73168
65016 33450
36055 18960
35376 126638
135423 139831
130130 10203
121992 46228
51324 40116
110550 54418
141576 134202
17446 65874
117134 89641
124264 90400
88512 36127
14681 79272
123258 75824
3568 136290
68427 25091
45777 16352
124241 95688
21373 33927
7363 114301
17469 6962
137408 67114
4752 22302
136177 120972
146412 53819
8459 125657
54853 40319
38508 147194
2086 111973
11830 13386
134603 103779
82764 17895
84766 137397
47686 87183
120230 146389
135544 23887
90571 147073
114469 32690
24764 130846
44938 120904
16533 69183
144506 95356
132502 81130
7544 12089
125713 105050
15600 75096
55656 20699
142618 51994
148791 97202
151999 88271
5722 143804
143994 49484
129481 62947
121984 56013
46860 64925
92013 51189
59596 9835
120926 51721
87391 140397
43890 112941
25287 59625
91181 42880
87238 126279
2675 34037
48257 122903
79609 31028
139458 75102
90022 90503
60109 85394
149795 111054
114780 25260
9070 153763
32494 134759
24485 153516
139745 110966
3880 143963
14554 110732
74784 88434
138206 154651
11311 51643
17987 43822
52141 116850
93766 3514
60404 99789
40032 77617
39124 43776
110251 63890
77394 106131
90752 2674
90153 80191
149196 102844
75392 104162
127202 87424
19302 55997
145992 41429
38890 119800
149069 88836
77193 99740
474 124402
99091 147445
124118 82737
155626 104470
72415 44552
67158 8719
77119 68341
55906 30660
12719 117738
107923 78686
88105 34894
117682 5897
110884 83614
121349 108381
139116 27596
95253 153222
67843 133776
10353 50062
106406 98641
71438 118511
99661 120483
63171 40756
81658 66766
115726 68649
130526 61689
59635 44517
126361 10121
18059 32584
11930 24472
62757 27005
32403 63839
16395 65146
103641 45234
156991 144163
37809 38979
105335 94567
123162 153700
93797 132235
109498 78851
34607 111133
160571 123563
29184 27902
98678 66078
82414 110477
82650 67338
27326 44588
74478 39996
125949 46922
24962 125481
70042 32595
3716 58834
68819 98708
32975 116262
102300 145480
94047 74330
45688 121143
24217 72888
2372 149499
71034 111868
144000 134838
160370 27506
61346 57690
103803 109853
76597 156668
114350 42259
138612 90471
92393 118507
114792 160949
19295 64435
123073 110647
118035 126637
28204 24007
27428 42852
120404 50995
151682 136874
48547 7182
30323 129449
122984 102657
108729 1256
18345 58065
2037 162103
121587 113955
69591 60152
16321 50548
142982 152535
10214 17274
22318 15271
10820 161497
26648 67980
2923 1017
19572 156500
106038 103596
2734 52686
156360 165392
23372 120682
163553 151211
147388 115149
128717 110794
85161 68902
125994 90503
88686 14954
34552 140506
44801 26911
74322 127326
104726 140890
100405 84426
158251 27229
88540 120783
43073 162334
43368 21094
61791 55272
25698 100693
58872 29326
7224 164532
106166 14579
55178 23062
138364 26170
26680 66416
7213 144066
119688 132122
137403 144800
98327 65452
131835 148127
89686 116603
88169 120474
109552 135380
87007 109306
56067 58367
49725 169394
106748 160696
44281 169918
65271 82706
11314 101192
59034 110887
44762 86837
9740 83543
65806 170365
26578 149717
78704 2711
98739 103904
80136 48523
146281 67627
23137 35840
132732 100054
25400 75095
52467 60087
108736 106662
156871 94612
109489 28786
170552 86718
32243 98328
112111 45639
55513 24016
87025 92799
73533 145232
115349 11429
46157 58485
164711 141775
162519 7764
99842 20396
166087 143591
116091 57808
172004 23580
23266 140799
73237 46017
117792 147027
73739 63475
159130 66982
4570 158871
161137 59799
22014 121913
139247 39511
50636 151703
4425 84944
121102 102353
31689 44276
102895 167764
59300 87468
26782 74240
110271 70645
131521 72527
43355 127322
966 39047
37664 42438
133087 38597
44048 158386
128301 49022
25627 12613
10499 156173
33182 124953
95992 155446
21325 18367
55100 153254
97397 55306
62039 55512
98521 100771
70821 17895
153866 147409
141914 143419
134104 150255
36791 39911
97917 167570
176634 174205
96831 177439
84697 65662
131731 37359
80867 12980
1110 41985
95619 147589
160244 134099
36202 26732
51990 49406
177296 153291
60974 27465
6658 122274
112875 91604
87549 68598
174185 22161
86649 92530
18479 95386
41407 81000
118676 158
171599 25538
144745 88516
146465 104266
66206 25567
12558 99208
37990 31509
88277 88771
140580 177571
50852 32206
47773 161274
32451 152845
166742 5624
181279 162991
40192 84161
102499 148375
63638 75645
17051 146927
51560 17999
20397 152913
121325 66857
106844 74591
138907 135098
20305 134786
64982 1371
80225 87508
3533 25151
145026 8863
89599 74702
34844 92469
132897 11854
30403 72923
108532 78651
140239 139434
157993 8597
69223 2684
126454 31447
79991 38983
138883 124741
67209 182692
90730 166694
31799 171016
12122 84810
63773 121451
18772 125183
104554 100123
57122 124021
79681 60513
137546 46120
10614 26049
91123 122527
40538 46178
62587 159131
81233 99676
179110 114734
67776 70839
23001 163782
95318 116770
94799 143200
60389 107049
77678 132172
107520 121263
49428 78203
161971 15556
42533 25112
23679 48661
1847 83180
187803 112832
105774 19710
154572 153686
170617 838
83063 19810
66427 137505
128712 56916
142938 132043
145913 73749
88512 155663
18037 155402
71184 66888
154428 180608
51618 86813
15352 98355
112666 42723
7691 109515
116604 36538
147125 73778
178309 55754
182735 182289
47673 189696
47025 68997
32076 161799
133361 187495
20465 10068
17097 105871
23971 129425
81860 128708
161536 4388
51286 124871
94529 92085
39975 167709
113969 57007
47094 146624
102412 60958
74085 22158
189605 76453
88517 44903
178192 41609
140360 67851
124154 126796
99049 46823
26049 55436
163316 78002
169349 127309
143234 34881
13919 180605
119167 68790
45414 33091
194593 25134
170553 193210
124808 49098
25994 108709
167640 187419
24126 189030
191158 154358
143942 166276
96655 162533
165543 115547
126135 173415
147554 594
194588 25902
8049 80525
130417 61160
183150 3498
176634 31063
129264 42613
129648 155621
62452 182535
29554 7188
40481 76286
42905 41539
115178 168380
152252 139985
91595 103416
113404 172772
5768 122331
190502 196153
189118 191489
64879 186760
5248 124156
91561 319
28478 7973
44483 96087
1753 196424
59764 97764
106892 22657
47634 155489
60453 24104
68988 172277
28892 169180
95439 163403
75966 55431
49014 182817
193683 41051
127863 20281
66296 150135