1 10
100 200
201 210
900 1000
5 5
59754 60242
353336 353343
665661 665863
795320 795389
229764 229859
677655 677797
830122 830562
735660 735806
270767 270795
129287 129315
17216 17568
563926 564097
489343 489844
709177 709178
624367 624486
273209 273590
424678 424680
513487 513759
219194 219522
257609 257656
678478 678972
778042 778186
493601 493711
105649 105666
37153 37518
95411 95785
1227 1688
264465 265182
585222 586091
640555 641283
566476 566613
907748 908056
902560 902743
261461 261503
145708 145751
403624 403689
676409 676481
250366 250407
487540 487626
619453 620061
756802 756978
859819 860505
45633 45909
147276 147329
756721 756756
102242 102273
164665 165197
748873 749241
596339 597017
277910 277958
71656 71699
381630 381849
664731 665045
927158 927899
193235 193349
646072 646111
517304 517488
620566 620637
939870 940637
857151 857301
75214 75655
837497 837674
775186 776014
101625 101708
384822 384855
917519 918084
997405 997449
390372 390507
382078 382082
660389 660471
45496 45821
613931 614628
289341 290069
320974 321081
381739 382015
255110 255520
250145 250936
533148 533174
132460 132483
599351 599517
614573 614641
56597 56643
584915 584949
180930 180944
408016 408173
119692 119712
44506 45069
95785 95869
32456 32467
270199 270238
392189 392661
748020 748063
84813 84987
804525 804827
572145 572241
565530 565543
906052 906857
662885 662950
764315 764545
498852 499009
474031 474195
512297 512718
919883 919996
47247 47352
445732 446159
685527 685897
737018 737758
358060 358198
103071 103472
775584 775786
744289 744984
822362 822496
307251 307824
381640 381698
420247 421041
573973 574061
96471 97000
461357 461433
734257 734688
38718 38962
315779 316018
754244 754296
70027 70056
538631 538679
186871 186987
264751 264922
95827 95827
700816 700830
508946 508984
147178 147561
809696 809703
21322 21354
602931 603077
468336 468365
41152 41184
474656 475127
303908 303927
577608 577992
16079 16482
677408 677958
627511 627810
516948 517134
342666 343068
992056 992135
204749 204996
293505 294000
920312 920490
144439 144759
19847 20216
436791 436980
663694 664364
473471 473957
886531 886766
263795 263965
285797 286014
528557 528766
265903 265936
680391 680656
896060 896088
501406 501441
459653 460169
57549 57562
622818 623000
618733 618749
594981 595225
861379 862162
905994 906051
230674 230946
979246 979253
230271 230347
332971 332984
13874 14361
5254 6026
22103 22336
849210 849652
544223 544255
269071 269176
949579 949635
108109 108671
385029 385329
849011 849015
323028 323115
683898 683904
454200 454233
141978 142335
412007 412074
272437 272487
495440 495559
778890 779026
363180 363355
64588 64690
228032 228135
310381 310533
227540 227585
662772 662887
738908 738938
710590 710740
915740 915934
171978 172326
212071 212490
647431 647596
673595 673840
806693 806695
460102 460564
759579 759654
436303 436922
578542 578715
563515 564266
153275 153591
456215 456717
562176 562289
752347 752709
294176 294259
219065 219367
364248 364521
334605 334736
659083 659118
646113 646277
111694 111708
510126 510332
892379 892381
178458 179091
434025 434052
497621 497854
588222 588241
75421 75436
21568 21684
855948 856067
268814 268845
348639 348986
732628 733160
670803 671092
729508 729995
198337 198718
484807 484856
780235 780549
529051 529208
21401 21443
469002 469251
872385 872448
414177 414619
299495 299764
836250 836770
71726 71824
157300 157597
343229 343455
519332 519335
584563 585070
876114 876316
324558 324568
307961 307962
965030 965496
27880 28154
896642 897089
726342 726546
695344 695479
847670 847788
140562 140773
22888 22922
217246 217282
822442 822946
170632 170973
104828 104964
976402 976592
804466 804936
193230 193398
241994 242377
844507 844696
190606 190628
207133 207398
353958 354099
262436 262872
485172 485439
716001 716453
259085 259122
121216 121508
651407 651776
786609 787174
840508 841042
320363 320396
688778 689119
97716 98443
44584 45047
277574 278234
731251 731579
892091 892736
502695 503335
84152 84500
551302 552035
462156 462836
885120 885159
667871 667895
463296 463349
3574 3578
576131 576536
976599 976737
531902 532063
993994 994349
962738 962758
205199 205529
428717 428827
754951 755040
256510 256611
689663 689752
535828 535830
224344 224444
932313 932343
780297 780302
189673 189676
548740 549093
550804 550833
759550 759594
150271 151081
975873 976402
165707 166459
990320 990346
893451 893557
162501 162956
918280 918688
964230 964238
284157 284173
85750 86128
218773 218806
176641 176713
354694 355399
623325 623584
236441 236687
786751 786960
147885 147922
364236 364458
61987 62003
427765 427840
173649 174300
376535 376688
952286 952607
821059 821166
681321 681550
533594 533649
654221 654448
900909 901155
404471 404635
402388 402484
908991 909395
33363 33889
904841 905416
723209 723377
737629 738002
776812 777081
820857 821038
666549 666590
495612 495779
65758 65772
288622 288800
524061 524363
793400 793778
24918 24936
389349 390086
753202 753214
610810 611257
318132 318161
787466 787841
964278 964289
643667 644198
124394 124416
727555 728381
782732 782772
511885 512016
70265 70359
256326 256437
919314 919424
607023 607426
727729 727781
384984 385115
801415 801588
822337 822347
296777 296787
568401 568407
99889 100074
152236 152615
139792 139856
709425 709427
773816 773868
549114 549592
64064 64312
29103 29348
588798 588939
36745 36840
863533 863829
958892 959047
230272 230696
204947 205542
749598 749669
3887 4017
119619 119855
657830 658630
837582 838098
408955 409252
845394 845640
305375 305756
561209 561488
284508 285087
735800 735970
112370 112612
144163 144281
584427 584858
758633 758780
162254 162407
684288 684353
463602 463753
997865 997977
951165 951192
955719 955859
688627 688914
559174 559195
232089 232193
971739 971871
478920 479103
917194 917256
615506 615890
676405 676509
155203 155237
60413 60532
934369 934609
111646 112242
940697 941045
34341 34446
482847 483191
188899 189146
258431 258453
530897 531023
661 842
74599 74625
406469 406811
606737 607220
174698 175032
410131 410373
318646 318657
392218 392550
819907 819913
276434 276456
662710 663081
667698 668012
204303 205010
542964 543172
945712 945746
962617 963372
849744 849747
67305 67798
537578 538178
181309 181309
439199 439424
615552 616041
113154 113275
354128 354371
361732 361739
918334 919115
650064 650151
491651 491833
50798 51356
342770 342782
7145 7294
354417 354628
348289 348804
498413 498446
190722 190731
256355 256724
155921 156066
528684 529300
759123 759269
191719 191786
596611 596688
208771 208826
691414 692097
766328 766433
522932 523304
466073 466655
979210 979363
23053 23119
903717 903997
857060 857181
184462 184561
730576 731078
130838 130974
203665 203703
675575 675983
648981 649341
938790 939261
808639 809202
613929 614403
892632 892634
457437 457804
808065 808111
270379 270581
759023 759171
320129 320344
526739 527017
717454 717555
787312 787830
228551 228559
388755 389026
62204 62407
878499 878760
623058 623327
580662 580687
180274 180454
952579 952846
224069 224163
738290 738501
47513 47639
946085 946549
638995 639124
853539 853874
753459 753595
525589 525856
689263 689879
285891 285979
433214 433546
804471 804472
841902 841982
999740 1000123
550749 551624
543295 543444
931467 931519
943458 943618
818427 818894
962569 962939
831727 831763
637781 637788
570043 570337
104351 104444
681881 682339
794611 794832
371532 371634
270641 270872
905332 905532
333858 333968
985437 985550
224133 224136
907044 907529
565764 566558
362092 362176
611929 612042
304962 305158
520171 520174
111107 111116
820191 820523
722763 723065
451699 451822
334210 334690
874094 874179
258856 258969
232991 233020
139071 139220
893014 893834
601479 601510
712268 712418
18909 19251
958340 958346
230485 230772
934429 934491
54212 54291
442903 443342
825738 825986
361211 361544
341165 341321
737285 737518
464253 464320
926028 926250
857825 857916
934814 934842
458620 458912
876645 876734
280300 280306
183871 184350
142260 142436
919851 919876
592929 593017
919865 920158
666220 666227
78596 78616
486831 486949
740435 740635
258795 259040
135525 135954
895472 895472
180197 180607
321757 322217
193732 193932
783728 783762
306063 306275
122517 122535
4663 4744
38154 38251
598164 598311
822801 822980
169563 169663
939779 940117
173620 173675
3772 3857
361551 361624
617656 617671
64414 64947
433914 434250
236801 237469
782289 782840
419901 420082
505036 505675
468267 468274
697581 697601
409430 409443
121036 121300
122060 122187
713490 713504
68701 68722
537321 537372
520255 520924
264508 264845
561839 561887
715777 715957
758995 759649
963038 963817
745754 745850
926388 926494
137614 138450
720688 720875
715393 715396
321010 321061
733669 733672
209016 209042
70780 71249
1726 2534
841043 841080
214976 215018
984687 984823
677704 677704
169911 169989
962628 962648
443184 443404
798610 798904
546031 546744
2853 2905
62884 62946
943539 943570
782735 783509
451614 451675
813933 814006
863761 863991
509484 509824
337941 338159
592269 592371
600074 600383
581384 582189
960172 960369
804792 805188
440070 440332
305446 305645
252180 252415
290542 290904
889287 889318
835949 836427
96100 96478
323141 323254
356418 356476
79303 79962
209714 210251
483889 483914
523111 523175
447146 447784
649528 649626
335471 335539
666956 667133
58519 58778
33307 33971
675685 675859
181287 181577
649197 649223
361592 361650
857084 857632
325712 326118
150392 150587
928490 928528
733891 734134
367427 367811
892813 892866
435256 435433
119056 119112
450065 450208
19710 19870
183847 184271
924952 924986
540075 540628
789747 789885
755264 755266
8497 9093
290721 291068
987637 987687
83694 84132
344197 344264
113312 113506
47087 47254
557672 558122
795665 795761
714693 714930
958602 958726
223025 223755
637054 637714
561044 561074
572679 572709
996811 997207
668772 669035
855703 856093
325468 326245
788967 789219
97017 97184
360393 360593
167188 167192
33715 34104
789512 789778
345505 345508
522350 522852
196099 196319
406911 406975
934898 935571
112531 113148
299185 299201
354518 355395
769220 769298
324806 324855
832869 833125
460594 460803
663915 664448
589813 589906
431329 431492
70883 70894
850234 850644
558263 558538
781842 782205
400808 401173
423472 423955
829514 829979
521711 522053
44199 44410
831278 831421
303069 303096
377876 378255
3587 3705
953528 953543
352355 352456
31825 31869
621937 622850
630652 630897
861994 862144
315542 315859
829788 829907
34965 34965
159770 159904
818117 818555
243203 244076
85272 85463
872622 872956
683803 683984
639491 639881
433418 433604
727944 727944
863992 864494
982966 983337
110347 110559
503510 503641
325097 325126
752902 752910
901064 901152
1580 2072
409201 409259
959767 959865
952077 952094
988516 988782
529652 530087
620935 621094
63246 63354
509477 509513
76129 76618
695289 695838
601217 602027
759616 759666
410235 410575
46607 46873
645546 645612
282060 282095
501475 501937
188929 189093
362505 362621
677640 677996
300716 300757
372570 372828
191909 192258
749797 749800
778959 779360
205522 205887
831139 831600
208497 208561
712888 713326
227699 228216
524861 525373
517471 517514
199306 199721
430306 430358
249225 249287
695443 695449
297275 297312
958808 959729
44856 45300
707259 707322
497569 497669
844732 844803
483053 483070
974715 974722
585164 585229
957187 957391
269917 270012
531021 531117
535525 535596
261074 261108
722201 722368
570668 570682
308987 309477
502779 502884
282253 282750
288307 289005
349242 349821
549148 549799
137496 137546
759129 759361
98877 99269
188219 188447
761223 761247
255503 255802
195412 195803
342320 342352
960660 961022
926810 926812
894232 894567
690410 690410
377417 377454
36518 36666
968144 968416
302413 302801
941714 941873
500702 500753
357018 357817
564115 564553
768611 768615
871134 871227
126205 126228
600439 600836
881205 881252
277834 278135
877041 877221
568539 568882
654303 655081
295388 295591
506852 507045
774218 774227
495660 495858
146952 147304
754078 754223
916085 916085
998672 998761
343260 343324
412178 412820
411199 411362
728551 728576
12120 13063
506684 506770
571888 571982
912402 912487
775663 776231
847250 847605
992638 993032
174467 175161
979529 979664
732765 732938
779217 779237
174822 175103
192254 192878
811954 812384
750918 751093
643901 643951
980051 980064
144977 145048
532977 533432
19688 19947
580990 581303
720810 721532
75210 75472
930500 930584
393875 394072
322674 322685
858421 858812
791286 791735
494145 494179
676075 676884
162963 163304
249735 249903
229827 229985
236552 236637
735099 735187
792260 792449
737583 737771
546157 546165
255911 256549
438038 438802
173571 173978
530476 530805
491848 492485
854980 855762
89016 89041
636351 636436
342479 342530
79397 79529
463116 463137
413673 414103
40592 40770
502844 503710
491057 491132
696306 696663
510799 510948
88070 88328
770346 770644
105214 105355
656649 657072
945415 945510
347967 348266
543208 543355
197531 197619
238644 238783
438509 438518
357162 357204
278226 278343
275675 275888
36315 36715
915973 915978
386377 386542
361665 362065
560259 560333
420255 420507
508916 509461
687487 688045
430553 431005
507091 507161
862761 862762
954989 955068
454928 455582
549916 550328
25152 25202
31397 31855
39187 39361
804479 804684
865673 865914
713302 713370
238261 238638
169320 169561
822516 823057
452481 453047
399071 399405
584814 584998
943908 944208
466317 466782
607422 608248
572576 572624
685826 685877
766084 766800
748483 748646
116822 117491
474024 474700
725594 725650
712337 712960
129739 129943
639510 640037
10629 10993
472539 472568
82153 82216
49105 49231
576272 576494
781161 781189
766310 766604
836793 836936
290326 290431
774678 774708
472462 472486
827720 827797
186243 186280
904405 904502
172713 172724
602153 602299
755083 755421
881640 881685
137102 137860
22368 22688
484343 484901
899736 900113
