773920 77428
317061 795626
712838 930454
618497 552666
835139 372913
582709 149429
162762 115883
339121 108542
349596 408899
551616 204992
5214 843106
764900 56251
824997 344991
563318 773523
175017 652089
303736 577844
183790 126880
896458 875658
630791 899653
10538 286002
124550 835559
776771 53986
297129 777622
561422 715166
76669 418580
532607 665458
270930 59657
254123 61760
887335 514849
790135 232460
447225 801573
351694 310943
382928 936588
479114 708838
299878 679195
334406 535892
724688 790735
364346 33698
43425 123724
583949 104758
311599 833629
730173 643799
453572 758257
917894 689141
597561 371658
383373 116922
399722 741726
607207 260075
959471 343815
858384 772988
16463 887159
276484 821420
697839 971124
637696 892087
926581 376955
625482 224945
388638 920346
313756 386456
917152 307581
637312 40735
466593 566243
431603 719487
351272 341388
767546 656130
488649 223050
463673 227491
703803 866534
818995 923985
823553 138557
613889 956618
723689 466784
865816 341057
919200 857348
255943 722961
942828 239004
487372 812498
751005 378549
234543 696023
601409 299231
110473 825968
727743 608311
181529 100439
938649 59339
261478 992189
936022 430778
399214 767884
818608 279948
226715 764029
870015 599430
856898 472901
27540 545886
960863 707667
25347 756895
415245 684347
605306 605782
350663 805518
771893 736754
524838 802969
72931 523181
528289 714844
349711 464530
896110 840130
728706 719501
45562 10959
489350 434444
624586 41886
836467 273432
570748 133632
447099 112570
803232 901719
187456 292531
263709 236242
70181 175150
46405 876708
95721 338379
18490 614671
352882 566311
442 137538
207279 776833
672087 887808
495861 89000
605489 703691
462614 306731
275202 611113
866546 575947
345293 263766
848717 162694
438821 718712
599943 803646
498789 827758
688688 887082
954788 318284
247692 696422
457994 290252
489878 114540
72203 885683
623522 865141
843337 975972
913941 845561
313468 329596
856008 534102
658402 197027
389220 986518
737409 991159
791328 492937
292122 708715
537460 989483
220294 356324
870859 457990
587196 729307
711451 913643
679685 909441
430341 514831
146963 70940
1702 644818
711688 64707
342950 877321
220997 861581
665255 273361
397775 581425
242833 24038
648857 711226
931314 916072
177951 383979
31237 948703
927802 22119
720945 248995
683321 814835
395405 169413
232179 253531
113311 472920
563858 840963
996445 538984
216170 723327
11355 174409
718644 816702
444512 773305
964058 377311
445471 545711
534312 906933
892695 438605
470901 272400
809589 664346
345917 353770
16139 940405
686670 511678
349591 817219
871139 87272
801199 865531
963671 975084
561098 79162
73236 965268
807862 999323
307176 815103
503035 579623
339578 557037
965040 488287
637949 751329
877978 36413
678329 427054
360497 151348
51254 61547
905761 779514
913071 777973
110165 245309
514883 793659
340993 290789
684770 540126
817266 217315
866031 932263
898205 197762
724808 168857
397837 878066
725422 382615
937179 245640
211846 677028
881532 316209
155825 828676
584611 210344
58327 948590
428333 171253
321976 562904
81800 843048
737174 118238
596421 249873
168818 916725
498291 936111
68831 153109
224480 930592
333788 640948
881616 802546
867752 934910
638150 655939
127453 352600
91110 968353
367595 939768
73084 563931
211286 434783
458407 691530
274082 906118
295437 926414
452011 19304
96745 622911
744117 196420
616563 908465
316285 714125
837238 414332
418553 203587
241050 852929
257367 215396
708950 749040
807700 824570
515066 479766
690177 78397
558738 139946
206787 682217
737893 709540
341850 312717
64390 411167
685081 246429
549561 916590
324141 170679
158345 861496
633013 599840
684374 39695
517715 159538
688500 995461
298819 442438
602435 624084
606774 367625
400566 641921
781301 110418
442154 515990
882389 675601
225118 148323
899738 446270
333270 138534
697572 303425
381492 867852
861161 885736
666882 694045
901821 20715
113228 178831
530855 519567
9374 18857
354602 486668
983476 981116
800191 362422
877137 241391
495425 197900
481909 231659
958253 499439
401245 832931
334638 660552
61380 257794
262045 241218
29220 668293
855097 23186
96884 32552
97960 417404
706139 985582
474784 918080
742235 647111
463972 336026
570658 721149
161131 369661
215249 247656
798334 310945
683001 226281
436512 803389
234334 505847
856663 604349
877038 329043
864051 546307
827718 973417
173014 24
217296 198790
833390 721686
818811 7056
319796 229448
290051 356100
867979 544465
739592 552058
331458 415060
138306 903650
118921 586989
279251 400415
321135 799261
991503 578284
816232 3722
481223 735797
184964 330765
202458 11086
783331 264052
339499 808084
737645 616307
348967 364512
407490 120793
934343 930483
99147 945569
857612 215224
932555 46104
333216 2900
207438 256405
493885 179118
663798 82342
646451 970555
562134 321441
848474 585494
561739 861472
688758 854117
865914 339703
238753 319201
524931 184977
579904 51234
158458 694769
925717 982079
843482 428755
775642 704388
818266 659433
197849 845876
383181 723397
806390 379108
543292 912951
674622 185970
542453 632890
936232 545653
967866 384327
651518 429679
353803 737105
871486 789641
99585 210062
133771 904512
460718 533591
510197 559634
192758 168432
554523 515403
479262 21771
871760 157491
133742 185318
567815 507463
106598 783934
734760 425666
282517 651714
889549 982534
648619 493111
89059 939414
850454 854721
731309 864239
483273 224628
629681 43636
391378 695667
592531 342257
408288 123687
244888 944217
298497 944163
899549 326927
942541 672187
269786 550693
791452 708903
741728 860324
672768 216519
203485 252342
530587 384787
93828 241142
85439 955844
219839 470001
456579 949912
392329 53734
791232 161363
910892 978534
318613 936130
344417 633723
409120 944601
254575 736563
65226 826892
172099 711568
627139 591648
294800 319377
475483 323433
963649 261390
937225 516077
804293 153906
787470 420177
525620 346857
837701 292878
729691 342825
181461 869563
280845 703107
796002 970451
507898 471106
387878 974551
356267 730114
879682 317026
474144 940947
290086 97554
705664 370195
500760 701180
974477 652676
746663 824589
952281 413410
257878 331005
6828 225576
724301 904172
851182 250451
108882 787000
629796 522924
965873 514793
848590 734822
545316 686623
483689 913373
979661 976441
536083 891243
455316 329259
198926 287340
840920 232751
339964 251231
685554 221697
44530 320421
702895 244744
53732 388635
493217 692196
729226 763797
779784 368466
44942 798659
463685 210193
95044 447254
200218 371663
553275 773208
37232 372280
218687 201615
100654 716950
686584 716923
45096 284374
984169 466413
507743 617266
468073 777771
307085 971804
218062 676508
970545 877117
23059 52930
147084 711486
698487 742499
118039 14907
146411 365456
115818 279161
31957 903006
967038 255521
756654 350512
653086 682840
559265 69387
948380 812521
798571 849050
248400 648806
159351 988446
217200 290895
827987 855971
50849 176400
800840 834662
917962 27539
55300 947030
627179 408578
873339 66921
535467 222716
201222 19398
215745 77526
254817 922020
710918 349819
446947 227301
659835 297021
560257 370833
968774 948041
343890 42248
839310 225537
785114 734557
121004 337233
594649 885677
611798 56302
860320 806609
369161 408852
59218 821442
373245 86896
923106 482207
298200 653162
339047 926607
912392 427186
447845 151654
534478 455933
451016 827774
566909 474658
383076 17724
999388 774659
921898 746066
297232 185719
818496 749466
876762 303723
811749 655655
155620 231666
917850 845336
52332 106223
254761 510894
317737 620657
457765 330420
291771 904761
961214 212389
275475 666980
100073 287185
605971 190890
755045 672695
949573 65220
621982 863353
948085 223944
289350 651035
234057 838539
920237 402205
171731 518333
745746 736053
72951 438960
479980 502317
54858 15836
39201 725557
648297 172936
997147 619406
932780 773111
648399 392600
40821 206086
430259 168491
842674 693183
374920 931894
434834 617573
535133 850496
739738 107510
195750 750397
133350 566989
579844 443383
224712 353793
37483 789371
633169 855252
543093 776624
148706 167759
293023 107778
521424 92438
235640 64857
998726 796867
143870 320953
342257 574780
364932 439962
782703 986240
804312 286996
124082 237277
806260 584558
818032 810313
127991 387104
442559 806120
985206 996888
299242 657738
141226 595602
651971 984764
390224 881241
58768 886956
583353 447082
406393 308946
79537 850454
19189 144223
899003 367496
190195 277801
839062 669395
910010 893984
647959 60095
676597 126438
958332 143877
977419 908131
605116 151295
652785 72858
246915 247796
854880 789456
593595 196623
424486 421503
59501 702462
750396 520134
535562 960072
612904 369646
192569 365926
594773 183553
516420 605477
789219 197716
584265 474049
941040 773343
931032 186987
933956 218013
577923 477874
126130 424603
68994 375361
61148 226415
511439 74610
287020 79550
86752 327185
201507 996495
94440 696931
908456 275167
566379 897047
9140 150933
785874 655148
129264 559007
135822 257855
203575 116829
825789 52292
562082 816123
578226 262884
152218 332251
866137 306222
358838 521516
99443 228277
636779 637485
217318 182603
761696 945984
444840 821558
890945 347109
408000 572859
691507 231217
111486 900168
267495 732548
407124 572604
864304 420975
897800 830000
309171 707038
486638 117033
393420 644897
893651 129504
103360 866287
701228 751174
424092 114260
783264 675061
403629 637204
446743 542538
84653 159030
511035 242408
833383 847541
537001 346251
926508 332758
691544 30043
990708 56095
541916 272031
325486 410886
867799 55235
151766 936593
682636 625453
368233 914739
620481 227330
846156 361156
360354 767326
739268 901186
164575 972750
737179 261823
515410 191692
745844 567186
899162 125644
544647 793592
641017 403315
57948 458644
629042 560290
172889 549782
817501 250233
403742 86876
272166 957442
340366 991224
922801 548666
762177 191785
767218 593227
77807 929544
17724 63012
417568 587169
887672 190077
956970 160098
652818 818803
892371 99228
859983 238172
226746 176489
982528 985115
551223 189863
470601 89932
751196 403309
710467 630590
18306 48520
194084 399171
492819 830918
283136 346435
87049 678883
870526 840687
670833 97362
294041 426264
428910 178318
35289 169853
700889 406735
16998 82795
986277 511901
170413 222824
504019 129993
704562 880482
579973 417989
354731 54494
538335 36620
340284 599181
456431 183761
219453 145851
235312 863442
243109 813387
12427 624049
103552 648494
415001 729910
880843 246535
580702 300049
611060 263905
270956 420553
847299 116491
832962 851264
693350 704081
416288 160361
786015 138796
93221 879006
530995 22827
178806 713220
676417 427212
411241 508531
400485 567815
930428 662624
290470 761369
670785 298166
664818 54139
927932 337430
804357 144194
412114 329127
979088 462654
283843 961952
777235 240368
435300 151448
605066 487292
527564 921625
424141 429173
844081 516222
438577 58306
157346 951012
810646 817903
683517 782896
969464 16717
919149 570833
364904 800999
727761 342925
134059 340490
267082 166405
718459 76369
64297 403546
696109 386746
977548 91644
61911 831733
357289 677296
889689 980483
722821 926350
580242 733372
69279 538597
215203 696019
691079 230809
43348 185097
866140 991268
99033 276501
757532 789878
854473 506176
128477 191842
220294 513918
669404 281514
396514 241085
792136 477261
937360 437146
234086 539549
674446 619381
662332 801295
596552 903347
98224 141713
712991 366440
379763 245265
284227 430970
633690 258337
739789 253193
722741 7475
115580 519465
662356 367700
255701 788090
595027 262950
541458 696586
598720 249535
863617 398373
520181 914294
120513 84715
922985 738411
757752 212112
652557 503437
591585 281160
640345 111823
257492 872144
107326 241851
566701 679450
439605 812079
739401 772227
930766 730343
355613 79438
924287 555341
116855 83302
594601 340127
257932 555202
794997 233702
176762 650460
190086 905575
447771 685762
498150 941978
175256 251547
734929 703672
702178 99149
662536 402230
62952 224591
771488 38058
310999 25774
893914 69593
328161 918613
828992 853104
429899 706426
685807 358332
992412 121068
453924 123829
302766 443352
643789 896107
891570 365492
531145 306516
93603 249289
46987 571656
981193 908667
257254 496062
869780 874141
256819 320658
978912 53668
352418 367484
259752 673989
21581 227844
739713 254438
495433 781615
972986 63040
365069 620650
927049 489224
418338 273373
120323 65958
260795 432224
574327 843033
904435 956699
969197 851902
823372 998637
286209 662057
316368 626546
110617 298321
659749 755742
543592 188912
567198 899249
68257 34730
406814 96847
56976 728606
643124 611523
147949 70026
713089 457728
702478 184144
293327 15431
722915 142829
642167 9218
650569 349244
818523 133996
588798 964501
439318 994693
429973 396127
91659 403222
545076 352687
362878 977316
960431 17545
78038 413774
611992 66230
784105 439169
351387 80058
670053 774908
493837 145124
461269 348223
958637 523710
445372 21426
903405 896218
572465 165017
653789 981171
494521 633014
364182 978515
845456 214903
36528 363784
368222 979208
779258 141498
726095 761765
480343 924409
785727 704268
152952 46490
864591 23500
25606 683892
79628 815588
222929 158549
322416 296793
447989 721417
604584 734085
956569 804719
315374 365446
212052 401683
809761 87924
470168 440930
277565 564911
334431 885085
890131 101029
618295 979254
340080 27225
774250 631874
332800 696604
371118 694114
853751 453763
823121 995213
342037 693758
480170 463233
344219 403121
642756 130817
226214 456017
192926 294717
95694 897280
179427 321698
694467 770810
113829 744089
205521 302906
452474 533282
907605 604094
463860 776653
191087 399951
296591 583320
801921 481771
156442 117414
583578 341906
266470 490898
960953 997615
88684 367565
580974 44433
764211 291538
448947 101719
248567 861890
194829 831451
416150 63212
856020 822158
561835 985884
283611 812103
180865 413009
279734 97155
833202 104514
602545 884237
31142 878569
639326 327831
554770 779527
54331 263097
987278 767889
592775 112425
804120 562070
606394 445002
583869 300336
445216 66001
903316 885596
952327 106199
857935 849261
192912 766784
478044 49714
145473 890915
106576 582224
463170 242498
31624 235804
983388 756399
289431 969657
847188 615400
859459 757375
649513 832235
943295 721394
690887 809635
800587 613849
150251 998394
189119 882423
861443 985627
62842 367153
829630 52991
695833 53730
63403 106352
453888 901674
256036 121871
775612 446325
216465 357986
537854 378510
320526 680277
568078 425397
310321 608264
867718 69814
355211 33686
67859 608515
458966 519319
61352 836384
668095 15350
563751 853834
158129 59198
740067 631609
573843 916882
809882 840737
301514 966808
493237 645354
892692 619928
506772 767475
689284 214632
354140 714642
447882 668034
211578 7924
604405 385917
398137 767312
98534 899382
989742 20827
845248 222005
478182 717685
31780 144678
61898 707617
254339 681586
754943 49193
661261 609024
208778 827218
757346 990878
216897 129630
550580 269177
256359 473488
869543 334573
433743 970288
647656 708397
508062 8222
457490 571233
380306 665370
588226 459199
593757 869192
863880 95987
552211 137332
372931 615346
152263 466903
771626 495147
175134 999493
958504 4124
537354 711655
983192 451230
806843 458516
36268 765876
608962 599276
279370 133985
871125 140910
457899 837870
319516 720683
926167 255325
657874 403376
477913 878981
379855 388251
633463 362069
256246 607769
657744 617968
972705 101471
588616 566985
38737 23038
689844 466313
677139 331459
21254 983652
120686 450552
371333 838219
493314 986457
724575 741112
122307 623463
718083 931092
983575 689931
769808 507944
816249 341845
432905 34052
181410 351956
569550 417857
903969 268814
276956 631887
798602 861689
895497 239932
528207 754740
64214 984468
913918 839762
221912 976890
781472 931109
412763 706743
214513 812174
249014 976576
137060 747929
538088 321358
92194 153267
301641 704291
31949 549055
833393 283309
535739 273014
144978 332136
765890 565572
108403 973709
132385 353692
617092 940944
973088 385718
580816 60335
50193 828628
998847 328300
841533 686121
899560 455722
929808 621862
838669 399203
998224 2942
196657 332694
737056 204838
192384 291138
753036 97566
347511 764632
870563 780522
565713 149329
196488 317953
573514 214847
455350 781116
895462 394132
377908 19645
882344 567148
359333 420287
319110 141294
486741 6796
105859 695380
165579 356389
247739 435653
771017 478352
849559 653513
502423 180930
878911 565451
731629 119596
961904 792989
332612 761533
211362 263590
121276 459584
255832 441188
232998 516705
808292 332616
284609 293292
526413 948809
294137 250572
996604 441718
889751 344278
264194 328854
14321 23485
337056 660585
472771 381118
609146 914690
200174 970756
135615 970892
469483 724086
672794 940537
221443 955925
193606 476618
886718 815070
356498 178390
736404 821769
21216 117845
152190 51295
366112 577585
390142 603609
935034 599886
333531 256788
218763 670054
637205 72174
164002 848089
990207 270466
110050 726509
295527 700093
679095 885936
354536 717160
195336 207078
699919 567819
44559 545848
439085 12317
778273 171210
956716 412736
333631 147861
886572 994482
122585 510947
752612 777751
981984 396934
311161 243730
409879 399172
175272 104096
440568 504169
471851 393929
169398 909187
822080 544166
415449 557822
918621 866769
488614 352937
33991 131931
286537 850880
892329 511033
964690 886079
96151 409387
449566 620454
961501 683674
744655 377162
156200 363960
381651 806085
853644 873916
464954 637076
132048 439937
154205 12936
286626 832351
223951 604441
381232 809690
420306 117395
348294 72913
384431 308635
749331 375465
299790 305288
295484 329789
12306 479269
773530 861564
380573 43099
993327 810104
605026 527636
540093 627218
785689 178804
611208 769731
28397 853767
805341 495926
40465 559239
333028 468599
627947 92560
301355 541372
591279 247978
957284 526134
890002 244468
500654 467186
971367 9841
648299 107840
146634 12617
450589 6184
848419 717872
337966 780455
634013 398164
467791 483719
209324 622881
146675 692415
156515 691887
530132 810979
398627 896212
136211 918030
719367 589215
972940 500
533929 350948
178112 969143
673723 280103
102975 407652
506006 974703
573000 623698
115741 472815
307046 716951
529914 485830
680079 699221
682646 896244
582590 682642
535771 595914
557697 585931
909693 962311
228516 689198
307109 624500
453091 31046
537409 505433
438151 116029
940392 629924
791377 595286
3746 422371
293153 685676
268319 676005
942708 464132
609995 617635
979211 746394
923135 824504
782042 820581
20677 576191
773616 455898
738592 94743
5279 549355
687394 929998
487738 173512
837133 960660
479555 47770
312835 671071
278222 967089
305202 494034
192214 345076
140077 150552
832759 658803
834022 274886
22681 192798
449509 663108
550669 715983
656471 733296
805013 715411
371436 778642
669872 874378
969776 378310
283245 317458
585243 815818
709338 401236
903959 786464
438178 510069
409954 854329
195734 138284
248259 530107
610203 616297
44587 453138
137978 940359
270370 324791
349909 530894
9831 924808
848496 957449
802702 734674
791303 539948
974711 294260
560231 478849
670903 967330
971427 659092
761769 12222
222047 138242
475546 125257
508400 350017
95550 70671
205994 423254
1288 251956
809808 870659
88652 210472
323698 953548
594065 427696
377950 806701
97687 223395
393508 15743
92499 283512
388502 126443
271710 474022
742376 151185
808146 742034
778679 481611
865409 441191
981593 948070
695330 914344
838537 87211
29831 947498
350118 824263
972091 605850
70424 25357
535604 799141
420552 124684
424925 622903
247246 616371
80748 169795
232203 354373
847159 506775
15983 754850
673626 966756
256959 738581
834882 727074
724794 951803
531415 345926
213316 486875
59124 21044
5494 610959
633218 42372
101765 850207
383550 786889
836499 796894
813282 406339
660057 541127
67395 358784
565557 176458
970288 990567
149607 881476
206195 2167
168335 775211
759140 2457
939127 831636
858369 570540
926085 492981
885373 460917
154192 651718
75739 644699
284378 818207
224557 619177
162831 964911
432333 308337
651413 470495
928571 912124
871628 210280
465715 609176
242939 846859
699419 784614
183283 304342
168467 284338
49108 66452
444575 448128
145367 959766
248003 610459
786863 626931
819461 119666
332743 10359
237602 996580
176338 2194
651406 310631
315839 266085
756478 117193
497590 499026
275089 604791
237073 478634
250778 421711
422550 6407
41488 410014
755386 208839
8968 993547
869696 193760
250198 566291
618029 286291
586055 362377
472599 987434
333744 597057
657806 255225
222271 242116
831868 669475
314365 828523
591318 158797
856718 262608
484871 304322
394232 69536
625857 267974
440769 802147
996500 692658
976657 899646
249903 248139
40667 28353
902788 191984
287372 135843
581497 376777
323204 265248
836580 980243
534154 77394
588743 944381
857343 542049
79327 645560
544171 60599
529746 521839
118941 196636
