894265 895200
584786 51211
559830 763859
97004 528966
530836 362250
608250 245800
390571 201530
184928 387025
874265 720188
368011 881362
802478 910425
765372 896821
538551 457675
405807 560182
293739 253024
944153 83051
874337 460239
37069 686974
916040 419764
592530 120825
978666 161926
936756 626947
426387 636101
821208 878781
336289 423870
315720 968124
755095 981518
106897 611302
493071 670627
523901 191780
233766 844333
828198 842448
131056 780438
64503 141454
578950 105107
352018 179237
759785 475577
397343 238859
847500 234297
270453 798808
416188 32835
109269 796757
582159 475307
592650 612727
933320 913045
135263 755711
867631 339287
991750 399648
664012 550606
434373 708908
11342 46235
118351 413232
224793 379653
345723 121455
640351 443147
334927 344844
90498 299662
537554 487410
218727 907628
64205 697871
350037 422911
948380 373866
781675 591996
628856 177388
932535 257856
507905 318378
193795 473400
468207 904702
509074 118709
311544 825510
805436 795425
2879 321137
157859 551746
673915 934860
286003 777765
682965 385593
224814 46846
350001 915646
554363 349378
486194 788790
220394 231777
763555 207774
241555 278238
116113 752515
344266 587263
362583 517167
268474 206187
569876 779554
236447 477276
661811 149606
575472 786230
798745 24201
140943 834868
684057 485124
941249 926423
990173 473802
934117 435841
328075 442136
453940 837993
620778 840202
912295 538839
790301 424223
519397 825341
639327 2595
953909 412755
45806 460817
584929 553021
672743 924906
874650 63975
395000 589438
784630 661414
433653 580572
157652 771801
386394 594222
684791 238181
151816 922790
686842 85014
146585 129068
152171 225235
902164 4620
988068 645075
345701 141228
993536 301809
404421 71503
706892 933787
987982 579918
150208 354469
139165 150545
510562 465728
117204 44235
761603 22420
187297 521742
166239 617316
931019 947954
710973 432086
18455 402651
353582 702145
711910 483817
682823 643823
75295 62981
798437 700302
227136 802320
999030 406796
14162 885906
902948 778677
972085 730170
374387 760645
10852 517162
818897 970739
760654 71293
422608 916344
746399 567977
725446 861358
865040 527356
217796 54884
753032 367006
964719 625046
364082 169758
128424 402981
938959 658469
156664 432347
67396 886017
864429 576474
755213 194667
819066 270406
55098 586315
597099 106269
946258 916556
325425 696685
215611 395041
491814 568517
480957 508812
712734 375249
741471 1169
571533 123938
969716 946298
341644 412765
880610 592308
333129 561477
1342 538127
878641 158744
894431 439415
327429 583397
160791 151467
840805 75603
692588 472454
18761 514405
623106 305261
226577 778703
206957 794629
552745 166695
418691 332620
893189 297917
496796 55074
309441 577553
798591 980084
953824 777287
149808 503638
148621 391903
813159 46104
440882 642380
499970 352000
861717 636022
343584 358544
662219 276296
748404 314112
765157 407247
391524 439105
984300 372388
327938 157524
25586 46910
167027 123787
127299 584766
104522 778352
595342 956403
101861 298936
386301 184519
810188 393872
929484 433293
71676 555252
974870 688456
878315 102068
766581 667757
267553 180894
538141 981923
235595 487813
845446 983397
913695 734850
822268 337509
373488 760919
599014 233522
557366 976320
627310 74852
172824 92143
852819 778576
117320 492790
873956 467477
899567 322901
458438 474539
151125 412394
954886 472587
82517 964270
970982 422650
943199 90826
740941 362496
266181 559932
327459 709275
726131 347476
75937 410090
968148 227245
303512 373658
388015 795830
561989 708352
428729 284624
151215 995176
831504 9048
315978 970383
161205 741118
795040 445933
258143 854011
457735 246481
891229 716772
28121 916090
588201 177684
441263 540002
406079 110186
433967 703772
2078 806358
337377 756519
624285 81480
456765 420767
402397 862158
419867 989907
357651 483027
953924 158350
597527 792458
999933 226829
822944 582064
121080 847830
724476 467126
919475 52403
283744 646987
207519 799053
202322 718845
130168 411329
300564 769625
628837 238090
950358 646967
724670 302248
9077 927444
79019 923770
912991 354009
968788 514853
790606 605025
674236 612613
995221 674800
388210 429340
777001 709746
192465 973747
509864 918536
309891 906927
367884 360202
648880 245151
599762 258645
563190 557849
327590 689970
568358 898632
50998 235378
914388 711050
268419 159762
355567 55158
957523 185268
547630 842007
648427 782273
987816 513202
700921 379547
410159 430315
863664 890188
914446 976622
860499 35525
631976 533365
722197 183897
204483 157314
812832 100030
701329 667276
115581 39211
761602 928509
357758 822119
704343 603023
562599 64342
289598 223283
940680 516522
209488 385450
859673 868337
925107 987502
584168 823145
21258 267360
212058 922558
108400 434312
705962 421290
28643 490842
439447 703010
959081 638759
965361 82470
570223 823038
737969 924010
544786 89083
283638 578279
426608 424186
216502 721442
814770 932865
822782 451262
562396 203598
23542 15596
969416 571592
704510 679231
637084 816096
810988 22357
137671 700929
239899 931424
332781 497001
294518 211721
38455 694607
329664 562177
210102 182311
164433 614784
43900 460817
976405 771399
873141 850595
860732 264125
872357 418485
338183 507118
415708 570001
759751 168832
570338 114302
259871 888700
441881 251939
617543 404402
207335 889662
283864 212434
40462 366696
979072 201502
125143 895524
637955 344942
597150 775848
114965 325435
234030 256962
393203 646610
787116 286882
860869 464987
472563 875401
731230 275841
723142 196802
764367 952301
82943 157289
753071 232510
364983 11418
310156 957885
995002 632021
772592 533048
58694 760652
36485 189765
463718 767895
248140 578141
761815 418146
204591 529387
881717 393112
18091 248740
311662 181222
525739 210236
598296 38981
108143 579424
259170 917815
998887 734833
773804 929185
537903 158964
811845 867357
995856 853486
535656 488596
646314 141945
848963 791972
317356 852947
21449 956246
651654 582561
49186 586408
894035 622601
273799 567487
883818 392216
50065 380140
212830 946807
214968 600106
652940 240323
303691 914131
229214 770395
584452 262300
114138 545780
465512 484671
575381 202128
864641 380736
270236 570701
117422 572310
255164 929936
592876 101698
167513 767685
337349 546218
708146 128807
572631 551178
224103 241539
290424 927774
836444 646142
763208 345567
359473 775641
383375 232680
789965 893210
448799 458421
726926 599123
686401 571224
560532 779162
52744 163310
404078 235118
693304 970521
372348 642068
76112 43702
336017 524630
305028 788394
781555 491793
305907 822410
617282 154494
666444 227568
532154 60323
684179 781899
152431 646150
128151 395316
915654 782877
78362 184161
823845 341810
706932 486757
622138 744558
302902 254306
282626 391143
339919 329583
746901 61361
495644 63275
806869 610366
17725 943440
671074 375381
907173 717961
496211 403480
490638 830514
783025 447112
274726 581721
989541 529817
406790 106794
568721 856430
69052 952170
187457 843493
988723 472936
945358 248959
257684 581913
838496 974999
699270 209797
257858 687898
976132 463082
135294 111390
42130 965677
27264 800719
883955 446508
277665 663962
158894 427873
953589 480848
977085 585826
548435 173559
35741 32264
172823 88684
397100 954612
315682 935494
917575 527507
753599 216949
804539 481135
968707 879543
230863 591015
601964 819291
604651 847492
285660 651059
141255 71099
593507 37666
743698 988101
220115 760984
781070 435416
587388 479990
455128 959623
867938 621870
40715 394065
679737 830716
190865 778790
830343 58740
531365 801047
19021 50692
506979 834618
575711 370776
770551 32603
723061 400923
594017 521854
661650 34237
406237 911183
770012 210639
968696 594416
364152 12573
472846 453387
591015 549044
383185 997085
44339 144300
662995 889788
855894 346128
508756 640349
550576 13654
119724 959337
217489 811717
692259 462231
53355 49972
465691 845269
193757 907966
616367 315753
409913 556020
565846 38029
831870 57704
890074 232797
814466 160496
24001 834293
561302 942590
371548 523608
907400 336451
837415 641730
73653 523701
3721 691479
627012 740720
112004 423039
922782 475827
193182 21630
570247 798874
750073 874717
354811 325138
355769 708409
685908 318912
139241 707188
650734 770463
482340 869349
217635 150721
489631 314027
294308 449612
834629 458104
817301 51721
943290 443866
372147 868364
422592 976584
880670 990113
379053 286677
731565 643496
875443 909136
869105 326153
323947 963823
93202 479315
192107 442697
339651 667297
363164 674587
241556 598543
227514 453662
879312 790568
447163 182508
883739 381154
547891 512723
206388 10105
395239 856221
475429 986975
324348 142257
605491 99209
845050 352473
363593 487885
837606 342246
281459 210425
545622 367308
975662 171605
154137 712413
713819 51764
398411 898992
326638 839920
392856 55816
62740 53876
3324 32812
19038 574243
417079 651047
926083 282374
464242 292418
72632 786363
215753 633361
567660 609
271906 443216
633304 829808
675054 145850
787744 556418
433845 310041
102447 445787
938451 302115
34740 402129
560255 757421
72396 371518
648265 178846
761759 515078
472176 570427
415999 35258
320585 927112
921954 258969
938849 761660
152386 768386
531921 920977
442032 354459
219775 44357
588569 987812
555395 213263
40012 968424
544810 907243
795265 912611
938065 578181
116692 950485
556430 385393
696612 657718
552491 352131
746645 609622
808873 738643
750472 192538
813220 172025
81074 33930
94686 927871
346171 79392
483240 791561
867647 939475
929468 218778
716807 56803
687744 951226
839199 218778
221530 107759
363655 240150
582555 888733
886849 39112
973991 540214
641396 115067
50772 329499
616649 188561
241649 137441
882140 9021
457706 744002
800139 699509
515187 342907
116968 454566
427160 781091
66702 702152
93237 999986
865645 884276
789357 779298
652456 3637
17972 612841
728897 79560
949660 510128
487030 115948
22460 21766
243260 46434
90701 74552
356303 72603
398377 497560
301794 713231
320441 654626
774224 829078
438195 2629
265201 944672
707323 760840
610214 816033
417895 981831
910106 31045
306844 64457
396301 226519
674887 803258
109753 131293
933515 397392
458317 709288
719790 646617
871507 824879
879227 42942
891175 137699
78365 326772
597329 446837
598852 230691
839447 130391
878283 286369
616872 533406
985249 198910
789738 443774
179061 257942
744828 533221
449400 637898
981529 899320
431012 304818
937591 866023
506645 610813
608016 743884
367810 565375
902289 186267
357696 756189
683632 108699
197614 783358
362541 314447
961071 367628
530839 573797
578502 191394
733985 977805
376205 465610
300794 974341
935941 980358
18646 258176
439177 798881
262452 352213
804528 670759
501088 826432
969227 314159
65345 744458
873728 869734
459802 908025
556415 444123
367753 497321
631329 182543
699416 537276
866904 29548
180514 276912
309860 864724
23239 931059
288713 431097
518535 888848
496503 382416
436340 209605
694827 970342
929512 250259
956709 41246
537886 322109
662388 711453
509114 282831
111597 783802
541513 358302
9829 32960
661324 48930
263762 370075
13646 672151
838626 166288
297171 136713
774100 888900
285858 816803
908089 336110
639865 802103
516931 675940
362573 669666
710589 998873
745231 964707
234486 820448
32337 98945
410964 145183
129963 56254
91479 620115
781785 550661
675923 301327
29617 205879
559080 847518
425357 1431
667781 671777
36388 938
305720 591517
858077 625607
863267 819754
608633 599694
803666 640494
608990 516291
478412 9055
751013 140693
515307 459274
158984 23984
414088 995780
163908 117099
666647 267628
809175 551891
902285 442131
830218 688027
234157 709715
513103 268290
600616 356677
346653 486774
363222 797922
899055 292977
376262 944045
329160 535306
217718 100277
781031 702365
533291 969895
42855 294650
209957 328822
411734 764946
736821 328861
449395 93538
185800 368327
875680 282077
909888 718232
324613 710989
537415 553317
901268 209519
765627 106164
810615 105886
452165 312384
190622 869605
914209 189775
522035 351001
353179 992856
365160 932429
960392 260056
330008 139125
817094 235475
280371 458576
767159 328080
816102 647813
236371 825755
394657 296482
712481 257259
304076 436012
825876 661063
180229 627767
252310 701869
98343 153599
880754 911070
672167 607214
199372 695287
585847 169905
697774 402187
359373 947488
243544 463336
201055 664869
985561 118258
461752 761691
69474 316334
966698 811729
517816 630567
385913 776893
545550 83567
204890 320733
898377 726015
40224 271882
67394 755125
506410 745527
830458 223390
636560 680981
649066 146915
36678 578469
854653 905804
496804 456828
315782 780460
587248 115255
188092 140603
265317 579729
439254 577943
380453 523927
912211 653555
479695 734986
461751 30952
129426 811702
371878 341621
277281 90487
909078 292285
936154 790832
960734 308694
555910 649424
375328 355696
837233 519273
848650 912829
307803 576005
928890 103814
170892 801588
160430 727358
62565 681071
972127 631488
196068 698570
959488 796398
774945 448646
444332 485577
401452 992554
953106 828093
546678 444559
553874 537787
343622 934862
208350 510163
788281 630812
80666 25170
926608 573868
532592 258448
374332 860776
936919 25231
831403 314815
120008 665413
707739 607448
233050 180111
354408 710590
207323 437284
587449 36823
429590 959562
225704 271299
196726 823221
33218 644263
349549 403803
479276 442579
787326 460548
690507 492182
253127 487410
471013 171102
548360 84108
786851 14125
494431 65161
779507 750535
133573 111281
347910 925220
657549 498798
115548 439924
924495 408142
568365 238089
352697 711356
293766 726507
732973 946397
701444 5295
286456 170874
992726 249727
620593 895810
702337 711225
343883 919828
183205 951855
209123 650766
450783 111910
450215 83306
240929 965534
438542 999312
307758 991668
522939 184145
265131 685081
489348 492361
400248 719656
830797 768580
441223 161327
520624 83093
308519 625780
733393 188143
919142 849182
23326 35215
329471 112797
18588 603864
138147 653702
397355 762866
40122 464863
325728 767650
859867 654890
238916 302183
367368 390250
666584 209846
232224 586502
758318 684886
487037 729907
277983 13443
191795 982763
877037 364308
661968 493300
810044 934329
191192 780205
721067 214455
214735 342151
130264 463694
8305 531226
293010 408251
589413 168657
531622 23841
419586 23927
700162 586177
65534 614701
760451 2766
70465 597889
731428 255619
702633 355439
773723 103460
963563 321902
452880 936387
979437 895377
333291 748350
420276 909127
448366 392737
963291 515513
982141 743166
677307 311759
416125 810212
654173 321598
18369 950676
228762 690799
781814 29327
189707 189789
23106 454752
659765 364068
917071 684641
309392 896721
554512 799988
718295 818665
381803 162240
671654 983619
538227 218674
365750 40141
902778 449305
754645 36896
740608 389262
314954 564422
160950 213212
881 938862
754448 982135
506751 127224
58413 819226
63262 14886
668011 821748
164799 456095
649102 678408
883741 796356
975728 777487
410847 385561
867136 749943
195197 788931
512782 970928
821078 752938
97278 872334
349117 352895
455571 29907
389061 680069
270612 73696
776927 701967
771897 190590
426769 402370
308435 783759
921354 72651
316112 306915
622759 483750
416972 585746
545754 918302
214469 540429
21985 383448
843648 400954
461884 48989
249817 124189
89828 592175
28608 214808
664380 282422
188846 393401
968340 516463
273925 775331
868371 439898
637137 389376
595693 257542
674750 474647
367950 430996
817818 438577
336427 495019
609878 676451
902605 99466
766864 865697
36296 86606
82415 832348
979290 52664
8698 915860
