4 40
6 83
7 6
9 12
2 15
1 68
2 76
6 21
4 36
4 35
5 95
4 12
5 19
1 29
4 89
7 57
5 97
8 99
2 22
1 56
4 58
9 22
3 40
5 93
7 15
7 51
9 71
4 97
5 56
2 78
6 22
2 50
8 10
8 97
7 48
5 31
4 48
2 73
1 57
4 29
5 15
2 24
1 68
5 40
1 35
9 21
8 29
4 38
8 47
4 28
4 61
3 30
1 2
7 11
4 41
2 32
4 12
9 73
9 63
5 10
7 55
6 97
3 49
1 47
5 99
9 6
2 56
9 74
4 6
7 97
7 15
8 4
1 63
6 15
1 78
7 61
1 73
5 6
5 80
1 10
2 11
1 58
8 96
6 19
1 70
5 40
3 83
7 96
9 71
2 12
2 78
7 15
6 78
5 6
7 85
7 78
6 98
7 10
4 50
8 6
9 6
1 11
1 68
9 33
8 45
9 74
2 32
3 11
5 50
4 56
2 15
7 33
3 6
9 76
1 95
1 32
4 32
5 11
9 93
9 93
2 1
5 1
5 60
8 93
2 93
5 50
9 70
6 65
4 87
5 4
9 83
7 10
6 29
2 98
8 96
1 12
1 45
9 50
7 32
2 57
4 81
7 71
7 11
5 21
6 40
5 6
7 61
9 47
5 6
7 60
7 68
5 80
6 93
4 56
5 57
3 67
9 21
8 83
1 6
6 96
5 87
1 85
3 76
2 63
5 19
2 32
8 45
8 26
6 83
9 67
6 99
9 30
1 73
4 10
6 99
1 19
5 50
7 11
2 51
5 11
9 49
1 78
9 61
7 36
7 31
6 56
9 76
6 14
1 85
6 69
2 11
4 19
7 6
1 19
4 99
3 33
8 19
9 76
5 38
5 57
4 149
1 753
8 272
5 156
9 68
1 801
4 436
6 460
4 983
9 257
6 914
1 460
3 451
1 877
2 438
9 999
1 257
2 64
4 2
9 691
9 348
9 289
8 2
4 580
6 956
5 477
3 210
2 319
5 767
9 259
4 662
7 471
9 207
6 342
9 519
8 409
8 49
2 635
6 890
2 382
1 383
4 20
1 156
5 85
1 632
7 53
5 286
9 591
2 662
5 632
2 238
1 356
2 49
8 451
5 59
2 855
5 470
4 200
3 956
9 342
7 632
9 207
4 471
3 143
2 384
5 313
7 934
1 499
8 934
9 264
4 210
6 313
2 460
7 753
9 149
8 807
8 264
4 860
6 935
3 429
1 374
7 59
7 601
1 589
9 539
4 296
2 384
9 635
8 384
9 319
7 934
5 460
7 409
8 935
3 286
1 313
8 589
9 890
4 939
6 956
2 68
2 801
6 519
7 257
5 371
8 691
5 503
4 460
7 384
6 807
9 356
9 477
8 470
4 259
5 229
2 429
4 935
6 699
1 477
2 807
5 890
9 49
5 159
4 238
7 860
5 519
7 436
7 200
6 89
7 209
5 753
7 143
3 356
7 580
7 53
2 2
9 591
7 939
1 59
9 64
6 59
2 409
9 627
8 342
7 539
6 375
6 901
1 89
6 2
9 594
8 826
9 753
1 767
9 143
9 374
9 89
1 935
8 409
4 914
7 645
4 348
5 807
4 313
5 826
7 627
1 272
1 983
7 2
6 156
9 272
9 286
5 561
9 438
9 210
5 342
9 16
2 545
8 901
7 289
7 877
7 375
1 259
9 259
2 956
8 85
5 956
1 356
7 72
8 64
2 143
9 143
3 914
5 662
1 635
4 767
6 451
6 914
8 855
5 371
4 591
15 59
11 356
32 914
74 53
6 935
98 232
20 748
61 539
40 429
98 374
6 289
40 319
55 210
32 699
8 53
89 229
57 313
49 855
74 804
6 319
83 748
1 753
8 436
1 914
15 72
31 860
96 519
46 409
99 956
95 934
71 934
19 983
35 93
12 342
51 149
96 804
15 635
51 748
83 68
30 635
93 645
31 93
76 939
49 956
56 539
55 589
76 635
6 207
33 589
56 939
10 53
41 804
41 645
11 807
54 210
14 519
78 159
1 801
80 383
63 589
40 348
83 471
63 935
83 939
73 374
6 286
15 580
6 601
76 471
81 503
6 272
36 286
73 85
71 993
14 503
8 257
6 451
40 429
10 451
70 451
55 210
87 296
11 315
1 983
22 143
56 56
15 207
81 826
73 934
54 89
54 503
78 934
32 210
61 374
8 589
12 594
47 589
10 539
10 750
8 635
99 384
73 499
67 826
55 699
50 383
29 826
15 229
99 143
93 939
80 382
56 594
98 956
45 901
1 296
40 59
12 200
11 545
47 748
4 753
51 601
14 645
97 342
40 384
93 210
15 460
45 93
12 374
76 645
63 64
50 342
32 471
45 753
49 580
97 56
71 56
10 93
10 85
19 209
33 499
15 999
98 382
69 272
57 939
71 374
12 209
45 289
30 877
6 914
63 59
58 143
45 996
28 159
97 451
10 49
33 826
71 591
30 939
78 200
93 471
22 561
10 470
38 384
19 956
41 149
57 257
71 356
8 53
76 56
78 451
73 635
71 753
61 210
76 313
60 374
10 470
49 470
61 645
76 356
15 801
11 645
97 826
60 229
15 64
71 149
38 691
97 259
19 68
55 319
35 877
47 801
2 635
83 356
96 645
40 319
57 627
85 503
81 753
20 935
85 89
98 983
96 4207
40 7710
6 6833
24 473
20 9674
95 626
58 9850
12 8868
32 4207
51 3046
2 9133
29 5961
13 6739
72 473
74 5399
28 2289
50 1865
56 9981
93 7235
83 8623
80 4207
80 7356
58 6697
83 8153
6 9168
93 6597
12 6453
97 5235
19 9861
19 4366
97 5441
85 1754
54 5235
50 8153
57 1430
78 1309
11 1994
74 3722
73 6739
81 3118
74 6590
41 5399
40 4366
46 6697
68 5998
32 3118
2 5441
56 8633
49 3046
71 7194
46 9916
56 1891
19 5124
32 3439
38 9674
40 2761
89 9133
64 5132
69 3046
80 8448
32 9054
32 6195
46 9916
35 653
4 8868
67 1285
46 473
70 1285
54 9981
19 7356
36 8516
41 690
45 626
15 3722
71 7925
40 1685
15 5998
36 4933
15 6869
65 7356
73 6739
56 2751
83 7356
65 7356
56 6697
87 9998
36 1309
12 9461
40 4607
55 4195
35 9998
83 3118
57 8623
98 6590
6 690
76 3589
76 7356
96 2234
40 9461
76 1940
76 4607
6 9998
98 3771
57 2289
97 9861
30 690
61 1430
56 9850
83 2751
40 5441
78 1940
57 6476
68 9054
73 6869
15 8153
98 9831
50 8153
71 7710
81 4312
41 5399
68 3771
85 3204
30 1940
12 6460
19 6438
36 6008
14 3046
21 1994
11 626
61 7299
76 4607
80 4207
65 473
93 6597
97 3091
38 1940
99 626
11 8031
64 3046
6 8448
22 397
49 1285
15 8516
10 1430
95 6008
63 9981
4 8758
81 3091
73 6453
76 1754
60 3722
12 1754
15 3839
57 7925
57 3839
76 2844
8 1430
32 7356
21 7475
49 2234
40 3589
11 4933
93 4207
99 6590
48 7660
46 1904
67 4650
70 9916
97 8448
45 8633
40 4207
31 9691
2 3091
81 5132
32 4366
54 4696
78 9691
19 1685
13 9916
19 5235
10 7356
1 9054
19 4607
93 8153
57 3439
38 9998
56 7235
56 5399
46 7194
97 4366
80 6537
22 6869
55 1309
11 5216
29 2761
12 3589
21 1285
81 2234
93 7299
15 8516
319 3589
356 9674
383 9998
348 2844
996 3204
384 9850
319 1904
993 9691
375 4933
999 718
20 6697
409 5961
49 6697
662 8862
983 6460
804 2761
384 473
59 4207
503 7235
594 4696
561 5961
156 2904
149 552
804 1940
594 1309
143 1994
257 718
890 9168
16 6460
348 5132
286 9855
855 9691
939 397
807 4366
159 3118
232 2289
699 2234
890 3894
286 9461
580 6460
691 6833
983 3722
935 6869
939 9981
382 4696
16 1430
436 9133
662 9998
85 5399
855 5132
935 6739
451 4696
85 6869
901 7660
855 9861
319 5998
315 5998
996 9054
753 4607
348 6614
356 690
691 653
935 6833
645 3589
591 1685
545 1309
591 6614
589 9981
934 1994
85 2289
384 5998
699 8448
232 3722
315 626
561 5216
210 9855
149 3722
56 2751
635 5132
451 7475
956 8633
356 9461
200 626
561 3771
767 2751
753 4650
956 3771
143 4696
999 8153
210 9998
956 7925
767 3091
589 4933
589 8862
890 5441
934 8623
499 2844
691 3439
384 6739
143 9861
561 9054
691 8758
699 3894
232 7299
384 6438
149 450
539 7920
477 3118
85 4207
860 3272
613 9674
210 3204
613 3046
935 7710
807 2234
409 4312
374 9831
272 3839
159 9674
264 7660
996 2904
499 6833
935 6833
914 2751
356 5235
613 6614
143 3757
257 3439
375 6453
232 552
438 6590
2 6833
699 4195
319 3722
85 6833
935 5216
72 7475
691 4312
561 690
438 8862
451 6597
801 4312
935 7235
699 7299
855 7194
470 7299
767 9168
143 5441
68 4607
156 1309
72 3439
374 1865
999 5216
232 5399
470 7356
257 8862
371 1865
591 5441
983 6460
436 6195
210 3771
750 7920
499 1685
613 6460
438 9861
877 4650
209 6008
232 6597
348 9168
356 6833
451 3046
601 5998
16 7299
594 450
545 1754
409 9850
159 2234
890 3839
200 9461
750 626
613 552
20 626
934 8031
470 1309
477 552
348 8516
49 6739
890 6476
860 9831
996 6869
632 3439
200 1430
409 2751
296 6833
429 690
477 690
589 7475
855 7356
438 1430
356 1865
