36135 20781
17236 1928
35292 1691
49171 16350
27488 38128
11417 17699
19127 47558
21659 27369
29354 40707
7423 24807
16315 16435
48659 48340
46006 31745
16537 45854
25426 37922
46352 15542
32631 9487
37470 31788
35914 6285
3817 45555
46644 15034
4997 21281
27361 34245
34807 42198
41331 37419
3641 5030
10759 25978
22006 1940
7055 19315
1397 38124
43663 23873
47410 19997
5459 34865
12071 11346
26221 8957
10091 25548
41725 3272
29233 25230
13016 29288
27665 6836
17819 43707
25635 18368
2505 27320
2887 25058
35168 22308
41186 2596
37274 41373
7139 13631
6287 49350
2996 2398
15256 22463
48908 5693
31582 12896
29617 47645
5601 31378
49802 2375
45045 41802
35571 17194
35606 24915
34698 23939
20860 18262
21014 4312
36441 26697
29239 43553
15808 546
14040 32707
22400 20102
2801 27338
44077 28739
7033 38547
16192 6774
617 28643
3716 38393
10620 28727
7026 13757
34594 33146
24103 21296
18388 47756
15184 34426
1778 10261
25592 28698
47431 19446
41640 20360
45790 38791
45053 33559
43598 31235
34392 2505
10097 24765
12318 30398
20498 21245
47760 17355
9557 15738
14549 26627
17728 13078
9058 47333
39175 1041
49356 27073
40598 18970
40405 25608
23927 43513
23378 34879
10483 7954
40589 11039
31253 25367
10038 1709
25274 45518
41188 39985
35925 31097
13882 46085
14255 48600
44852 21228
40411 49095
24640 3308
6696 23685
15594 9529
48207 31203
45248 20080
17788 43700
32884 10957
47674 48039
30896 24521
31495 47086
19539 211
21271 43979
4138 44650
44356 6726
47370 13204
16914 26605
33209 48942
43681 16057
524 46033
14635 5624
49147 32493
29102 48924
2017 22613
39908 21152
34800 28134
18589 5650
15825 31525
14334 31090
22744 48788
5331 38021
36198 14017
17488 49062
40793 13692
12549 2426
48254 36882
20304 32750
12903 43034
36348 4848
37319 10876
5334 6454
48041 36793
38993 43406
13073 30603
14592 28900
39882 8665
1616 44089
7119 26439
24808 28934
41093 22504
12105 39501
11109 12577
37439 16456
7624 10140
48378 47665
47963 17317
32150 12973
6945 41349
39493 25910
9720 4440
44351 35
6211 32141
29440 5926
32423 47754
30720 6962
2770 8985
31392 6998
16709 48307
1711 11835
25618 32407
6204 13606
30640 5830
29670 39338
46491 9151
39951 35661
20665 16994
7904 36197
47384 37107
6198 20127
44930 2941
33098 2908
18802 46321
42990 20137
23841 38682
24850 33353
27897 43309
29271 32881
4427 37698
10859 6463
10331 25865
33235 35384
43545 32812
8487 15197
16347 9263
4614 27865
27397 43638
47995 38282
42491 26340
23031 43001
21069 2011
5182 32392
32961 13092
3774 15303
24783 11036
33065 36898
35653 7290
25235 21323
23243 13001
37831 27215
21361 46470
13381 37256
1028 32376
6870 32287
27711 17830
35040 4331
27198 10649
12468 21514
25166 25440
37557 38571
12849 30634
40035 38998
45917 14164
46101 33529
39172 37118
41766 5183
48286 43132
20822 32831
1138 29078
18161 37983
5812 25820
1180 32418
29752 36426
37963 821
4372 29556
22464 24450
32116 3790
44847 6943
33847 16843
18845 36983
35127 15760
38278 43570
7638 6435
8685 34067
4756 8117
1358 28718
29340 43642
38271 26084
27198 17425
48646 46444
19640 17028
46916 35856
16877 7758
48703 23697
34055 12035
31869 14424
20969 8945
14460 31978
41325 31809
34366 39127
43485 13162
48002 31376
39837 9730
1342 27458
44725 43617
11384 19363
14332 6805
47700 48312
40495 43868
32408 29809
21458 11409
36171 9889
38893 2502
24971 49165
39688 45770
23262 15777
34657 10823
41665 23417
18810 4378
20876 31795
15392 31152
35750 19071
4325 19418
30228 3007
42063 45965
2893 47041
49322 9305
45514 33014
15048 8483
2089 5518
49977 39744
34144 30338
49637 46561
2958 9438
45478 278
429 13545
39555 29008
2164 7554
32087 14984
28953 20697
24641 48485
43236 15959
45812 42445
30462 34170
23854 37100
34568 7585
28789 1162
1016 39233
31229 15740
8942 48002
35815 24089
41590 9593
7780 14311
45174 28130
22103 32081
34358 15449
9048 19528
18671 21990
48276 12404
27020 21187
41442 13764
41741 41194
19585 40233
28811 1264
34716 5180
8630 20569
40240 17079
25529 49574
17428 24727
19231 45538
30407 24060
27407 32756
30312 39114
2451 19089
16158 14527
27495 15138
26264 47521
32780 12158
7807 30355
20284 19780
47879 49860
10055 3527
23556 43269
27564 25109
4634 41157
36900 28054
26284 33643
46921 40318
2246 42430
8644 10127
13415 31508
18675 12190
23413 10934
11193 847
16500 24076
2975 40176
3826 25530
11560 15024
35305 28406
16291 44490
37240 42101
41449 21938
1723 26594
48998 24010
11158 40970
11125 37441
1313 49766
47508 2745
27869 7846
13543 8947
14117 35511
21016 41737
22799 23761
41116 47608
12354 46447
38560 39801
37586 11147
15394 46826
47622 32869
31132 20173
25803 10544
18572 252
20865 5882
40703 14888
37811 34358
11643 22909
45524 31032
13484 1171
26677 46556
38918 10260
5555 38755
39977 7605
32621 27771
26259 2642
24115 15065
49311 23211
3770 20710
36587 15893
49164 23140
47111 11358
20636 24843
14377 401
41559 20052
35582 37906
4454 32464
31675 37990
5936 10678
18401 5842
21276 15977
40047 14751
13988 6930
49809 41143
47750 254
34887 38703
45348 46358
18624 30000
31611 30487
18533 23459
20016 18542
38386 27305
13942 20482
49215 29076
44013 30973
47565 32406
47156 6120
38283 3204
19279 32003
25736 12950
7299 44094
36211 23694
41550 15894
32095 44098
13477 27215
22786 41928
14245 33722
22236 44701
16218 43572
31845 30673
5934 40363
991 43571
42265 41054
21947 46837
42854 43264
24743 7515
47783 4344
27589 48822
34159 4392
47879 49831
47741 8967
7990 17250
40344 34061
14097 31121
17350 11867
34754 22193
5447 29301
29677 37757
25102 9917
16147 32150
44927 5485
45955 14236
32099 7393
22255 48379
6537 28238
43052 5380
22456 10355
1683 39255
13983 7739
21396 21594
22749 7243
203 12473
6348 8510
20891 27258
18855 8955
28982 48923
35501 3311
19822 36299
18654 37853
33238 4049
3010 6367
31250 31741
17097 30087
1357 10585
20285 9254
7946 10556
16099 34872
14178 48219
1697 16027
29915 11772
41257 16458
27497 38856
41747 22858
31918 40092
38458 17696
43822 14381
48764 40924
25422 16133
35685 2007
37610 35886
46853 7076
14581 14426
1853 36150
30843 24621
42570 33374
10211 21672
48184 7311
21600 22706
27671 24449
8583 39988
23067 48493
23322 38274
38317 46235
18019 24289
25247 47718
28748 14169
40941 23209
49051 20345
5951 42249
27676 4402
38987 36350
45446 27537
32567 19086
25759 14092
20460 25352
48395 40199
27062 33434
42576 18771
2600 576
5989 18165
44412 30602
23401 18639
44216 21912
6159 33965
38220 6340
407 5389
12264 26012
34664 24140
25163 21259
16090 12745
9254 22708
31856 45657
19598 47978
12722 44390
14736 46238
15913 47940
47215 21285
18227 27810
36266 23045
41750 12457
13001 6317
34881 31125
36837 6862
12030 44220
18871 4218
14276 15247
48712 24568
26889 12669
18616 3808
28421 8991
37019 9577
6641 48499
685 16396
48222 46920
37462 31861
6819 27394
1577 13606
3310 19979
47974 11576
15931 45767
29504 37743
14994 7090
33112 4776
40795 18600
45064 14258
34365 26480
23868 23126
6675 13030
21418 34180
34832 11443
20562 44363
4650 16620
6353 31541
37441 2724
39904 27645
31027 31919
43625 31982
44888 40468
29017 19737
46952 5917
37073 194
8797 43118
1526 34040
44451 976
23913 15279
5707 89
1793 2764
39839 15050
49540 31580
7888 45909
47125 33153
8587 43432
21079 19786
25738 5978
9295 45246
12694 25137
15911 31973
24106 39246
34559 26243
31603 8646
42622 14850
25108 10717
17719 40027
25879 6225
20071 43680
1437 38272
14250 34457
29894 15528
19181 5065
6603 43817
29358 7916
17336 40504
30127 47391
6184 42131
38266 19164
3609 25116
13871 34433
8527 13972
38200 43692
36 20085
32189 9925
48861 11083
19155 14888
47000 25536
36064 35325
16513 30644
5690 39494
19491 47142
34173 18276
4507 32017
43307 26390
48937 47013
12301 28800
34432 37136
11352 9732
43965 2441
9563 45135
20836 35161
48181 18066
13717 22231
26627 6588
33294 21359
35655 25776
32778 18238
44276 29560
45575 41996
4358 39974
44629 15078
35566 34323
5642 5574
43659 46502
915 47026
32964 24258
8005 3711
40994 24940
15026 26767
21291 40600
44022 19374
18649 8287
817 1124
14329 5103
43295 14600
46511 28431
12163 25954
6118 41501
41475 35467
16805 3319
11260 15588
28877 44978
49973 5359
7632 33674
33890 18141
34652 45366
16895 32613
22308 679
14268 19486
37135 14237
47448 5049
41241 6614
33510 48462
23128 19828
20461 15890
33994 49130
27323 19618
18842 16163
329 35838
28721 46782
1081 38373
7753 32570
34843 26248
46284 39658
8912 30126
32027 24118
46262 24868
14458 4814
994 47806
31513 20458
17356 39359
6766 42163
49348 8369
30798 39768
23298 32577
46122 13950
47819 15850
25798 1016
23280 43868
48373 17934
6720 35865
27024 15501
7069 30268
21541 25147
11004 32502
5548 33109
28150 42790
37653 615
22540 18500
3869 1287
44679 28747
18512 16686
42365 8401
19480 25076
20400 25380
35507 18983
38912 31922
8179 13512
22961 35493
20814 48114
8791 41945
20662 20759
19229 28683
41443 47017
38886 45425
2316 34466
30618 17648
35621 2993
13074 16413
23507 11042
46335 43348
18986 47352
27413 44910
14407 44409
28341 20931
12122 10086
45367 21164
18746 37509
17382 27539
13229 34462
49110 26281
41167 16590
41745 33716
13775 19547
21758 12851
20634 9429
26499 19712
47151 30917
48289 6257
49505 44773
6014 15242
9371 29084
15361 7282
13533 46260
39365 44272
18709 18521
47648 30147
5609 16016
12318 27515
32785 9297
38918 26967
41953 8707
33902 26348
38772 35027
38186 16350
39652 44800
44928 23198
9942 3366
9799 16689
6787 34950
10414 43976
32224 40894
1401 24337
30175 39450
21077 25594
5086 20086
3869 47741
1742 5102
17429 1548
43886 46709
14500 43114
24453 37663
7695 10244
32655 41019
48911 43914
9967 28848
42452 21678
28802 23218
31380 14296
38980 31489
40892 48787
35292 16127
21335 10888
6802 17356
16380 49397
17921 4416
4897 11305
11704 21092
13230 62
49770 12349
45261 12164
26709 7061
15709 44150
39344 12856
25557 28763
30349 7545
9029 49980
45630 31311
23753 42077
16723 29439
27319 20473
47170 17015
43415 11774
45568 28803
14706 28866
42267 33280
17027 20145
9018 44971
4619 28548
47244 32245
19073 25696
36013 20790
27173 44904
25447 43610
3685 13583
44981 12812
23545 10046
30947 24542
7657 48622
42257 14962
8031 28099
29030 4264
44199 20422
6034 9941
22547 6621
28027 14812
22938 12648
45769 13436
1248 8619
45661 22133
30193 26339
27308 22871
45111 36647
633 18330
37036 39965
37232 44836
2937 15749
19312 14778
44092 29606
3808 4022
10792 42099
47714 14577
37398 36026
1988 2974
9098 1513
15507 49043
36257 38125
30906 44116
22277 24616
14585 1006
44003 26718
48961 24029
23652 14189
40987 2394
6135 4662
24008 5220
47360 4732
39731 33145
44601 1144
13363 17218
23382 45574
36941 44009
18135 800
32822 43159
21399 28662
2501 21278
42802 12982
24327 46480
23123 28509
7500 27435
11386 49162
46335 41281
33661 10075
19492 19432
39702 13991
37561 33482
31514 9111
16751 31754
11449 27329
2674 20452
40609 48867
37555 3311
48253 17273
30471 37651
44123 33147
43304 36801
29563 18357
9993 29347
17332 15924
49527 37728
37504 17322
12987 47388
9864 43631
44556 29434
28250 31364
22786 33375
44278 38661
42565 45221
45833 8186
11924 42568
24720 2649
33521 8784
17150 38796
16857 29884
23800 3691
22162 26743
37662 17638
16061 32282
45012 32002
11226 7934
17039 397
14571 39116
14571 16750
4753 48643
24 27950
46066 30132
3462 36269
13869 2461
25717 44051
180 34721
44095 14532
24503 41441
46225 20015
45586 24505
8324 34995
26828 44057
4842 42415
14880 7022
39892 40260
26425 33773
45601 37832
13879 25931
688 38330
33854 40908
44038 40398
45933 32886
14107 4068
27580 4097
39407 23001
17230 17517
11210 57
11702 7328
44001 43166
28742 16155
5013 16426
595 19127
38245 36030
15236 40241
48611 30789
45770 15344
35940 39552
27801 16207
48209 3742
16595 18971
18283 6903
19686 1050
32907 3989
3420 10646
39128 36240
31121 40549
20929 23604
21586 2182
19866 26338
5168 46554
17651 4272
48723 3917