1 10
100 200
201 210
900 1000
695632 695632
140250 140250
174704 174704
540784 540784
126244 126244
66700 66700
246760 246760
54666 54666
452216 452216
817230 817230
87682 87682
221741 221741
226807 226807
273626 273626
738306 738306
265600 265600
51707 51707
589432 589432
343475 343475
263417 263417
576859 576859
447163 447163
381165 381165
812277 812277
338560 338560
115354 115354
207467 207467
128691 128691
425877 425877
186741 186741
34832 34832
208400 208400
410574 410574
241097 241097
91574 91574
73164 73164
205516 205516
90000 2212
439929 439929
114135 114135
128758 128758
62458 62458
799762 799762
214669 214669
566 5661
21222 23123
136424 136424
213722 213722
100153 100153
11122  1222
755922 755922
767086 767086
274216 274216
108185 108185
23212 2232
651380 651380
4549 4049
143071 143071
4906 9006
523185 523185
14302 14302
315571 315571
24989 24989
58318 58318
739290 739290
382091 382091
59239 59239
816489 816489
16142 16142
784988 784988
174976 174976
227821 227821
174424 174424
37938 37938
315714 315714
126968 126968
340578 340578
531768 531768
373062 373062
345328 345328
89548 89548
116390 116390
5758 5758
461514 461514
453718 453718
328853 328853
375618 375618
792398 792398
632487 632487
118906 118906
20007 20007
906310 906310
317244 317244
354196 354196
454098 454098
266892 266892
292472 292472
621238 621238
219250 219250
228474 228474
146758 146758
817313 817313
932324 932324
219118 219118
815767 815767
391055 391055
395431 395431
45040 45040
263192 263192
845231 845231
154366 154366
598163 598163
509621 509621
268648 268648
32832 32832
363589 363589
69597 69597
412878 412878
119556 119556
30865 30865
640541 640541
686309 686309
583028 583028
224305 224305
473432 473432
864132 864132
745721 745721
125951 125951
507521 507521
177382 177382
769586 769586
26069 26069
205683 205683
123433 123433
610956 610956
298451 298451
48760 48760
361242 361242
368717 368717
22373 22373
101680 101680
332034 332034
85302 85302
301761 301761
300319 300319
211312 211312
239826 239826
248153 248153
30039 30039
396812 396812
734044 734044
284604 284604
171360 171360
222820 222820
613060 613060
489704 489704
203127 203127
198001 198001
79388 79388
36907 36907
231887 231887
442305 442305
192286 192286
383445 383445
404485 404485
37350 37350
190961 190961
829235 829235
110534 110534
463595 463595
54148 54148
375757 375757
572826 572826
112329 112329
138679 138679
73643 73643
227084 227084
184136 184136
92938 92938
36596 36596
665853 665853
165809 165809
354915 354915
378169 378169
816838 816838
261374 261374
300038 300038
501197 501197
53912 53912
162815 162815
295622 295622
204488 204488
9417 9417
395872 395872
122473 122473
814008 814008
345899 345899
78728 78728
187055 187055
448778 448778
144684 144684
653015 653015
502757 502757
160248 160248
636032 636032
71162 71162
128157 128157
98181 98181
529037 529037
205076 205076
302562 302562
448576 448576
322090 322090
365517 365517
277423 277423
84774 84774
496516 496516
292842 292842
641213 641213
112770 112770
504204 504204
457690 457690
511157 511157
324987 324987
685453 685453
289094 289094
201706 201706
113322 113322
630911 630911
137887 137887
21901 21901
744370 744370
521730 521730
362832 362832
201049 201049
469884 469884
154857 154857
291904 291904
92883 92883
508425 508425
159460 159460
670051 670051
139068 139068
58352 58352
852725 852725
284443 284443
25118 25118
488424 488424
173219 173219
291092 291092
72847 72847
649853 649853
768336 768336
286666 286666
203852 203852
133860 133860
401342 401342
140971 140971
424601 424601
756384 756384
80187 80187
649358 649358
812749 812749
741992 741992
159697 159697
893298 893298
589737 589737
503429 503429
280488 280488
256590 256590
94532 94532
576822 576822
40188 40188
411397 411397
756731 756731
68954 68954
160892 160892
15844 15844
21255 21255
447811 447811
87402 87402
47436 47436
337085 337085
84116 84116
201793 201793
43886 43886
68400 68400
600960 600960
776881 776881
360335 360335
806100 806100
726651 726651
793187 793187
7454 7454
199643 199643
831683 831683
9177 9177
69327 69327
669761 669761
561588 561588
242867 242867
398244 398244
170951 170951
22658 22658
162219 162219
336745 336745
143244 143244
11902 11902
678424 678424
54188 54188
655170 655170
107909 107909
141237 141237
681852 681852
459033 459033
447822 447822
30910 30910
589102 589102
20624 20624
52461 52461
165633 165633
373117 373117
46467 46467
210892 210892
21094 21094
380670 380670
342046 342046
487718 487718
17259 17259
234074 234074
389554 389554
591830 591830
119767 119767
753347 753347
105278 105278
366758 366758
133052 133052
356653 356653
6288 6288
484474 484474
395809 395809
693049 693049
107337 107337
229390 229390
578498 578498
156419 156419
80793 80793
227646 227646
752177 752177
175160 175160
290357 290357
395589 395589
79599 79599
237813 237813
526185 526185
526479 526479
607059 607059
454982 454982
216364 216364
492647 492647
10595 10595
660820 660820
656017 656017
627115 627115
71022 71022
523306 523306
131003 131003
5801 5801
570651 570651
329296 329296
750585 750585
107762 107762
318374 318374
229924 229924
586324 586324
593188 593188
870187 870187
184888 184888
428016 428016
687316 687316
182730 182730
192484 192484
207116 207116
128574 128574
50628 50628
655101 655101
486008 486008
76353 76353
861727 861727
382419 382419
680668 680668
204594 204594
167131 167131
54027 54027
137708 137708
132697 132697
413679 413679
247260 247260
69581 69581
137704 137704
112672 112672
539662 539662
15195 15195
107307 107307
151631 151631
539015 539015
483823 483823
88927 88927
820775 820775
106742 106742
679943 679943
353058 353058
179894 179894
350361 350361
100629 100629
440654 440654
417384 417384
359752 359752
171945 171945
64117 64117
492344 492344
123465 123465
29071 29071
248767 248767
423881 423881
515063 515063
678754 678754
615045 615045
60215 60215
108658 108658
165484 165484
702652 702652
243341 243341
746660 746660
90452 90452
80586 80586
782337 782337
292752 292752
574064 574064
3894 3894
98125 98125
474969 474969
307806 307806
165080 165080
27835 27835
650467 650467
857253 857253
515847 515847
119325 119325
255452 255452
84336 84336
519875 519875
216665 216665
608684 608684
265481 265481
537453 537453
271985 271985
106571 106571
136375 136375
801776 801776
20122 20122
442221 442221
341700 341700
83992 83992
6498 6498
720509 720509
305273 305273
618204 618204
245589 245589
48438 48438
22983 22983
348383 348383
881473 881473
162364 162364
321730 321730
6275 6275
42035 42035
208541 208541
993 993
661628 661628
385123 385123
177984 177984
324528 324528
623425 623425
736764 736764
711604 711604
69789 69789
347068 347068
549971 549971
657029 657029
373420 373420
782418 782418
678387 678387
532815 532815
4199 4199
52690 52690
35894 35894
102425 102425
366938 366938
428382 428382
723892 723892
280206 280206
29162 29162
139081 139081
481624 481624
529202 529202
146021 146021
48126 48126
71411 71411
71301 71301
431600 431600
402454 402454
645065 645065
107772 107772
215382 215382
686292 686292
5656 5656
10479 10479
48380 48380
872798 872798
135916 135916
21190 21190
756932 756932
658368 658368
870930 870930
197024 197024
310575 310575
49916 49916
716930 716930
203005 203005
213515 213515
537221 537221
430711 430711
500749 500749
53875 53875
352454 352454
47140 47140
317504 317504
264630 264630
399796 399796
116722 116722
212333 212333
292958 292958
192778 192778
139752 139752
118426 118426
449741 449741
236974 236974
285865 285865
439062 439062
134823 134823
43782 43782
444358 444358
24824 24824
346104 346104
456655 456655
260197 260197
449171 449171
15783 15783
131833 131833
234004 234004
555259 555259
250249 250249
250502 250502
124790 124790
312919 312919
343990 343990
527824 527824
423815 423815
173278 173278
656458 656458
23224 23224
234914 234914
261112 261112
430065 430065
464950 464950
347105 347105
412418 412418
63777 63777
555123 555123
326638 326638
279241 279241
400018 400018
584842 584842
448734 448734
3346 3346
513865 513865
208154 208154
521418 521418
302737 302737
302466 302466
104854 104854
168975 168975
848881 848881
373135 373135
117485 117485
192534 192534
43898 43898
331923 331923
477722 477722
313502 313502
742557 742557
319136 319136
64928 64928
957117 957117
355145 355145
306458 306458
754221 754221
684277 684277
583465 583465
79666 79666
211348 211348
148871 148871
102897 102897
277194 277194
456003 456003
562054 562054
757511 757511
221316 221316
243712 243712
167191 167191
282931 282931
85223 85223
574023 574023
264853 264853
56716 56716
646987 646987
301203 301203
69202 69202
178983 178983
152118 152118
453276 453276
261403 261403
247598 247598
115500 115500
400484 400484
6964 6964
29362 29362
352442 352442
624256 624256
268994 268994
437672 437672
54655 54655
469629 469629
169171 169171
31418 31418
102110 102110
344883 344883
387440 387440
34921 34921
743045 743045
427826 427826
112927 112927
396964 396964
203210 203210
167773 167773
247203 247203
161227 161227
51867 51867
206717 206717
8184 8184
113057 113057
341814 341814
180295 180295
157328 157328
553370 553370
348534 348534
351835 351835
410674 410674
492724 492724
330288 330288
714938 714938
612164 612164
804007 804007
150889 150889
115863 115863
722802 722802
254560 254560
13442 13442
131903 131903
261727 261727
351379 351379
555985 555985
475724 475724
69112 69112
133168 133168
291572 291572
790921 790921
425359 425359
247536 247536
110166 110166
450512 450512
504562 504562
75804 75804
299315 299315
174403 174403
179107 179107
32305 32305
184010 184010
362496 362496
82490 82490
183180 183180
121021 121021
161605 161605
492076 492076
279771 279771
488624 488624
374011 374011
533805 533805
174549 174549
55158 55158
700647 700647
415372 415372
742169 742169
167337 167337
530371 530371
553456 553456
365415 365415
649774 649774
23022 23022
394057 394057
496358 496358
496293 496293
100070 100070
562443 562443
406070 406070
85299 85299
905357 905357
765990 765990
10656 10656
249792 249792
800487 800487
165799 165799
429228 429228
292843 292843
68029 68029
158752 158752
821544 821544
251422 251422
34442 34442
89084 89084
158497 158497
26506 26506
53186 53186
268728 268728
376703 376703
109116 109116
365335 365335
253629 253629
85961 85961
574244 574244
375085 375085
522399 522399
679616 679616
274300 274300
798381 798381
278824 278824
337340 337340
236760 236760
103786 103786
785209 785209
785645 785645
368904 368904
180682 180682
181687 181687
26083 26083
365032 365032
196095 196095
716416 716416
574226 574226
134246 134246
495920 495920
595861 595861
102969 102969
4120 4120
569200 569200
815950 815950
191555 191555
278834 278834
123242 123242
140746 140746
314716 314716
218636 218636
787785 787785
361835 361835
228783 228783
654617 654617
412031 412031
58008 58008
504619 504619
158395 158395
111579 111579
396754 396754
387661 387661
208058 208058
273596 273596
522662 522662
795437 795437
815274 815274
416723 416723
795125 795125
58197 58197
415559 415559
187009 187009
533350 533350
506587 506587
540600 540600
766329 766329
732925 732925
145533 145533
19406 19406
13288 13288
29612 29612
327230 327230
611581 611581
536816 536816
376507 376507
697322 697322
567811 567811
109508 109508
306541 306541
69197 69197
339096 339096
91956 91956
187089 187089
147159 147159
62999 62999
91831 91831
598919 598919
10181 10181
320580 320580
361857 361857
497466 497466
269927 269927
439166 439166
354113 354113
804856 804856
561891 561891
210639 210639
469073 469073
302540 302540
13538 13538
488977 488977
560376 560376
867 867
439761 439761
39572 39572
243748 243748
129225 129225
403449 403449
190451 190451
639607 639607
217735 217735
681850 681850
691848 691848
256959 256959
22228 22228
334321 334321
92408 92408
181798 181798
31545 31545
721311 721311
96687 96687
637350 637350
266453 266453
152637 152637
203893 203893
68837 68837
7212 7212
158517 158517
122431 122431
393353 393353
129162 129162
622407 622407
35124 35124
114310 114310
318830 318830
243317 243317
404851 404851
575749 575749
418152 418152
198634 198634
303253 303253
348619 348619
39544 39544
305077 305077
442844 442844
42852 42852
91047 91047
356747 356747
118539 118539
132176 132176
390001 390001
527221 527221
550877 550877
133541 133541
20444 20444
776296 776296
183390 183390
309156 309156
91114 91114
424109 424109
720895 720895
288993 288993
195377 195377
260169 260169
237728 237728
436499 436499
109478 109478
401982 401982
98258 98258
642632 642632
500732 500732
432136 432136
59609 59609
298633 298633
464760 464760
75544 75544
488856 488856
255060 255060
159425 159425
852030 852030
259123 259123
9591 9591
691384 691384
452819 452819
743520 743520
459051 459051
57455 57455
633077 633077
764105 764105
126556 126556
147293 147293
272327 272327
262713 262713
306506 306506
89360 89360
28133 28133
37379 37379
247887 247887
662410 662410
831350 831350
435790 435790
289493 289493
177581 177581
579648 579648
48823 48823
197978 197978
11208 11208
765260 765260
758966 758966
412956 412956
85717 85717
418898 418898
334468 334468
275567 275567
5425 5425
560093 560093
65057 65057
271710 271710
323338 323338
829997 829997
89905 89905
100266 100266
763809 763809
1967 1967
67053 67053
539568 539568
168385 168385
428297 428297
221303 221303
652491 652491
258863 258863
207912 207912
74354 74354
470524 470524
438221 438221
173075 173075
102840 102840
80144 80144
13798 13798
36032 36032
567351 567351
444802 444802
144889 144889
155927 155927
230080 230080
300726 300726
689066 689066
180256 180256
125848 125848
859770 859770
371977 371977
351486 351486
144371 144371
321005 321005
251184 251184
45526 45526
179217 179217
