169678 83796
640287 214624
735514 619281
442173 208843
166631 413122
212096 123818
638308 12980
344359 146414
534068 185377
532695 746863
531938 569156
548818 176483
994373 369030
996738 958691
825303 125902
789969 956078
692418 586679
564892 929972
611731 132961
137013 134322
888653 514008
910963 611876
588185 921424
78130 413929
982766 787289
306326 176049
861905 182984
397297 785853
943584 176580
836003 224639
595543 574358
838423 135860
209240 244272
717684 268847
125784 499492
594968 521538
187693 280915
662573 91796
768042 111223
794100 125508
415982 986604
668134 20990
285009 601619
433975 1721
264174 172770
556724 407976
424001 948942
960016 351435
239652 100492
703527 399599
850755 149229
383271 9515
31307 846008
431022 678135
863826 503015
979018 581150
818536 578501
713933 141356
216510 264392
673040 358599
599464 630813
396157 867754
399749 519617
294778 483798
235652 845349
293381 699402
51992 629539
661781 864164
2220 352280
836533 428043
401621 714908
870233 472911
118500 151850
979113 580274
355577 303661
460956 367310
432573 326327
212249 595119
84078 675032
858791 394725
354110 658529
791544 502367
631117 750641
377293 386588
945829 979767
164758 688660
277834 892866
532708 163738
464776 842327
844467 240856
20882 565609
676004 433490
59139 288030
397806 734634
577225 185892
358908 532122
334974 33170
992416 429421
867088 166169
409844 163078
68431 44383
89404 221260
316979 815641
306031 789116
510455 961043
604003 430000
575031 209191
903061 362339
935620 97473
250469 129683
980910 689153
43161 400919
493253 609158
919615 535882
918209 282381
992672 72978
426489 641724
453594 9679
431990 238432
255652 296631
134314 403703
690769 115102
541889 254809
504304 16842
417290 768907
487726 871260
434907 404618
620186 428988
447978 671831
37812 473299
906378 377159
870113 642624
990522 205593
359129 198464
501255 735178
663968 749083
574736 605586
857986 56963
21057 929425
917142 57990
17396 25010
66844 512649
382184 430572
969370 321945
936882 428875
858575 616890
677501 974753
777078 971151
505835 238117
609658 833420
454454 285569
940313 182840
95370 660916
886052 256012
93812 920921
770747 513660
943075 141774
334732 168355
322929 649723
581137 308693
679587 917348
512792 863587
844205 459157
190485 249656
545145 585785
19228 421301
597936 758244
255312 327314
614284 64824
47691 371615
95104 950429
69487 645419
320781 298555
663881 381336
46013 821789
937750 488027
610118 610354
719528 467297
125660 727752
856028 807162
192676 847988
225094 682317
218800 549969
502844 425695
667338 85237
894572 475672
767162 805154
725021 568094
470193 129046
988523 785125
70643 465072
52746 885354
467488 910841
46193 497502
501557 108410
178399 827688
653582 634298
29090 802332
839180 346952
894590 987550
849069 358891
277676 598032
643200 975705
663528 460000
172014 458682
438986 535392
200704 530800
43513 378191
676146 564455
317974 516813
278428 785692
287589 393988
672832 34270
623536 1361
108760 563992
688347 32093
685573 544803
905528 204084
663354 493542
547230 841108
822770 826689
137700 259420
659360 722619
507619 186454
503175 670458
782741 483703
542504 405246
325508 496431
184158 880138
84345 941444
909628 750403
118776 205756
35384 815981
996535 106018
432075 5878
822971 39053
409430 745202
132765 406933
886298 286629
357851 684324
979144 567919
798610 792624
144540 831715
864793 513406
997524 678471
100295 906993
86829 57976
896405 33109
186436 621613
371390 940170
672842 4724
191174 464080
559447 208897
310348 974761
517679 527419
117442 350260
825382 639878
313336 745981
513519 436973
333117 71328
986905 573344
942960 738652
358351 590690
525771 32771
20762 361903
427831 60556
932531 142482
777593 619207
980817 879419
406637 324276
997062 234995
837493 327802
644005 89744
584442 443974
345687 196330
378297 32117
456719 325856
29069 107896
498197 432983
916062 904549
338727 756863
361850 833757
179007 874147
505874 598081
655167 19720
365844 602757
949697 317361
688971 461464
585522 726588
499584 190377
642691 934585
475749 507022
247211 110617
802703 479161
916779 362344
901738 493115
454360 932206
174952 534454
437703 585780
829963 293429
893063 132114
807319 208423
183316 302854
923694 904361
541775 766444
385310 652234
915490 263801
758234 707633
551599 660447
922351 73526
563805 683803
928462 887667
206437 430276
491534 456359
185361 374398
22792 278617
274426 45524
95820 36763
630927 774200
237227 553787
526151 596047
591657 292875
704901 777242
591945 885158
691958 457503
455621 527369
357607 211038
159555 455137
170513 741366
643075 751614
102359 492836
939634 158638
446650 349472
492528 500494
556248 473313
10875 481192
241080 699681
307325 70821
812646 565361
768913 690406
415655 107354
975771 759247
352695 353187
37349 209865
655287 435684
754609 342234
323944 936311
983269 59193
589807 191572
471049 634409
172690 986658
967197 532038
221077 743466
358627 85717
630049 334847
583502 121294
896892 661498
534792 152433
586444 610642
485413 248561
928871 470174
249361 923364
756457 925596
780927 8035
559907 804493
29233 753758
985286 880176
410558 331530
370508 596808
673366 981516
569934 178086
312373 945996
981836 282819
561138 280732
913556 681766
61651 503096
37849 999208
841192 641352
580422 445290
247718 587167
324250 665244
484413 536285
990912 807572
187482 391786
633474 10571
854193 563206
86108 3709
877024 837675
569275 414931
485836 363029
783909 658274
490312 747116
374410 257126
368821 433818
890156 80156
123865 847074
415963 283316
588993 773898
799079 223320
601847 942330
804876 422519
332955 736364
364361 334441
167665 532166
565834 815797
37260 805697
425420 999136
633947 428852
258077 911030
162173 605100
744671 352067
524467 940650
503528 794605
205845 807302
269880 677641
698805 758283
604079 988336
689546 289944
835842 441474
155525 477834
109417 677070
300396 75809
208089 954297
586591 88261
599896 988319
677434 134309
30953 958944
165747 398776
146676 132419
992169 732425
909584 389447
462204 564271
683149 585206
841571 642808
137244 288558
618936 415921
625948 90298
776320 603706
397652 80035
295445 860365
71860 709940
614292 55005
222616 123455
254017 781519
526301 862922
939990 813898
972051 550926
722515 19409
642378 794240
914927 378824
864002 328070
936899 310432
607924 854652
922006 215870
85147 343701
552250 835609
452809 623802
718798 570541
631683 74637
41337 252619
861640 733639
626296 43780
419797 47398
593352 970996
194034 589003
650065 140410
61545 15342
905543 690533
835577 551537
240507 914367
782015 427019
124901 562731
75643 493303
839176 42755
715230 943463
821910 293577
39106 515315
515176 694355
356461 969927
850356 555753
849385 587203
643379 638958
239397 732504
284342 621393
859074 807981
854717 383171
20206 196198
368327 491207
415288 744200
897101 537327
688295 34150
897486 43027
254085 77721
391532 731938
124839 162659
388696 158273
40950 379794
994990 589603
577176 625826
583591 9694
905013 534058
247153 87486
645400 688319
787071 908344
559872 611883
861045 216432
772519 830362
105893 467163
109749 335470
609797 512869
997439 369959
8316 108901
364186 947936
183920 163646
269723 642915
255138 495713
257029 894816
887293 637694
567622 532515
479441 289246
70917 530978
92421 400390
896931 408284
832356 28503
322818 268644
231343 293660
609032 930552
780490 677415
772218 447472
188773 57344
482531 367525
674448 778730
317315 451742
571525 930497
192941 393496
842552 872985
863007 958251
16523 893100
880961 669803
535696 932868
184887 882845
154426 522674
23113 626071
13556 754111
722569 296801
513078 536658
62774 508328
530159 562208
715748 375694
536502 178337
568462 75574
346173 572384
704838 117918
463139 979102
122937 733927
839860 935680
534934 774290
664622 950885
870507 253702
48624 679288
967813 455178
159004 517272
724120 958928
363447 690485
705631 371943
514406 433721
474634 961522
735296 82225
52483 401950
219729 855003
43462 422955
258215 202471
612856 71103
81773 874653
123306 372630
752005 759851
15541 175540
85291 275715
813895 576987
156829 546575
79117 514680
917023 4189
56107 862641
549079 400994
734819 474495
982713 261374
113998 668311
611876 117761
611967 271584
811505 688718
522810 882477
481148 445433
808128 534522
221583 907229
507939 814120
384652 705004
178771 390746
705768 30526
393181 568623
332958 383886
586748 301000
510209 405326
446966 172123
786683 600164
594755 798073
121836 944103
24412 528850
471560 777020
765640 752922
823312 151561
14337 714916
57533 256109
339229 195226
277922 407081
796231 173920
9732 146049
532868 155798
644241 896125
223962 589552
611872 79820
321288 278593
805188 976519
883847 872544
499134 969097
390013 802809
544434 79865
298708 411766
18854 8547
189386 344470
104682 308700
625418 671694
494572 802396
276527 403415
385040 521826
269003 17441
380095 801615
742817 821965
600787 247489
437251 737307
699724 290409
25443 35924
722358 929647
793845 655778
800627 35042
398989 494924
776068 719480
64659 184739
624560 387530
138200 633688
859741 125911
377833 249038
232832 405140
11142 536470
275528 709142
146112 60610
27949 242342
898183 800299
998092 540648
592368 815967
381259 287266
760476 411275
90121 85248
445296 482550
989548 8251
363129 454202
584962 126168
259200 337399
522970 919892
59908 501650
665753 525483
54183 576465
314735 773213
486353 156663
163904 312998
7202 621557
817281 719367
96185 570562
959955 827091
777870 100574
382339 597688
658392 956453
561573 459314
720423 51766
822487 531238
588104 731843
675571 640677
814934 692811
615265 840719
275761 207646
169912 387576
77661 555198
868975 311038
222957 701954
617165 407583
800194 637280
598562 674629
203445 132468
213525 527414
473679 255837
882869 96020
460406 431217
206322 412662
701819 726341
922263 904627
47061 42320
615392 589995
669192 822271
209918 360170
319648 1572
493257 479226
847133 150957
620611 598348
919305 664060
648166 786358
395562 121713
321922 598838
407498 333451
68961 406285
74388 579242
178064 252814
473749 780385
68812 943566
893662 584108
362336 196840
751519 681715
144694 37564
883729 672030
195071 97307
275135 768591
344724 206872
730411 87717
160463 354589
40624 350096
107365 301052
130340 645295
614202 385065
629682 918998
44245 646249
458736 227938
702591 362839
913313 213181
574272 377404
838265 765631
338880 120325
509274 578601
461682 459761
403090 38931
243332 678088
697607 263355
78726 855400
862232 905609
658904 663249
6084 871318
648647 844591
139978 977297
855976 470505
130621 401763
880379 186708
794916 863321
494880 565778
506230 688934
688571 974292
507453 468322
52265 521343
668966 829030
805640 464817
428976 466756
129363 311115
248677 807150
171103 314427
221604 387225
885834 329344
165909 623536
349493 842009
239593 450910
614114 684624
905728 621090
655853 31581
259902 546463
594731 771471
536729 736733
992588 219006
530678 347622
592832 335692
555450 837659
952747 952297
48882 608867
52369 369751
943546 3203
937055 272807
931959 759411
91731 7695
405156 252276
876158 875115
803865 714144
604358 592866
721816 738191
820113 821955
651521 151338
462465 555807
961241 531642
729604 989117
763771 651894
739624 850334
781129 670742
443218 353453
32274 286015
132001 682085
23032 753271
230083 634305
651107 586572
468555 906165
479972 645182
178738 178647
340255 643297
647085 352495
175519 118424
165871 545502
163165 541558
179950 61027
730526 594215
389612 709506
118149 712226
1557 71402
674058 722303
443701 30689
137039 21107
442006 558982
102233 808270
934018 453239
696543 250457
884870 497429
822633 462343
431643 57743
343533 444091
31289 626381
740843 153963
989441 649053
655000 632209
81661 289652
291980 167955
891199 44711
840877 122908
941443 617946
488090 875145
16425 722116
371301 325302
415296 673294
662279 905396
942794 278145
913104 899909
997198 375212
873773 631963
198549 530121
463723 295117
943575 374989
565575 721174
462445 475160
931809 249964
256842 918836
570533 314038
206623 971475
387787 27757
315300 23697
977508 60885
944711 111454
861030 522168
759733 603233
525752 630860
326333 786094
31031 164940
407186 953573
339005 380468
867829 401097
494907 500934
479404 572661
203024 962080
925160 837654
731225 51688
371373 2189
362162 289096
510769 288606
290063 407319
161411 420235
748318 667594
998316 983910
13277 484888
609563 848365
616822 80331
832857 825063
362981 673602
577553 77775
565050 979007
222604 173959
304796 748532
943365 434756
869416 730894
863793 143004
78558 198996
389359 917601
612521 485474
877939 262727
689831 358330
724188 668132
523923 523098
817510 488897
879637 444827
491190 237824
65300 548047
744880 983775
975936 129605
953216 42943
906750 177761
880497 18886
328958 929553
583619 174239
279915 917052
350173 816210
436531 434284
798119 649054
423491 702921
876802 567688
189363 775771
511310 901484
865310 826301
101472 116365
91650 305119
436262 609867
295386 966364
157903 660525
606151 682953
63133 135392
176979 314124
661393 659793
765627 245285
702707 177448
328035 757135
901209 733957
271278 426805
742477 32777
161511 285669
725679 306219
498366 223439
775933 525204
312784 626627
799120 287505
117313 863764
745337 522831
374726 160174
317342 336937
45375 999821
326400 456
406144 832927
89789 412693
612922 414318
131673 720084
544841 329504
248687 10579
465878 631851
686797 655759
56768 722497
625977 251385
374200 206838
960857 547441
681294 974588
933134 224221
947062 965928
835832 31657
72907 635406
97216 417684
985112 155398
408528 818301
575731 341985
270087 499650
345990 35908
592999 740907
761279 558550
77332 386517
594886 942886
298206 345368
733435 668230
310136 762066
765200 857294
904535 399711
850991 90949
160773 642806
180642 454499
307955 277978
546928 817562
834112 867728
95119 264628
454622 98690
576922 237786
413737 614252
470695 255929
95653 413488
857233 240679
718757 914322
669843 138091
118980 506056
