98655 155566
51238 67151
91066 443875
231918 63692
484718 83286
54568 119528
12240 679993
844451 318544
291547 730227
351459 198423
17874 116757
191840 287128
262823 99075
263651 532906
848363 228905
782824 478772
365210 118773
85840 34374
243203 110724
490105 668002
28765 357338
203105 75187
891360 64724
356598 1352
938600 368010
118381 493572
189343 318102
358232 267921
134394 163090
194064 170700
412807 476931
141826 721088
2830 406656
204664 941257
79476 14464
484564 62301
83931 205944
191625 143336
10549 12183
8637 140867
876485 78498
384874 279811
333428 64250
234351 342053
27733 66697
154244 183095
62391 381035
387383 644520
275965 314570
772640 203492
563465 18236
85206 71145
22360 15300
325935 154623
30673 351892
225366 7330
34402 241326
91070 148752
110682 516907
68255 35845
23720 344828
50661 361004
398720 151563
191535 52499
116659 117924
262076 316354
514848 422076
113570 378072
67999 318866
613224 47316
62875 763798
745456 14340
380055 119238
40542 460179
342531 23557
554022 322248
599585 123723
81661 117182
729399 274155
12237 57095
259421 162372
496444 64317
476872 197902
102156 210201
450824 595934
152282 604849
80719 95782
268976 115085
218306 664
175841 481180
304478 178034
783650 143644
305510 886088
261562 243919
12624 19735
58307 52904
348410 259455
495291 64595
177610 55989
10273 218048
92169 157436
130210 156487
273652 45495
115068 167826
6347 20227
17134 38618
111465 303949
201005 177848
344340 714023
247234 182543
78331 526718
17873 474126
1652 432723
121490 529111
189638 24225
372173 461928
166042 344478
67945 198782
45639 13786
197406 11324
107016 405508
182604 227496
254077 246397
108338 359166
320957 604841
20175 334242
156889 92887
347392 115962
44616 81720
843383 273099
106382 672506
431904 140974
498808 19780
711439 435385
336973 51192
31048 189025
22091 85596
194305 131734
378214 890248
55321 1811
586043 43249
160071 592673
221383 252468
56924 18255
382828 8353
233216 30732
8491 282671
215016 464520
318696 45206
92382 149218
327378 7018
103595 480472
141013 446818
153450 47237
341305 148677
195378 438786
662780 487144
519168 37140
119664 94943
15646 29439
556341 489004
916311 476820
297087 277169
653965 663668
268382 675595
388087 529930
141084 240604
19797 2654
157493 718640
166510 15560
496344 167545
491413 12869
80305 238605
285311 78546
163685 362461
12193 723332
99692 30565
19973 341914
136254 9973
336551 38289
2425 27809
200583 45552
270870 580014
16004 38603
818614 743652
816028 443397
113733 57009
455781 41928
132392 5669
732429 193953
137595 70052
276816 107678
530962 913646
67373 237687
87682 105256
623359 183853
190200 189630
225770 609617
573517 403413
171321 205704
323802 466072
287469 50761
245858 361537
12356 64749
295280 150004
138536 186587
111462 18868
645224 695217
238239 303829
261291 577455
48443 32507
32241 99096
284776 1033
539586 690803
442414 319105
96606 199611
449305 366031
47107 370946
53878 461374
118927 188474
154157 322772
344601 58790
38560 2694
7703 864973
855835 372147
88144 42675
497156 788504
416804 55480
17519 600425
214249 5983
732066 888507
98252 301960
83400 489526
221276 42734
160131 41024
5514 99214
358902 146566
54515 649049
4919 396659
272315 26090
188047 13492
293694 203631
36497 923164
257904 413818
58754 609528
86882 572072
166265 355361
2914 12178
122752 40697
237959 302468
232897 90348
179240 424764
160208 741389
107557 285309
478679 517933
54458 622415
799353 746049
576273 9066
495411 119931
70123 40333
63910 261346
49893 957760
7167 396908
89947 817875
253121 215502
127790 241266
100385 585282
476225 9688
462490 147405
264894 200163
257789 560398
16426 57759
524578 824158
12285 334734
37609 116307
519448 37174
71365 2042
176594 204389
181377 55495
101075 191466
207879 138268
360403 494078
694404 317895
17384 124975
846452 138314
861706 871657
15270 404830
228027 24228
531860 472474
314666 304749
753225 186297
188899 402355
588495 70728
546235 228520
156409 199112
324815 267420
616489 8158
111016 431291
128837 262661
247919 193328
320229 48507
96097 729
151422 920510
99062 43579
326864 121485
55886 4839
75064 429025
120640 87694
359443 4980
181680 639431
222785 566
47437 655185
252820 132556
43824 46352
86521 49995
432321 31466
331250 159713
24903 9744
262182 1656
395031 332533
256055 261404
478220 118223
616461 308061
92574 24181
145518 139932
38101 67164
1290 349635
64747 1401
96578 109355
189055 12829
407142 33639
177541 346991
622779 501953
44678 42533
79491 93366
26912 292632
82414 451054
652099 18699
628453 864861
257876 239526
173300 2135
90803 401
62543 226004
700970 105225
226117 17038
51664 151115
136495 171176
206661 30805
48606 992
95481 332938
136674 2269
583860 370987
38582 107430
377180 40139
175033 336196
17420 62302
104479 188593
58 58775
142554 546076
656161 76022
6915 211436
118028 187781
400070 518087
11671 772747
315779 794856
321517 235732
387411 54300
19882 401698
402158 250327
95469 410132
307491 195055
15 169270
9176 638710
235983 356119
500753 53360
106371 236033
166510 636969
150861 212208
191239 469896
388213 105877
28409 229788
229569 191504
87244 46299
429127 207533
62690 99345
26527 42773
509455 146114
280364 15828
13720 6272
63084 40399
5759 14712
77235 39231
61908 27840
622867 429382
753982 712278
452348 139842
223379 131498
474921 217700
703826 80959
368635 282895
335346 324647
36658 448160
25407 85335
53231 560359
632717 434
90471 154819
453619 8421
159003 351281
273445 628570
362158 96650
215605 377021
271866 22038
465612 778768
16581 31682
348294 53998
22019 72060
106149 124976
726543 136018
159957 40972
250650 237512
197840 419788
525716 287304
21172 243430
705168 350780
628471 18466
18868 845373
267442 200055
101019 353257
300096 404185
73400 592590
155583 183540
139330 88648
7797 59743
293490 182278
823260 712021
245187 9971
254753 292083
321502 4274
561491 279619
347723 868980
32051 363880
128705 31567
39714 519032
38981 221261
423091 184276
21637 516652
313583 11198
472197 214909
182185 199235
149327 590060
548391 184292
437679 102666
5013 113613
465214 190873
136423 913579
155150 401193
319302 377090
181364 3196
201129 62301
100778 110707
37824 849347
263198 351648
13457 101751
13371 26797
3305 177849
338692 118987
309346 149005
257542 167383
107473 328713
45832 9005
33592 631854
19693 27212
449575 12286
610313 249503
39531 452968
273892 335773
127203 125044
130959 21510
149371 78627
131270 61120
137975 131369
147475 774037
815166 35817
58359 64973
384556 177235
548880 21020
890827 177670
170576 891763
590835 285567
395415 327908
105304 564234
207359 341228
430797 379236
503259 238270
219057 353330
230847 381569
62060 49871
514659 625082
31638 55133
33260 296642
62426 105465
163109 321037
841994 657962
150045 1488
293743 19161
91868 853
320766 350004
80274 6571
162986 726863
142833 140893
114953 76358
275760 207259
36041 908288
8932 549463
185916 637607
576958 100658
580985 185724
228821 23441
777007 110465
545696 305658
249981 759771
136667 405066
45127 181746
874238 264138
511850 272179
161310 106142
329530 675033
133771 94505
285803 61125
100652 243909
421656 126754
248047 330720
36040 2866
74043 33466
287761 688599
370044 365896
143501 188594
243242 53725
273417 346833
705768 174139
394131 186899
3004 514473
92712 91221
642955 714570
81041 267974
51478 23975
26962 1733
269850 148800
237064 25157
8611 382378
35817 138164
127587 466689
5141 601977
102846 4075
261539 793437
547394 174671
222439 200004
21953 758081
32894 74443
523953 751
43073 2181
101895 156389
221764 15697
53035 631640
203972 3728
208158 266503
42379 131773
38590 678699
87027 426388
342793 392930
204397 109659
56706 641995
214111 929
303178 307527
66347 210370
5428 196298
192069 271430
482649 524928
115039 60952
158570 200797
283031 576387
542308 171551
287636 751851
152542 366929
203826 347766
298085 212884
266952 132018
126817 753428
145519 193675
101485 383925
102973 186218
35029 62314
23905 455350
85966 192651
298065 25719
117947 622614
837269 427630
55450 25815
254932 564732
57345 45599
408030 29822
138469 39860
30603 211213
274180 178442
857949 331928
421992 258470
91493 223076
275885 513122
597734 188355
338851 373932
175913 54121
248162 563175
21217 646843
171198 276034
197436 237894
329044 477403
647978 67933
227975 269508
39317 115430
308632 683388
33518 173412
329355 135594
50065 309716
460686 144601
904281 745300
506785 95903
10072 193274
107287 118221
821159 76580
447119 259196
636645 175320
97066 237421
993 538683
5771 81983
142433 824472
200982 265698
77079 37891
805954 97704
472338 45002
22478 82585
409207 789347
236630 180316
90976 390611
93363 663846
177502 77045
763079 70002
370398 75001
33977 23763
11796 79690
4894 199946
317419 341941
229493 539675
5096 74703
325638 290478
574728 25135
125398 32932
206003 391471
307664 372529
391100 654
655536 331746
29173 7084
277785 631630
233416 98699
28207 523653
30010 19958
57523 110769
778447 160769
305423 495541
9123 110168
654658 69879
402851 61650
443493 212389
87444 164259
93374 551087
370881 148282
689842 178431
87144 401358
421716 32233
5825 316339
191251 543735
50543 756936
20244 570996
262396 135527
331980 318673
64304 338369
623018 397843
51619 661629
152611 423086
100955 157024
528369 359127
459583 101371
563231 131957
241750 486160
59144 38750
628771 476182
282208 33780
520543 191077
1506 123920
180727 81052
134732 22329
190683 21772
84359 146262
6083 616858
193476 132022
9142 209643
56105 120821
41237 246062
41964 7985
290978 80784
172431 701214
874567 743392
334784 234118
445554 110343
127785 538509
226506 398010
237423 243875
315869 6032
43209 462481
125236 58540
39823 690718
34730 14034
862341 127292
22974 35966
143806 24450
353212 821078
167257 225965
222163 85116
80147 26693
417997 3905
120940 241783
274332 228907
2265 584468
5782 74225
638864 361298
494431 105556
858781 125227
96256 772045
147838 97267
40360 106599
421836 342872
399451 599140
441896 86088
239925 170992
299139 134449
369502 502105
92915 950257
104964 16993
345841 630378
91744 3236
308711 255916
180446 169702
249872 42518
192664 568482
293268 63908
493674 415616
288114 184821
611833 81960
166721 156061
386738 623388
321186 554
675393 216362
271105 595659
122015 406357
69996 52246
518956 503921
325006 531998
18693 638112
569955 480601
611181 407204
368176 931086
202971 253131
17567 176066
974173 346557
11863 21974
500505 310731
119007 226059
96577 622321
627101 444963
690 31633
273739 749230
210210 749582
5129 109446
39381 787923
57285 10818
460756 15427
102621 141667
70477 107221
467342 23395
123449 283381
421663 127226
42090 21168
49483 61016
344720 25001
285019 25598
151592 193433
26848 436971
462814 293948
72465 4930
301604 68836
149635 489111
440968 23026
335133 608142
10126 101460
7699 539340
164168 332337
1295 68899
16580 94697
153952 277220
2362 95703
100690 194844
678143 175809
198179 64458
516212 433294
333946 86064
132719 251470
324407 164926
475253 762047
556711 365710
133185 124870
154775 500751
12666 22594
417877 348388
809266 324984
194579 423231
367891 333122
391634 894865
82926 475678
72562 386037
165690 235233
137704 56059
107730 20974
899466 344344
156733 24179
255978 267718
365692 96272
78070 471028
262150 9638
775507 305596
25708 15369
38004 283886
304564 370200
390561 47826
213876 332897
43585 452385
260198 515882
207676 893087
342302 38261
10552 339242
240567 152098
412292 129727
209024 695989
34149 352544
499622 522425
347975 152661
93351 429960
3237 254971
33767 367050
462682 341961
26622 156172
259121 353482
268155 522164
69762 670125
176272 84232
158836 22196
252214 336713
95501 14361
33396 163565
129491 194687
369122 619264
31982 378815
113200 8885
271309 181100
415503 112404
64272 810070
422476 217809
173153 666421
340831 337314
11186 231617
404866 193748
232948 386201
71151 799700
187606 193422
88979 478679
42182 68155
200712 171637
190859 82421
54170 621962
15899 361745
485617 285720
38042 408421
50112 194914
257319 299384
20607 156271
490227 36962
315320 151368
569500 13344
146089 75184
563976 182974
20217 188355
284228 149389
288520 45304
92201 122985
255856 863951
281873 11867
743637 128639
794523 576374
384367 417609
730978 165372
502411 138469
60367 12364
831308 56889
113578 100998
672083 55012
169516 747907
167214 31774
253296 19667
308916 678439
102974 110120
25433 386641
728299 95640
48492 92975
7462 354697
66500 146736
109423 55367
59418 137943
465237 125825
31618 240106
54798 221608
22594 578495
394136 108407
68827 195010
210339 318190
667226 180693
662967 42043
309623 308926
25950 389062
579758 115297
54450 295329
387224 2255
142877 27028
965275 480958
824 135428
481775 12199
103778 173497
174295 64364
713048 584909
175541 123604
116354 153943
34584 149014
623401 375299
82781 603727
97242 441109
321168 853299
485066 203704
60843 46279
130228 23081
201500 4782
530565 464402
4294 103407
471 527673
268473 649778
161482 115214
12021 113237
307216 239341
397112 188696
241432 19181
88660 147857
572617 125335
195242 117714
1315 470362
91156 219958
257558 740976
421104 24001
114814 78175
528801 26212
246366 513874
39112 13445
122448 496788
184819 402961
435326 106096
213907 31131
176147 707664
487295 17511
572 178808
314099 11740
226614 190975
370438 628729
621610 8426
270557 25862
508632 102852
703338 314465
114106 629818
73670 73900
416900 195395
446815 25492
657127 346262
206053 113480
318581 161189
168588 28678
521252 40129
