289384 930887
636916 692778
238336 747794
760493 885387
516650 641422
202363 490028
368691 520060
513927 897764
180541 383427
89173 455737
5212 595369
702568 956430
21531 465783
665124 722863
174068 703136
513930 979803
634023 723059
133070 898168
18457 961394
175012 478043
176230 377374
484422 544920
413785 898538
575199 594325
664371 798316
566414 803527
268981 776092
241874 759957
806863 999171
497282 906997
420926 702306
336328 477085
126506 660337
621730 750847
661314 925858
353896 616125
100546 819583
233368 898815
515435 990365
313751 344044
171088 426809
117277 947179
393585 695789
502652 705404
392755 612400
95061 999933
549677 993369
210013 947740
636227 698587
297540 348095
140796 480571
651435 960379
66602 97468
612903 710098
570493 573318
260757 926653
560281 997302
209442 724287
429690 953866
228445 346620
558441 744730
108118 958032
738098 905772
834482 890676
120710 698928
704568 777857
179498 872354
254587 276966
455307 964684
28625 406220
51529 332872
48830 805733
409504 530020
258271 363369
486716 959709
226341 518150
700724 747797
2246 142619
122847 493452
243556 892922
192380 597489
537765 888229
469842 792351
165194 441501
87765 757035
324915 470125
275857 936988
346492 373744
148366 322228
281937 709860
151433 452552
316438 899229
153276 975408
276122 901475
468859 794396
36030 661238
573794 908236
65819 894429
231012 366144
335929 639530
318777 322405
255764 964444
114614 854539
118607 436841
2905 344819
235129 670689
67918 797370
466997 569918
43325 987744
259471 512184
295500 298491
206726 689773
385645 755591
268140 617506
469787 502955
338083 907670
308543 388465
110198 939508
228805 759356
278612 376349
127829 573623
887344 949300
35569 195747
354341 755423
23312 613811
267606 321802
425662 473731
44879 811306
178737 229321
79445 248627
503466 648523
473417 586709
213259 408283
167638 412925
305625 442063
532037 962601
433453 911900
145551 419380
290072 947469
487132 900974
684931 903882
808934 845895
158661 370164
387982 657200
252997 548900
152960 713774
272814 739669
187191 681096
116467 952927
365085 911341
327685 422091
443377 855543
379108 755937
219757 517446
418419 669180
89413 706888
32173 103349
262010 451660
402337 625211
166343 467588
319302 878207
667373 697714
401256 575322
44600 864820
229905 517722
939812 955940
73941 915668
311706 346229
811128 829151
565985 996659
763921 789225
602423 867270
54082 821397
645631 740085
679293 811973
73851 207673
647626 905386
739300 741223
306641 606043
340714 783899
256191 352299
280525 942591
108582 688210
288820 499337
371156 937733
218005 495995
160380 614770
85274 981777
247256 668851
348143 721861
445885 575580
223206 421994
679568 867622
690614 962505
262755 801962
31327 154260
518945 828203
613203 723507
902022 936785
222843 390869
235190 789529
608873 949909
210499 849959
448037 518809
457754 686249
33334 383304
132134 321649
772891 999755
251747 517568
319530 690369
238047 514501
473789 549798
66250 86991
3034 273304
12498 505364
294893 910254
247687 519126
613997 761153
209189 245976
649158 703730
32461 895437
253415 543922
26305 870461
60029 388028
266749 278051
308903 707557
504795 697698
571044 858700
132003 301040
90429 806404
682 144501
617648 908539
36160 895152
282135 522536
104340 171693
502216 516128
720505 755630
60050 590965
298286 636430
495344 576336
202901 903178
407972 885239
260290 416950
495368 717989
392293 585796
40744 53145
102830 658391
655341 961683
570 553542
174233 453827
172262 956043
409118 690361
228024 266762
82 526310
495426 903191
618997 806368
214678 504235
631627 730691
226058 764525
349615 673169
328206 390359
726313 947387
204347 565101
602727 634995
56553 204917
325579 893530
528947 532291
302648 756971
799052 819081
218594 799632
418628 830858
541313 561887
439215 788356
193513 720091
14413 59480
858970 909611
152275 966190
47642 806356
356621 925434
77889 198988
498339 524567
27285 487771
56857 790418
300607 372261
100238 125850
107206 473060
35218 648519
34946 990784
228459 436874
710874 967638
620484 804290
770479 826608
149315 772758
334472 645730
533460 591101
89439 723619
58026 211389
631234 633075
518158 933682
3494 160359
110700 550271
101840 633418
275570 668364
92623 228795
319848 413174
196432 217463
456683 539391
504293 745792
205058 355116
391522 796158
631492 888575
401948 462952
35022 359232
393741 610538
485055 614031
35326 554099
187517 241082
33003 653517
372232 746140
261797 785405
582339 974581
39022 519219
513971 539863
235380 784813
692686 894978
31537 299905
324177 433484
199760 279208
889745 984858
469912 593500
20128 663951
505237 777561
367819 675106
740050 810564
421245 588712
41806 519935
77376 563292
558956 593615
133590 343769
544919 828994
376883 552806
844823 876983
124031 326718
311575 593094
186594 530127
550254 781487
803075 850544
327815 734714
138378 478180
415776 474763
32920 727089
806733 935711
11018 110295
400347 760236
745692 871138
305154 423944
122574 666329
300926 449292
306711 894019
277218 836837
575056 596964
387091 963859
378131 714905
372662 698572
369634 689686
304790 613074
722605 756852
349251 419806
336504 767869
109486 639007
82196 414640
62950 721121
80968 880227
387678 686764
290597 963982
740866 887561
127956 539037
367771 433519
66343 359212
245197 322533
272380 627322
858271 994985
384173 794428
152041 344235
647284 970073
245831 307399
370348 901064
966951 982031
250574 653715
57523 886060
134048 626925
189436 945083
271233 829205
622955 630444
411899 945487
684279 875641
89160 250263
679263 989684
539849 561042
141724 208325
26273 449123
454155 927336
335822 937458
102748 909366
311777 591172
160270 725219
621704 938702
209934 914654
53960 450908
356729 862807
515798 748721
121309 547085
515335 742699
76377 110992
252716 798899
801053 825172
218190 771560
554011 752507
178225 709017
173110 816540
333379 490001
58110 945054
489115 955082
405990 671339
28068 59427
575224 785148
332232 776788
292123 696533
323876 591282
390180 884851
202255 576591
215351 311132
967858 973814
199182 381495
146082 554604
15721 152434
590182 887983
97488 359416
79297 768826
138723 765405
550552 796893
90033 230298
399135 443182
898507 990416
299709 767058
380596 860000
112298 501963
475777 687484
68978 80155
191310 742588
139933 723383
544267 895022
313564 508861
903683 909212
277686 669087
564286 590931
735991 794584
197315 651477
95821 754117
37526 641893
395529 538840
897491 897526
101361 651137
247644 889619
80929 170338
506583 826622
804311 917956
370889 634226
274571 426816
220854 543438
107723 460009
712351 811784
9098 418658
363828 689127
522072 621270
533150 726652
60911 140529
228399 430640
241889 836611
928578 992394
433891 498977
754553 755200
126088 416932
360100 388778
400658 448567
377018 580953
72642 392736
89369 491299
453196 918185
55806 696777
423429 975267
552529 588955
19594 80309
297279 322198
289673 372556
250775 806446
305001 522326
238284 560998
466128 648413
565422 598383
179335 914694
942440 987335
88422 548160
522958 994986
1355 691762
492973 578763
167717 631542
561853 711851
375483 703663
76218 550400
665155 801174
399016 486507
476365 839852
488264 724791
323173 942492
373538 570038
18860 28829
107281 360872
355857 576988
146591 578342
563971 725353
195512 587666
149518 893070
113084 907362
41352 974113
189301 706507
104668 291639
131490 709365
434155 581033
39876 136105
273680 706142
292539 413413
290637 734970
311957 916171
62761 162845
406650 726815
304466 994315
713887 922327
346040 660184
701536 826970
320153 532622
611791 924394
150110 637290
259632 734674
395736 584265
374296 774549
101878 704314
353199 666834
99356 994950
157794 665156
588157 678469
400961 982934
98824 323287
213172 275359
40141 185678
22182 493246
572762 933991
150324 210051
84101 409955
461076 668365
235625 322043
42660 423920
225845 456290
293470 451239
474977 841552
125384 520020
63134 526344
19305 161957
232476 365982
68012 953667
446913 788968
90193 361730
380903 756869
88132 465003
549208 683175
5217 649719
301184 692378
757473 945488
238958 434574
276126 725063
366798 713934
293419 312497
848154 893142
775475 971727
596981 925394
385949 843486
372306 450031
264030 269560
206899 352161
406425 734563
384281 417720
411642 718903
593011 873481
27584 992727
234141 628790
303709 342724
132558 600939
10432 152494
124221 980711
577691 785906
49614 629392
938271 963639
79422 227668
207830 802672
96181 458744
209096 513900
137089 843025
749155 952387
10570 258233
155711 979970
492374 800031
498434 609664
167280 932588
429650 620095
291500 922352
7340 857465
487331 551743
147516 312087
231350 519916
843882 950187
495012 675635
854388 874134
623288 812723
339644 806774
786743 881520
495355 890245
103125 510140
16260 552064
636354 677419
485270 981713
505405 558706
342734 626800
654820 992735
740436 774316
240854 691088
100670 702451
916488 974803
245563 556838
363611 598090
585206 995961
596912 666705
402558 769830
418817 623404
300822 321893
303606 571523
302444 646580
161529 325362
273379 834448
332701 564046
23788 574883
675552 804900
242590 721387
650354 799427
764795 966949
68507 163037
277108 346093
665418 679665
115922 288821
98481 954167
105995 186355
408438 774124
99485 832934
86318 106313
419018 933932
25166 186710
959157 991609
201746 217070
712996 867423
1172 196296
148570 680560
264802 425677
26653 446572
105341 658926
251744 720173
613092 874090
903567 906528
255813 798879
3051 885197
362125 453334
65187 304214
263371 478500
56795 695569
286142 465116
79343 982640
482438 744264
263591 663199
169940 206203
226514 791632
478258 865129
511805 994572
352347 934684
151226 898139
190496 417541
36422 68973
340635 387227
134159 865726
120357 190953
77646 585473
673340 993447
475884 568112
417604 747662
255826 587543
470217 482340
335345 379175
407331 960597
829295 846268
260758 342014
48861 980520
194651 533293
117833 581877
251991 390280
510636 963954
41599 959296
96108 952742
180571 714938
132541 944977
200802 444585
720084 914801
199493 615610
676441 766497
22940 612764
505736 881305
2607 389874
584524 930165
52252 564350
442531 682752
646705 816340
291987 953166
565626 688303
761080 919592
222408 262548
568485 707132
804920 939562
139054 621932
388428 420529
815495 959820
517544 837582
423769 841124
287640 840188
524644 892439
207395 851989
184681 851321
804487 854099
58753 993019
754099 886464
149011 494696
63180 976506
856143 916067
868099 994426
571473 804979
382854 386967
416749 764798
122273 224548
581087 840517
365160 409913
261901 989878
572554 841198
943004 962933
162036 955952
48499 518108
529155 710050
202907 713862
570004 592335
635326 976785
206798 564429
463634 781764
110116 546561
851015 880382
185186 720898
432101 595098
602409 938330
373350 691314
295880 852635
457915 634317
668776 808586
22766 34987
197931 736627
237893 306617
306630 389570
387410 799753
581516 596367
222834 367396
247777 644429
73848 829614
22301 485027
603787 941063
830764 960630
256509 295101
683398 929417
230776 491983
114545 253541
43321 828827
506519 797566
329500 651795
187135 451547
299854 716909
33063 84304
193843 522687
596535 848433
539808 849811
480870 618835
95816 453597
748697 827985
352325 511383
99452 194466
519717 825362
563038 869344
375862 654188
305982 360603
64089 705361
273880 938621
363942 823294
22925 886629
17136 387709
483163 556943
101997 753871
207467 554164
197812 898501
66488 472516
183333 926235
445951 682291
8694 551634
525340 662881
402294 927495
485214 632855
275445 466383
571476 830324
98739 110752
115874 716952
14812 716466
189169 768682
259684 334814
48978 492500
674536 965015
115465 600770
148347 314108
563073 673392
88412 865741
309588 852624
7058 337837
458794 473440
546621 613282
228372 820115
53419 657372
188535 860597
49765 769884
104698 473568
825801 966068
153675 500336
447434 785491
112133 617458
180530 615950
481691 785524
638148 785293
307630 792350
492336 766423
621969 782141
313044 602256
486767 850340
172026 710937
191654 458261
277053 665221
562958 619205
232984 631288
78722 119541
534827 736998
667128 707206
433879 492729
219171 665170
647228 972799
11521 139564
739222 793661
277884 568617
128224 912268
55383 84293
247036 355512
542554 632564
428609 621863
59896 251769
371199 887661
422377 654969
141010 362174
89504 574888
371255 754674
18482 794058
243824 321930
674397 983045
631943 952281
68013 544210
596856 639748
144855 952367
203760 403135
101282 831743
341974 869402
713172 891639
62959 273414
414423 651900
257756 941485
505662 829091
528781 816072
363924 772604
38321 138001
272001 769943
340013 506953
103808 830505
975359 979760
382895 572526
179118 190159
214637 521091
59561 622627
332974 750615
201938 918866
143422 263749
176621 769410
488864 705401
101833 852787
239834 478005
266357 407459
526128 914411
356632 606369
534570 586129
623447 848342
27459 485375
700011 813606
64902 873166
331868 838990
40927 722491
250733 986239
700700 943706
189563 272001
165458 373833
42349 643462
130018 449808
172498 426170
32539 880570
415140 529129
135019 377471
38586 620393
368543 921281
502534 836755
241708 675744
480551 834401
233022 601486
466789 933721
255141 545191
639635 710648
145326 681984
791695 870462
296631 648143
45064 964192
493321 845521
976555 980539
387143 531493
308423 600931
437686 900035
327309 658095
161709 629781
138645 862803
121785 279546
341088 796523
376926 436158
38603 51736
438549 634493
798987 830297
251531 310841
97052 844050
320513 336957
77590 707655
194873 868449
532429 768483
376089 632558
262338 426577
537798 565221
125140 333695
438015 687006
580283 674783
242870 390524
25016 135237
481885 681418
340354 449300
700755 792725
113237 546351
37711 140293
337243 906159
335165 386024
674642 967722
617570 762112
746411 816261
182791 387903
149956 386148
341090 825917
216440 482782
583959 618018
265376 757807
99902 614512
408979 714675
315266 777378
38567 352977
892162 917670
252834 259135
