91891 69102
67804 73095
66821 9613
15920 75197
73528 41018
61116 84991
71264 84842
95598 38146
24156 36671
15955 85832
40367 57241
9954 75605
81402 56649
14631 51633
95247 45571
9551 71775
44870 87139
91628 77354
47429 6568
42463 2426
87416 20957
677 3579
36601 53557
85105 96274
76983 60756
12874 1060
76664 12228
63753 22828
74460 52943
98514 78384
45036 64585
51724 8065
80295 84782
91349 38229
35531 27724
43558 28689
27144 22948
71381 44234
35385 63744
19378 56486
52423 12369
19473 32251
55078 23964
76907 83225
56486 24416
83877 70298
73239 1522
86303 35601
68706 48411
76135 72530
96095 4238
22062 14570
58803 23240
81860 88319
39683 94187
1433 1238
28366 92105
16069 20905
99007 78320
97612 87852
58150 50370
51892 81489
11967 26266
74677 33072
479 80673
79787 45689
60258 96574
19814 96725
79921 19061
8125 1674
97788 19604
6586 9558
25339 26154
4474 17532
5384 19223
69593 96963
78452 58411
79553 16362
44310 90419
65969 54230
99918 44789
36240 45756
37358 55053
74113 56053
52603 17279
31760 77115
81549 45268
71421 38345
55876 1765
20988 70772
67735 56137
9425 85457
1819 41064
31483 88977
43208 41005
85793 97451
38084 38003
93056 22033
72962 70318
87597 62046
39161 20443
65710 19357
52578 20710
17352 32009
97657 3332
59468 38339
23796 60269
1333 68892
57869 20491
61495 32816
25144 95953
33957 42166
59075 58105
28423 21890
83935 32038
47357 16020
30253 17974
33560 13067
39952 77708
81039 50911
84126 32486
92754 35384
4276 7922
23289 88964
16657 57021
47852 84784
26950 41800
99904 76685
98574 86024
12939 23205
34101 77386
95359 60295
68239 64354
36939 23797
74707 3068
35554 17978
53361 58834
61632 23185
12149 52513
4411 79798
64582 28805
65482 52262
28947 86408
67309 60263
83467 22398
99784 75125
30297 17569
76799 90020
13817 93412
96480 13738
26592 83401
37112 32034
55218 74829
27342 93620
73418 62244
91048 31752
78891 32877
14162 56530
11671 2715
25113 81471
51473 95137
7583 24897
9794 81769
75182 84381
92995 23611
1889 66539
98572 19587
94415 33877
27497 48667
10911 16634
43263 95792
28669 1960
53366 22154
24868 42831
19179 65036
55051 44857
69753 70651
47297 62633
41892 79547
98034 17356
83894 34887
49351 94799
23553 82466
26011 38643
50154 51049
41718 36921
33757 93416
10447 70387
8095 82000
41913 30191
75048 27273
92800 96963
54474 39678
14102 40097
57453 96365
31252 7013
96688 36224
18691 75479
14123 20241
66167 39578
71375 64276
52569 7885
73148 5133
82009 63015
88082 81242
3392 23922
15763 63130
97685 91068
26043 70236
66601 11787
13677 78372
14596 92729
68209 10365
30606 28163
67740 77208
36361 96772
99533 39116
39125 83806
46821 72682
48801 21134
39932 29780
87787 52193
38138 55694
20807 85472
92135 64180
42552 82284
75014 5812
16177 57148
85310 38100
10185 41659
33308 53051
87043 41422
25228 32841
5523 26168
47301 66925
96704 49201
96270 82109
32681 84491
69963 34408
98588 53487
30649 62099
62787 36017
93164 5663
38639 78963
15499 73352
26403 43700
85121 48806
81647 13446
34490 10349
77273 82046
31247 81790
58776 73977
53346 22394
56802 91456
39821 23309
80284 50267
86283 70469
71008 43072
16912 74325
47677 9647
53346 32411
81216 68956
77278 33344
43692 57740
34664 11768
88434 15842
84695 65910
83181 47210
38667 38041
56227 39983
90249 73364
43833 36511
74459 71409
45734 14841
19364 91371
18659 93410
57243 67586
930 94751
52492 34521
46288 39498
55339 87155
47942 29599
76809 40034
72952 31123
65982 10353
83716 29179
60566 51108
22518 22426
37266 35026
21274 63128
56539 51506
19092 34809
29560 13782
43180 20021
59518 76928
58960 89467
19067 9734
44644 1780
27779 90752
1105 17596
41651 93761
39746 79697
2123 2218
32120 62263
25392 34265
85770 48270
83078 76807
85465 4862
19759 7515
84443 28645
12990 74153
83886 38280
40059 26933
17685 23407
35880 62715
56476 13666
88239 72407
69501 96221
53362 85238
19503 1621
44767 73630
45314 150
99887 27845
35360 30779
54301 19646
88675 14680
52959 67290
89099 67438
90844 87895
50610 1661
10203 21601
94008 1963
93060 98441
78556 63509
60007 46422
14929 92935
93084 4774
27496 60242
91021 87848
2371 57732
72411 45322
7489 91045
58483 20247
8142 91464
88001 44204
65805 53628
55590 98203
91521 59813
18199 48651
89949 70077
57889 78205
77856 4879
65120 45850
33698 5352
63083 51018
91216 36068
27113 30371
45494 93581
85045 85595
29799 53636
2141 73046
66126 90480
45170 52608
1259 57647
22601 63369
36451 86084
90962 80489
26339 9184
14535 50960
1978 60036
90980 72494
97741 93194
81652 18093
98564 43236
91748 66698
34621 23241
13721 93888
46496 748
53271 58891
17137 42631
23593 75872
56361 53587
62771 14555
60391 77577
32490 72182
39554 57246
50440 23471
41563 32172
75407 32092
93666 35005
58245 67155
55921 23165
23912 66842
25733 97293
34802 77182
47931 37746
91333 58394
67825 99169
76746 48981
16040 28217
85462 9236
32706 50470
82642 30779
57747 69146
4151 58049
20082 46291
69455 57272
24114 70879
68172 88243
60302 44724
82469 2974
61367 8234
7403 68679
12537 29193
52286 79025
88260 28577
73923 37748
63403 15844
84989 56565
9492 21150
67440 84016
36165 29573
452 31772
20015 60278
5002 63500
66474 80317
83427 87471
51027 22718
51910 85706
64731 63564
92140 4196
36820 47868
63711 66063
17506 223
16250 43577
27593 26997
51446 83689
10339 63757
18913 46774
10274 30353
5547 18791
1139 71624
94342 83850
69556 52166
15730 46252
45325 29164
77032 2747
63686 82144
77244 40743
84320 81191
3065 93493
72059 6790
65424 54510
96160 82397
7628 84336
3127 6435
78058 8051
91901 99142
51308 72400
13530 56334
85498 67037
69783 58854
35875 62530
98149 28346
9538 13119
6612 77346
84136 7479
56866 78671
61068 44437
23650 53026
54337 68695
71623 21653
20795 32396
99672 63524
14735 72102
34016 8079
66932 95109
52516 98675
27022 2808
10803 50666
28012 31436
38914 17415
96085 7025
51461 95779
43683 52030
15603 69987
91640 98019
25292 87225
45626 12435
79414 24965
33043 55237
50347 13430
12106 94852
92536 2863
53528 39127
70562 3339
15630 76417
78318 4353
95009 6592
58622 29780
99766 38692
36711 69101
51203 86283
93595 56880
76721 96828
46942 73009
86438 9764
99492 97288
95028 93420
32547 86905
85121 43433
19850 97985
2339 751
7343 98168
22825 97347
36039 60841
24819 17468
3752 67626
24506 76021
67726 92223
65232 1227
5868 14668
6834 46547
39968 237
87142 1862
45294 72514
65377 72263
67890 60021
53066 67715
59939 70109
30950 75890
88234 90854
53357 50645
26666 86862
79085 72740
73966 89268
3937 44317
85741 74710
69824 5647
7508 25709
93099 51843
24106 47678
2576 58476
26191 86872
56982 55641
26408 81006
71860 82808
33454 9520
96381 25218
97957 54996
44265 70344
14661 66800
36388 43078
48724 95278
20987 6212
52931 51108
98785 14087
72562 77036
58785 96238
51879 93630
74636 15767
98575 73164
82683 41374
61468 26906
81901 73941
44285 54302
15979 26166
69243 53823
49101 52366
53454 17967
69074 70088
84174 6385
78297 62737
53852 51613
40120 37083
47726 608
73771 14757
51007 46301
68083 51331
25273 12475
61653 49985
76150 69557
23380 77631
24875 40271
58237 67358
37446 78328
79590 22189
79802 16497
68109 52764
84723 28531
29138 8230
17863 32450
73627 2910
49117 63746
71097 41711
91695 74389
38824 32750
5258 62722
2993 57080
24438 30132
3338 56107
73172 56760
73256 77804
30568 47851
76381 36243
39349 15292
42618 5519
3305 52088
15834 16245
57955 52422
21688 81807
9434 44527
2127 60511
12469 14691
44823 5119
56102 36906
88543 43037
20841 29274
77124 61799
92918 51408
61576 53505
53901 27144
79231 4194
15316 57205
4504 89941
71748 68147
12675 26192
81579 81181
90749 14801
14796 88924
20708 35572
78608 70898
172 9251
65926 94325
40610 72173
20555 58845
85988 2187
1257 74455
26538 60097
44915 16572
84719 31041
52109 16664
92721 92270
1948 28566
17490 83470
13919 16743
82517 38197
47447 87403
81728 82689
49739 13374
67095 17216
19402 70293
39626 53083
8057 15535
26984 66163
92080 52972
64512 6580
93726 44190
67632 52110
30458 95673
7293 85121
23319 44376
26657 89810
67376 65642
79015 3262
20477 17115
82284 40987
88947 34755
45167 21910
82949 97003
49975 72150
73606 75030
14097 9364
61474 67332
57882 76605
61726 91931
31184 65174
54984 79921
45564 52717
55979 22360
34351 19456
55320 71332
965 16636
33422 44267
41270 46131
13158 16372
86278 86122
90362 86763
54095 95251
71856 51836
38644 6854
72027 28459
8381 64705
17422 27012
44248 48821
63153 68277
34487 73476
90111 18473
57616 35451
81581 18410
34781 98886
79885 89615
76378 15936
6064 70247
16961 25350
32203 72796
1256 55604
15186 4230
26118 4513
48210 27485
95761 65243
38719 6240
24713 25125
60575 23707
42116 82328
76091 37033
26648 71774
87709 50853
21101 97902
23252 88650
61446 32938
83418 50331
49438 62701
62090 98604
26089 70432
35675 10300
16540 16727
41852 69270
92976 36129
13334 2427
34337 29970
1744 84302
35155 60984
58887 84329
72979 51132
84069 77015
22224 34426
92003 67488
60969 71661
42093 54094
64393 87057
98660 72645
36792 75809
11938 40512
37816 24646
54615 20149
4451 72152
28013 51235
35564 39605
90737 81776
53669 3421
37846 69683
37171 75892
42430 24726
78819 98139
80073 79399
46921 38090
8776 78734
14123 83713
8359 20714
35739 46815
13844 57850
9085 40189
74670 41857
18510 39525
42945 60284
29968 67055
37824 75667
394 62015
60155 80253
59653 74089
12179 35105
8716 6574
85163 15832
31422 22839
69653 93521
46248 67160
7349 78374
20231 55332
94857 76895
37180 33617
673 32679
8347 67147
29162 33373
13627 3617
77705 84193
14176 68156
74729 84761
593 22891
40606 54770
48291 32014
99173 5137
83510 94539
44748 1399
78293 98617
32234 34482
67161 10350
77496 27783
61156 70384
74000 1536
80605 69659
37815 51705
31343 94780
17672 7421
62190 31935
58825 53154
58290 5359
94774 57998
54273 41800
35294 39522
68881 27444
37793 62405
85064 36042
1303 15290
11702 41097
10756 75302
21884 92306
87087 43447
50868 53227
80038 99635
52789 13058
13293 38864
91738 5957
42633 8067
42466 46012
73455 77927
35209 11347
42265 11248
21414 20273
61370 43567
18869 33115
25422 72125
15573 40752
88855 7386
7021 61317
74374 68894
7758 54686
55519 82544
90610 99495
40384 98152
70956 33076
44422 13839
19964 6165
26437 86686
30253 41377
74492 82683
54809 43998
79627 94790
2176 65258
26575 68482
32253 9196
58758 95825
78369 40010
34383 9155
7307 63857
96932 69643
78359 73139
74180 36232
17795 98322
39699 95493
78177 42925
86922 9068
3858 27863
93120 66549
29909 6033
10105 14572
5274 62161
97048 68863
78017 83643
47500 31431
95950 80200
48216 39309
75540 74309
72631 17273
12766 93335
36260 12331
16275 85819
13682 18059
84608 20133
26165 1679
11127 14517
71554 36270
10 16401
94920 68602
33 72903
47980 37297
76605 90860
65169 91072
8345 47023
40358 37801
45008 21110
1807 71494
89552 61282
76291 15488
12044 69037
78430 2457
33603 23170
34447 49985
18587 28489
96268 29367
66663 13497
4357 44248
30197 38146
85168 69525
2203 38541
54527 25526
91896 42087
3370 56333
66698 81448
50486 74537
76993 78741
96787 28916
73777 5473
28838 31235
55478 92364
5861 25106
64230 17019
55164 10217
74618 94426
32967 40332
65857 76821
13785 82371
38704 57753
34078 12031
86568 279
73896 79440
3234 58438
63911 70684
96795 77010
69374 92748
12732 47150
64168 70111
80327 76961
71388 19332
59663 49823
21521 99231
81602 20397
73026 35305
47336 15184
15462 7105
81421 33904
92341 89358
54919 84654
61665 51129
43878 51714
98863 25916
96027 56609
28447 57909
77240 71231
21054 99834
99066 36904
57300 37451
72756 80668
95851 25204
32308 20092
48872 6191
95548 13729
93260 41213
92342 50467
97057 49802
75717 31097
82582 90797
48706 71744
37853 11029
5741 25947
57727 53783
91234 4807
80351 9904
35107 63990
78958 71080
72147 62291
70897 27830
63919 67695
13039 64157
13959 56261
82234 10096
893 89675
56297 64816
70722 44476
65299 89026
42809 76462
76145 23026
27806 28920
92909 51373
17330 62913
20081 66744
94573 89476
57171 90977
55134 58493
9631 70209
75181 63969
53645 86742
46435 70951
15427 4819
93844 17157
88495 80725
98627 31530
60450 64640
10891 26433
84222 48236
14981 28220
17697 99180
90157 4431
57800 69744
34831 40169
4138 62308
49050 10012
75839 52659
57477 95484
7519 91265
66867 46198
72605 96013
55531 60371
81681 27932
76167 66421
89517 65903
59960 86024
90455 7214
71835 50118
90286 43132
5440 6666
11554 94423
41960 49366
44851 87393
73535 94313
35389 52369
48382 40403
774 7994
35925 98789
65210 82454
43235 6969
92993 54728
56818 98071
48189 78325
21457 28653
30195 33352
22653 21774
71139 36626
24019 64612
58925 15990
63235 97553
32833 94313
97183 6495
5284 28484
5815 27985
34954 65371
20099 43926
41998 27947
1149 71793
95323 90186
23539 22605
44378 25518
62143 46191
5680 15518
26384 81038
73469 64604
53795 89619
96113 6302
34785 50978
73840 1397
66767 35477
79402 8794
31617 81742
53536 21400
6464 32765
50246 48859
69253 30002
71069 89501
5019 26274
2189 71625
36229 31402
15898 75657
76836 84900
30756 12011
8285 11621
41974 4596
13389 69928
51671 21377
37653 39882
67523 84
43819 44116
68994 17769
7270 13072
34222 34940
6565 7165
33444 36411
12068 37671
22571 49341
56229 88903
95401 53326
52798 64513
34441 37375
53628 61063
945 80988
81071 91281
35397 68467
81113 24890
32839 4392
34208 83259
85301 67060
98347 40773
78443 18745
62962 10416
94195 95890
49217 14068
78580 84473
16726 2015
63078 7899
88886 70353
56511 58899
22244 64835
89724 86785
86053 98233
81492 22563
84500 20261
61033 66793
80414 82847
88139 34353
30244 38254
52321 77212
61685 74337
76351 25779
33677 73287
43641 34306
88082 17440
82274 95028
81813 10326
8559 66876
89438 67866
83004 84927
46598 68815
46540 44037
78390 21889
60142 34679
11891 3511
77847 7341
33119 68453
41740 49075
78258 66795
79111 80257
75286 66340
71542 61386
28262 51976
14720 80100
59904 12577
76269 97723
41760 6502
23268 22809
52364 15027
13414 83409
85626 59132
27585 91260
40336 18745
80416 64201
39336 13471
79810 59528
15791 9499
61474 51352
26329 38929
46382 71070
68793 86232
87611 22651
45459 5431
15334 10879
89164 92700
51832 28748
20008 74791
88412 74293
33371 55220
68690 68829
28357 72706
82204 43377
94728 39024
77952 38556
9626 21057
2167 24334
46985 78419
83849 84654
90409 87320
80020 94059
22807 79573
49241 26729
95898 37692
87788 37654
6483 29270
1976 56479
94732 29716
68739 79057
17613 89461
5395 46691
65901 27238
534 2438
87091 12886
95083 79259
73319 77500
51951 69980
96709 96125
33817 96068
28599 92607
