6092 40487
89861 21880
62842 72591
53823 76858
43694 14547
77853 53766
13129 47850
12174 54290
78070 15912
96951 21546
88783 35301
81792 17613
39382 76390
8766 78192
95990 14402
34664 79420
26755 51976
28520 28538
7275 92562
43732 94904
27406 330
30673 30729
30999 16717
25279 91976
78800 16384
21891 59007
36578 76018
14456 73848
55461 98315
69248 56352
29556 80413
74370 35099
87096 41167
96545 30477
95685 24872
64117 57242
39662 80377
86646 71712
58142 74033
16139 74803
16021 32479
52709 96289
17025 27029
98307 27927
57817 5243
66220 43525
65277 47257
61119 42535
55222 74525
54705 80449
170 66873
95402 4035
96198 50086
7013 92363
74490 750
50909 15619
11893 77641
49073 62861
56571 29693
91195 57138
99843 49423
78002 71832
93309 37657
85181 85598
31588 20504
67455 64944
95301 12744
60776 43274
76368 53152
82120 73140
88258 46738
70954 64460
97532 36492
64238 85652
99814 92950
47689 96879
3290 53723
80036 5055
75886 67135
44121 78758
58465 94177
38977 37874
45724 1246
90352 37594
88874 32458
23703 99257
79789 84793
13262 1618
34984 21963
93571 35234
9596 53569
95738 39976
36487 75007
49672 91076
3670 10513
75702 72645
54417 26864
74213 79271
18754 88474
10329 16092
62479 5946
82172 25626
70401 89642
55851 55707
64199 57422
48098 97020
92105 61408
38331 61003
17565 92515
95954 39321
77101 93419
15800 84622
73772 60764
64902 78975
21976 45610
57152 11144
61737 67498
88900 66794
16237 41943
88182 46728
75000 83804
53027 67450
46971 89663
80156 65591
42680 21241
14403 23196
12737 8795
81310 54348
91094 68580
610 45325
65839 81679
16669 20220
27712 12816
23504 11889
27113 57292
6566 54139
4060 91738
71294 75186
42363 70126
79263 64752
39235 50315
66803 7534
74609 58391
78063 24343
10656 98151
4772 38854
51258 91302
88296 92699
43702 90299
6130 64561
10361 40224
34576 9918
56871 78680
52091 27303
15090 53437
23722 74189
44103 6377
85987 1036
30568 19279
33728 45560
913 42078
95723 30975
82208 27450
74171 41690
25962 76926
14745 7919
39684 63221
68456 16629
54719 31035
4403 80477
95693 94335
33284 38619
6851 41959
5621 33707
33627 35351
55728 7945
53975 32356
72733 87677
3322 99198
93322 80844
39424 79128
27411 94476
48997 70712
47536 90492
6657 31293
95546 37183
58547 61920
86040 81081
17960 48865
14990 59305
28315 33826
14147 96005
70080 60001
27044 78216
62492 94478
20820 86172
38424 58674
89581 61093
51278 8080
49632 29447
6474 90153
74697 66878
96959 74896
70082 77262
62048 96548
38784 82775
82022 66749
49643 69380
67064 19678
77905 8802
98461 27836
51944 82861
32421 83544
6377 68914
82414 75662
11468 6221
54672 3655
21433 52201
23261 61836
60164 54805
96096 95487
41879 12696
41345 77503
6353 68400
14836 79333
33606 81297
53428 13182
91336 57093
76720 3814
59878 68311
70050 7759
74078 86393
5437 35307
19267 60157
93913 46426
19360 17632
52667 85569
59128 38721
13439 92305
89810 44660
94851 74819
77512 76900
10638 61544
67169 92857
88198 52529
51405 88827
27439 76633
53218 71463
38610 23214
54178 38314
59599 57727
25728 95255
68130 49470
50141 34017
72362 36715
49849 16581
84581 29526
79103 64844
56985 3825
70299 33768
86022 71585
68807 54113
72282 21515
34778 66915
56662 12209
38151 35990
40321 65423
23965 17095
35881 51027
79075 82706
90425 77137
88516 49978
66990 99011
30003 36082
70608 38557
18430 69883
57375 62607
78742 21875
70584 2610
95191 75287
6667 10980
57712 50450
25502 40078
2071 11801
84571 98623
19415 32309
94538 87324
92983 63629
65003 40624
5021 61984
33488 4651
45272 49518
48178 62831
43968 48809
5498 80095
46842 14235
27272 74197
47458 98089
99082 38391
93008 31561
81321 33563
83760 71185
47557 39882
93454 59835
983 8140
48181 78023
69045 79152
14704 16065
78811 45976
65623 80547
71170 18132
8482 59602
20671 9647
88600 10632
89613 13445
1358 1421
59951 43453
78611 30976
54634 22775
46074 79994
81199 71387
83760 92472
4739 99999
59930 69804
84838 48131
50516 66598
91595 13861
632 13481
49579 10355
32492 56322
45360 49966
54989 93602
74199 581
84152 14042
94563 80827
40845 85162
5304 60873
52324 20089
59665 13768
47642 54726
82727 18626
3405 288
64453 51415
65998 97281
59202 11720
49167 86107
34397 24574
81709 26817
75945 25294
59040 45909
76127 82226
34532 61622
802 37418
71759 40815
57151 48435
67180 70343
60577 95919
44287 83701
29966 80916
14881 69800
24212 73640
876 4840
69705 91040
10928 90584
18436 74377
70183 52707
19448 10030
8572 51448
82524 86780
23312 83460
62354 11127
44691 8510
93834 8469
50683 17623
64743 22481
95585 70284
20720 87642
40619 67464
59269 90533
320 94548
84501 54433
47534 63610
62332 78667
51988 8075
37103 39287
62621 34398
44863 10876
82290 15238
86021 615
24921 16480
627 95227
89827 86495
23244 9009
35682 206
81179 86884
87482 42790
39784 60260
63870 38284
91620 75443
69295 76864
32440 14462
55752 71256
66290 6369
22221 77512
34455 83460
86423 48283
68540 71276
33150 47783
26688 13914
16171 46766
83720 26831
66593 33150
10958 38232
39577 19319
99531 27046
13415 664
52182 90655
40237 21607
92873 78711
36014 35104
20973 10744
88989 99565
67338 54754
60330 43143
93312 81541
48549 39512
10480 25279
90076 81541
88953 74676
72441 9677
65015 91044
43582 50386
55193 99673
11104 46661
33070 29168
38649 17395
27652 79727
63082 65328
57649 85801
75789 64290
24701 1223
34170 95669
50440 75548
95257 71264
57176 9254
92425 75134
60096 72397
8257 80565
60027 46403
31916 49955
158 1931
27713 5188
77536 57065
83115 63978
80731 69571
49002 73720
58745 4564
32814 38511
13071 84633
56026 27327
44735 73338
41460 71715
81222 64955
53034 9925
54400 53448
70803 11049
99832 31862
47564 17524
353 29691
59733 77273
2310 30236
34910 97779
91605 22570
11222 43552
28440 33454
59495 15760
4660 53390
78231 98143
5612 17963
53551 26951
29662 30750
61502 44210
42801 17252
78485 23499
23240 80693
57104 15260
81435 89992
19328 44729
24690 67779
16633 9739
72299 62113
7662 67929
17129 79344
7955 73275
72606 27569
73405 20447
40273 70225
89387 82109
82386 17574
50851 79083
86470 90194
35195 6217
64322 73061
89358 47813
36627 41388
75316 55641
16186 80142
44068 29859
17686 37981
37174 38545
90008 53321
47054 35113
88272 65385
2507 84512
77117 76237
84285 88931
84166 61229
17067 11595
3201 34697
28796 33323
80234 65384
16108 40641
2523 1766
5457 36544
50467 11309
53536 85408
65437 59678
87734 52101
32751 55973
47620 71970
78332 68341
51819 93205
30032 70624
81152 65960
166 15187
38543 13667
4497 39672
18949 11130
44714 6146
98440 11265
46422 39945
30582 7775
62674 82508
20365 94587
24327 97588
31230 84509
42774 73429
69055 79386
48069 44878
78543 41933
76023 18857
82017 5433
1533 24204
88413 71695
52241 22644
1150 89908
26538 11487
57527 79463
83010 20595
39465 58340
64616 56315
5618 65325
70189 73239
8323 19095
88305 61038
75280 40133
64135 18076
55561 72456
78574 46105
52250 81312
80763 41069
89905 70281
30059 73901
94054 56629
71592 52143
92054 67280
90706 28355
79884 69472
65923 74465
37845 29904
67508 72580
19628 4119
29271 82259
83854 93887
54932 31807
84916 74536
7211 46933
90868 86428
67712 73894
50088 5216
48774 76279
85573 54052
84628 84654
55975 97556
28521 56503
85890 62157
34919 60288
34373 60326
11454 31869
40322 57256
83974 64177
56109 7697
29892 81708
56707 7944
99929 20295
90590 53390
66460 79557
20784 65590
7827 40527
89724 54426
62321 44211
29940 10783
62967 8132
34096 83014
94808 17427
92545 76541
95 64640
4305 30085
93580 28073
68256 64297
40069 72436
65339 68989
89456 27461
49690 93681
60640 50295
76885 32863
15057 5658
10846 52116
62993 4147
67468 84205
1406 23510
72672 35233
90689 316
35295 80146
39615 20177
61173 94140
82638 53525
63714 61954
1814 80913
58437 30537
66764 26909
64167 22273
40454 74881
71987 5706
25978 66313
84527 28624
10119 97756
72826 54402
93125 16144
45716 6670
81004 78885
77601 19629
56518 89032
94486 11780
38184 37770
75230 49353
82731 86577
85270 42381
85823 99639
23435 21144
88259 93432
28970 73642
460 4870
65521 85764
16716 92011
71588 14987
2515 72036
42829 45737
3184 70064
90597 19951
40156 99334
3240 9884
32379 18399
21920 1917
4664 14165
31113 89868
22255 41010
55431 34220
21435 5627
49062 29750
89694 24884
61852 38152
85778 99697
66952 84575
79928 41743
38948 87385
37615 61855
78514 89001
66327 78989
89904 82313
94259 36921
30953 81987
52187 22132
71774 72843
85392 60874
17966 78567
31181 35936
76900 33145
59379 4413
71532 4705
88085 16587
35184 16874
55080 33029
52887 36264
46445 12112
50104 46390
58274 93351
68059 8095
94807 33343
6372 14468
86861 60537
58364 84268
48164 2676
12115 2052
73960 6467
41254 5456
26250 12889
63479 40526
43058 73511
1892 54488
55327 93304
44536 72051
94352 63639
60865 6088
25112 5529
395 86464
46412 77624
68418 51820
57465 16076
46402 38266
2315 64128
592 16243
68504 18095
1320 72204
34391 63413
57667 5305
30767 99506
57379 10974
6714 55455
90297 52978
67073 79791
25094 83552
79496 47226
3723 57165
32715 62705
15726 97673
64492 58910
15464 20882
67639 77183
49294 84971
25600 93808
66872 39736
25228 3695
1018 72301
43756 1717
13933 1712
9355 8328
24089 57746
90291 70526
47724 90291
76328 31853
11646 94843
77884 5822
19896 6905
83375 6042
85872 13530
83237 83238
73590 53753
90316 94506
27071 31330
60644 83339
5162 42989
46041 80313
80648 33296
90559 43798
7125 23298
16469 47659
4851 24226
32331 88623
67681 39880
35587 29850
47194 81665
75230 19211
27244 68849
86250 20867
62430 63209
6916 76990
17344 92073
42354 72775
9979 46631
43482 12414
32296 3461
29033 26246
93694 6339
90217 20077
9037 62722
82525 46456
31856 54681
27231 24712
15506 37600
16342 61627
70293 1622
39077 27843
72971 612
25377 26477
76512 11296
32518 49847
62686 71302
84612 57845
77728 58958
11568 27207
92270 20017
24040 14755
30692 16850
3965 49705
22205 74236
86460 20180
36202 22486
58198 47332
77829 93455
99782 46791
36183 7896
55246 61674
97232 3649
20473 13925
56241 93313
4148 61546
90433 7330
29802 68068
81563 73846
15575 87632
10238 10205
89510 44103
79075 52639
72512 35905
60152 30466
88546 29584
3721 99037
42212 14582
89769 81711
37525 79322
51790 35273
98559 34395
52987 45528
92528 52525
49138 80193
48974 16924
29481 74740
14900 69773
87242 3533
85011 30778
34792 93342
98678 12089
44934 69269
779 90370
69442 84137
22296 9367
58738 71544
48335 77074
82459 80093
6199 90436
29682 91700
24188 67500
49699 424
83019 92009
79482 29924
6048 78688
92368 97429
11940 48791
93990 90025
83974 64955
86114 5087
93903 12018
16789 20857
55044 26177
36104 5439
69287 68678
80841 42909
75705 12273
18457 53759
4706 58689
91058 13565
90931 33650
13435 28539
569 12302
95707 9562
84336 12371
80776 97295
76027 54986
9521 30159
18384 33825
52564 14230
12976 52068
76425 49531
58826 83654
44026 90731
65727 90388
84749 71896
2519 79707
7640 4764
68001 19241
72836 67905
52762 33780
80960 40140
93883 97864
87925 95807
11278 2922
3532 71692
54386 21745
86197 35890
81007 15055
3298 37375
36242 25001
86888 91736
98827 78685
77882 63298
14594 81110
18347 36788
42356 11471
21146 32707
96197 49258
18935 9755
79976 47407
70405 14936
74792 38549
80653 87363
58212 7391
74694 95345
5281 87374
48396 87976
45613 42949
9474 72247
28349 80181
12711 84594
77277 87865
88173 11857
2172 48912
58967 30751
69150 77508
45951 77270
22851 31397
60813 27824
96257 20591
96076 72476
40216 83936
30818 87267
53987 33154
84302 67447
633 70363
66189 66296
46586 69519
91650 95293
73465 74842
52455 80524
71993 9996
60965 37514
42822 10665
13002 22081
97160 90093
47653 38353
71234 22320
17358 36714
42999 81001
19987 14284
66903 3092
86116 38399
23093 56131
59367 49626
11163 75461
55381 64978
5314 3442
35930 94321
27791 6566
88634 3324
90486 68353
59895 4879
810 56001
48914 37566
27243 36992
34040 94507
72427 78204
69187 98885
7207 94542
57702 83439
77746 26710
83816 20381
9639 18463
57679 65491
97889 32528
9003 25558
89697 91349
46442 31838
38177 53918
85111 3910
29451 43178
33029 18044
63009 19814
18738 52147
95781 57740
37033 65359
44070 14185
87451 84558
74307 2987
81054 12288
3521 73576
95064 41052
73500 70082
62014 57463
58804 95108
90341 46359
18094 30921
26734 59823
709 77198
87036 98937
75960 48868
2150 67117
61332 40269
48136 93084
87569 2496
55564 88752
53583 99704
22216 2776
92192 7084
85322 54002
88862 88329
44794 80744
69975 43642
67311 21582
4565 50668
42564 51304
44031 30221
7662 31620
58047 56257
3410 472
11682 95288
77049 16026
68689 4263
94 91845
99010 37918
26975 8285
14701 16697
80495 61807
57832 84577
13448 18690
16321 42455
62301 72539
49268 77256
78409 66013
62020 19487
95040 26365
83012 52727
64337 81659
59390 67333
77346 69957
6477 97683
62397 27291
17324 7307
42336 41894
62932 89530
19528 91961
91143 32584
49013 42109
62781 57591
54870 59749
47316 75471
42558 26731
37127 24496
60906 63933
29401 44104
71425 56838
67752 12520
89727 68712
31853 25865
74118 54641
12669 24630
49789 44472
13346 79755
73535 45608
71364 35015
63577 27651
6236 65018
41788 90050
58897 48856
61545 81176
3817 78257
23372 32682
82976 16114
12740 96520
32010 96319
29579 23669
43163 9080
17484 3379
37117 47223
42059 89690
96341 98484
12522 77984
46288 56371
88392 58508
57592 87894
64010 66075
