671457 883357
396876 354860
928246 857434
662835 628129
437608 579373
149894 361646
924048 722338
472960 983733
41734 888274
640966 96482
776152 74797
517496 222774
650397 833725
394401 747061
24735 27267
183373 336362
366109 226110
730008 910760
683420 672599
905564 929815
241338 442040
630292 381320
47608 156357
509849 99890
26004 32628
602654 398881
66968 268865
139475 659416
468870 435245
118588 778819
373892 113847
333925 649079
454607 42305
220952 748941
100355 189062
646166 336642
704795 739833
373942 163480
662503 376628
214177 590145
860040 687519
670227 894129
383196 783701
625309 527525
23574 703416
222010 258990
905477 654213
187092 524528
734488 437509
662144 520943
317452 536441
952897 326897
358037 338251
11876 172453
6394 113607
715062 295937
20913 180873
577753 360752
559218 651525
19911 999114
879436 236086
200254 604634
240971 84736
746601 877908
462084 744946
670574 244605
561853 813245
255554 871314
861275 222440
991888 51947
219168 31474
526682 426661
371364 300017
245325 950667
277178 334925
379172 978752
81258 448416
471857 689772
208987 400255
365370 412707
237447 271982
928417 432628
943928 50925
250477 401952
901233 316705
430949 341062
838775 697788
863660 851846
721728 703715
686311 89684
588960 378849
8537 729897
374845 975409
803155 624705
354805 741958
118748 822121
201696 397692
203788 934533
26474 949334
459835 857740
869158 648475
276744 796698
251530 200161
685834 183924
744344 811528
241847 367246
915042 140538
392404 462041
619574 547848
176093 544171
257022 988997
521962 437493
972104 568695
735613 98190
515757 394397
357882 812457
823868 141631
681379 721939
935369 46662
225332 747171
807150 811649
872125 511628
456424 799821
323492 667229
340009 882929
69676 432687
598533 524167
725620 387576
84200 925271
397939 765545
575308 947534
701140 709665
510876 870727
14526 598717
58533 201925
143812 2963
332892 820342
875611 667343
672007 545354
944843 756846
285146 496818
65992 154875
316058 754318
560282 291564
388679 14076
755055 498404
519497 334657
905194 44197
832802 921867
113823 810679
426115 767375
671906 736148
144530 818532
226913 939333
594995 705809
419630 983607
574085 613430
588209 497841
142669 975443
502250 649627
219395 298073
706814 103239
845506 330747
791391 613376
945069 176833
956315 208867
969986 515197
748403 283196
376721 507749
536098 427170
472671 353997
336346 216492
637275 240480
622347 742869
699912 991485
744286 601192
335415 898163
964906 167452
100988 507148
231714 989240
426208 771117
657791 490168
60298 42099
522044 580986
146262 130891
640416 723502
258246 939395
360142 359022
555492 202267
875161 17622
256121 28838
37372 543503
839526 954411
847407 921084
141607 274387
75126 425560
12821 479332
599930 759057
319356 7936
585301 357252
509684 545094
263452 622206
620316 199108
616568 367465
42169 291626
634649 810872
181760 595058
617649 126105
142808 188502
563671 422186
525357 323791
62338 792859
567424 796229
570162 485707
715718 760437
155869 999034
918433 279473
650593 195014
316789 271137
154306 442796
111923 880533
747676 596334
436756 784261
741816 305015
21978 307325
968864 265242
205168 79818
738563 183378
99319 199631
374035 730502
248708 190695
579253 436892
749447 882514
588368 295329
449019 758148
443125 444026
75580 993179
734897 446221
177007 562800
450385 744337
270234 695925
517617 237443
876831 144936
364156 388585
664752 580790
318755 434178
333145 155253
594116 791520
225445 936124
774348 655038
450265 267086
666846 771712
754318 36229
40569 865590
232974 211361
914745 19482
446923 374890
61565 598392
222364 413028
603920 165066
959567 549496
994824 788526
309009 515834
895065 194315
790949 272522
893372 210957
148754 764274
427272 522707
501324 688249
300220 163421
376581 359764
649111 614107
773048 462405
841322 382133
801587 816915
74000 176147
719754 492459
794327 463400
205312 809570
72572 393087
942941 675955
512699 567502
157065 384794
501849 225789
186147 695957
590200 485533
943190 203860
121486 231558
639725 312709
520344 315052
790080 255533
375860 214611
908047 855301
554122 630479
966408 688554
579919 539763
13579 319071
484951 167778
852732 143965
391635 313391
277950 75984
826308 599951
840759 701701
426686 214565
443774 900642
532138 46316
638514 209024
514313 48456
705742 807499
92342 375791
963696 249131
586629 676017
874584 972078
175051 341834
655622 777863
901109 159529
951945 962881
781000 590885
181519 528850
267547 803881
40722 991829
278031 681930
761877 919916
896433 430118
854488 846413
524709 243956
682478 513269
286570 347785
799824 838715
635485 582787
75032 338672
318610 47689
505717 102771
719705 900169
291601 478195
545047 264896
650160 844807
645763 872933
31769 122373
422876 826640
754653 383966
548303 335241
859464 8674
169235 55040
30650 132322
703974 882531
894977 3940
647007 520648
551208 113335
790635 121480
26877 819950
656907 221970
151391 282840
770652 939783
830799 427772
333414 211274
570469 31822
639990 947501
814937 380514
722715 687064
729411 369289
523915 988540
950137 839918
262651 17278
120208 280950
572685 938800
13525 772084
525999 271409
876588 132081
543100 931011
721865 758653
199073 911064
509217 249235
277207 326004
272348 707127
29292 583759
555350 467553
805086 83083
660898 988793
52052 816854
181336 211498
96342 720517
132118 553549
375329 516279
473441 244674
426437 777359
681433 742742
230786 425253
993211 355956
858888 450357
631698 522024
790065 743697
823556 96050
646736 595358
161253 527908
103755 886967
236654 56014
349632 38095
48408 576035
639490 877053
870023 325617
350305 771023
707840 274352
868684 179253
690413 557778
685252 806972
493251 313169
599394 468085
958768 347487
371061 988295
215193 853461
937997 21872
480458 249390
668640 256968
222521 852160
987430 198306
352425 464649
145115 125727
213424 764541
629320 81974
143665 204360
348795 1109
439305 963963
607767 182129
40639 533715
396878 868193
628779 600960
348922 735887
881757 175304
44132 191980
704581 858080
218068 961580
570988 94736
769797 362606
643383 562338
455444 577668
144019 375748
536772 781609
563737 47669
284353 648608
254879 819153
213239 233616
309876 859890
348103 615441
145889 811754
926224 409785
123943 66654
959343 945301
837319 230416
34439 911536
367320 772629
718435 616715
915599 934272
366073 785785
788835 27857
574614 787567
445177 665436
849146 897840
552854 788562
383965 581031
386682 16643
220661 143405
370349 324299
61674 987792
586102 16630
37761 261741
46151 80827
187682 534008
30133 110994
676671 36839
392728 65782
445779 608361
241003 473997
679886 314504
375431 724249
968325 200712
765125 83217
484983 729416
195971 768151
911761 883362
330754 731267
745942 350184
68813 841581
562139 760962
302636 403589
789625 870902
293744 402037
257 739463
68275 751475
264693 815293
337829 349227
272305 603557
465297 150645
581196 500828
180087 191207
123861 822864
698016 265298
323539 74878
800705 812776
253607 461993
250694 315898
478918 935094
96970 518923
137305 373185
533903 205553
297815 849035
493537 419540
669323 3785
37714 332006
762660 462475
629024 907387
543508 300813
564373 231940
358282 830763
128911 902120
393569 760733
17414 129903
35730 149447
993711 741231
867714 172806
134062 329329
327750 486540
143655 645642
201602 999248
373468 617586
534152 752307
512717 40289
406117 475610
306787 170752
573120 110311
132113 570649
164645 577375
957583 577717
197132 961821
198141 170819
556400 511554
952741 922009
784177 120097
328962 377475
278549 441249
879364 375184
194887 534980
876499 498283
212316 875503
608769 847322
301687 146421
174993 879140
417628 45158
297391 563109
75169 532513
816257 23027
328522 664558
911359 665664
247274 43390
630397 1313
572914 160364
746798 381862
433918 214354
38848 448370
486495 347852
478889 876874
310009 407095
337619 818801
215516 848777
904438 982833
299865 471572
834134 521960
318223 676403
213004 26707
848881 726022
177932 361472
464030 355444
138418 145903
30559 796941
734254 584263
936785 469258
24032 191591
747402 725260
288943 133042
960967 639214
541491 573372
531454 849465
815364 185755
724363 323855
682012 244738
112457 75708
550252 421055
853534 876992
100448 737164
648790 523584
576840 912755
336341 219345
414691 911660
513792 165196
554751 127449
590382 544277
280999 160299
356546 872269
522099 858990
717090 752729
789812 745847
83760 807351
824785 402767
891739 347102
122215 709274
832619 836943
562702 60305
49947 580714
718732 133556
220835 689435
14480 101378
156986 787843
869178 839957
843453 129096
921198 317776
106713 565348
582657 579243
1843 888778
178554 974408
704189 769511
5344 794789
385942 15648
941994 289621
106669 108803
711009 690994
569724 330751
146851 560700
431303 719380
847551 743448
670053 3993
240680 572132
874924 697223
896011 196564
348758 695564
880346 196629
711151 559925
65583 948561
837416 589711
962143 862251
745276 681532
493587 109243
970814 360082
353320 501882
938172 208925
53848 252587
955417 300736
491272 502264
658443 765340
558573 302967
476096 383529
994322 385646
492028 137147
779074 107901
947562 153725
643683 550828
16324 980450
976997 460090
286854 860573
199643 526712
874033 412646
762327 921065
873287 17076
511343 791318
283250 433842
69925 459776
584578 225118
512888 719814
910164 686394
405178 780749
120541 132583
442741 804723
597642 907297
122953 606586
830175 437139
112475 561331
80127 20150
441165 58867
32012 985661
372381 277162
904495 378862
880548 953014
832059 69191
297026 637173
333820 637093
848885 831081
364730 344137
229873 465260
7215 520156
169388 748823
766490 18896
905715 359713
290079 600285
777759 180657
880655 633719
504048 741641
288572 404810
663534 650030
89599 141552
118644 8379
261697 951607
661625 425418
539213 516066
422828 276164
33319 889284
989315 212608
370247 342428
33780 902923
98932 675159
768603 975966
384515 8527
742324 442116
806111 979971
34745 802339
812041 79363
634659 499592
908676 817741
588320 243203
661890 462922
265947 685019
924371 187749
857238 548405
468592 89001
105634 806635
202037 57552
385504 658863
335055 335687
428630 73662
983932 904048
921201 797570
178496 634069
943027 480443
334689 896923
141853 351968
266451 955691
190343 508323
328510 161498
174980 94679
855396 951605
715917 190314
734480 215970
145673 648879
225002 168963
611106 867460
501332 494055
81350 881954
99733 753676
85434 128092
517982 866483
744584 601813
64191 603430
342574 537436
76808 809458
46382 717502
238411 633370
618093 833266
82785 945275
27203 189272
908615 29683
697440 258508
853192 296009
302719 769517
345359 845085
675325 483786
631364 163363
194497 470492
620798 579840
866967 268837
570765 791251
457674 744999
594910 993071
388682 492561
4883 718274
924807 174631
814102 282036
107444 260720
893209 481321
237159 462774
965482 206276
285190 972790
877795 487239
719398 287923
452761 940669
574525 450039
12456 64158
547272 444715
507217 809184
469118 209409
313182 474185
455725 676898
946066 537530
442940 694583
718666 186770
683023 473388
59299 241123
903230 791785
830540 142930
166483 165087
666056 28064
118775 300114
731480 808915
408824 691211
830080 214028
339960 254175
558155 102003
900370 797403
307724 418368
904263 917677
873708 281337
257854 272199
522075 712077
736693 884406
172799 960029
631428 547713
279903 164175
674392 924268
195100 197496
612287 902714
368581 546696
451078 473395
587039 335909
639351 942425
973320 930743
695245 178960
756487 509090
107957 866113
363235 782557
762232 625616
251889 198062
651941 91542
735157 766255
33522 220477
724121 377119
733177 843751
828727 253412
655386 878600
176404 74470
315527 620285
960097 973869
452067 401313
223672 275552
121436 990306
952262 904680
388434 710903
862965 969905
333578 327018
463423 251174
747203 661766
933853 765224
374152 316360
964524 707769
606993 608217
387339 957402
805066 918222
492935 80496
565603 968140
141611 536573
440075 321285
579843 448440
313891 805992
224705 591166
85076 772735
695489 333584
709601 771528
852639 943518
62865 577110
200209 264082
923290 886997
611529 147430
939942 75862
160946 977759
606897 92088
273303 356055
439757 669556
993622 936889
832865 68489
653041 586936
646903 600867
381830 681889
165783 714185
363692 862892
614370 638608
381033 593786
898190 844721
130048 598244
735399 245309
736199 831602
185311 291106
308728 841195
37023 379256
209428 103390
337608 243870
490451 881133
974816 179816
730291 449025
270885 116799
733284 365992
547636 265570
920762 137324
497809 165250
331598 946526
451285 299937
648805 671186
150484 229619
341559 115778
953835 45976
982016 797324
126043 601769
962569 643025
251313 847800
656270 305425
629869 809928
464070 100118
566716 16574
504413 260605
2996 344240
364040 891670
977854 516443
692513 207822
267499 661751
417462 280316
781620 904369
509483 280295
935443 463275
117440 671374
916501 659061
719772 319119
97115 977512
481136 363524
799708 798092
20760 209856
656699 659400
445359 308600
59982 283300
181300 647246
666967 568643
702511 88572
637637 165334
801354 570394
380453 358422
737491 953679
96722 226374
817732 781087
900561 327357
792718 732660
383587 853066
758204 260692
179159 724789
133703 837618
108123 589656
327945 990401
432172 907802
751078 49276
541603 897982
805949 438181
628747 55331
400457 814404
784845 505547
386222 368360
123107 685579
929614 625330
2291 603223
495756 788469
378975 934761
114698 535791
718343 469368
353832 376418
35136 428008
240234 205836
290890 222090
154838 595417
612539 52337
65328 171526
84361 312172
771837 484268
319252 563153
631754 826863
106995 309274
966573 489464
134844 93804
300285 558188
439849 295619
534594 706872
840961 539906
570347 678696
917582 959449
725490 289580
388011 335066
311388 81155
125588 716511
724692 411723
295377 591840
576127 840117
88474 351510
263526 722363
78853 861664
699395 588553
798202 26607
72741 455106
818057 2943
88928 808138
