133 1415
12 210
915 412
275 259
717 1193
451 161
595 1090
577 1097
846 1749
831 772
552 88
317 1353
486 683
980 1968
20 172
968 481
563 841
513 746
281 1920
606 1279
773 1058
335 1276
333 1126
997 1158
6 1225
128 1360
703 1715
524 1418
955 966
9 499
433 976
46 1439
393 319
666 1891
973 724
214 1485
490 960
698 1393
170 315
355 958
960 1683
877 992
495 481
643 238
414 456
824 1891
588 1895
977 1898
324 14
681 1810
285 157
128 273
817 887
329 277
224 405
183 614
552 1895
859 1975
675 742
940 267
973 1493
900 1476
489 1702
3 1926
527 73
451 906
412 1326
871 431
286 12
832 203
345 1146
589 1040
515 746
254 73
873 694
565 115
532 290
58 1225
628 1025
194 1607
959 52
67 480
709 381
758 219
579 1154
330 696
723 60
577 529
324 1423
769 1995
507 820
713 1516
942 946
53 886
232 332
449 1217
447 739
414 1927
302 428
148 313
510 861
356 687
168 1392
63 1869
616 682
753 225
79 1205
996 280
431 346
971 1904
411 122
340 1928
603 1963
488 180
625 1344
458 1773
635 113
81 373
749 1466
132 664
762 1951
113 1358
727 1181
810 157
44 1292
181 1851
480 193
583 1905
808 1151
28 1579
747 589
557 875
445 1699
102 366
982 382
987 438
302 803
407 727
928 1360
848 1741
864 1006
682 218
258 403
342 686
609 708
47 1519
792 39
514 632
792 1862
31 541
439 1887
368 1756
241 1561
564 1583
998 2
537 1342
624 899
940 258
663 53
278 1924
306 1068
501 1812
492 753
59 1622
833 1566
511 1014
380 1011
327 12
550 1221
663 1275
141 598
400 1251
967 432
712 70
81 1690
609 152
600 1757
673 1951
83 1889
126 938
667 1200
596 926
265 444
396 891
538 380
682 1870
769 257
403 448
985 951
833 75
765 1416
389 1084
719 362
648 788
441 1897
982 792
387 671
287 761
953 1519
59 1902
776 1009
490 941
382 599
213 1528
171 1838
220 1748
471 449
677 1141
609 1032
382 1526
746 1741
847 1588
876 111
279 250
770 639
505 279
837 1832
578 923
999 860
154 529
640 889
141 1798
523 1770
981 1432
317 538
438 1017
497 1827
573 659
962 1972
502 1093
550 1714
793 1804
884 1605
319 1101
98 1395
79 1934
901 746
512 68
69 263
658 1079
716 692
101 482
412 1645
525 1223
378 915
577 1039
627 1690
951 447
185 1165
973 870
985 2689
6462 915
5229 3351
7296 5475
297 8171
9462 8424
7140 4794
1151 8773
9909 6304
7393 6789
6479 4847
1371 7836
1371 3980
4135 5638
6481 6803
3624 6811
3794 6634
3941 4644
2308 7379
1393 1319
4715 3932
1415 2621
8305 3488
4943 9765
4834 960
3567 3650
6198 9516
2273 8655
9083 5691
6717 9539
2863 8523
4163 6560
855 5554
9719 485
2943 3683
7929 2275
4687 8796
3631 300
6533 3483
8578 5703
3525 7777
4562 9056
4330 3087
3943 925
5751 2269
789 4764
3103 1626
6091 263
749 7629
8840 9962
737 2329
5210 4171
3160 8240
1540 839
231 1438
667 5502
3363 2902
6174 5957
1295 8027
9760 985
1843 1716
4836 5635
3718 1762
6771 7063
3976 2046
316 2790
6975 3867
425 9444
3228 7163
3641 6132
296 8478
4416 1119
8016 2213
1399 2131
2826 9332
1937 3560
563 1285
4748 1998
663 841
672 7394
2060 7738
2599 1967
4748 8189
3321 8914
6173 5171
6243 3782
9902 1998
5427 4637
6864 3888
3314 3168
2350 7950
5918 1293
4859 4452
1971 8224
5063 6531
8486 2797
8221 4437
1966 2105
5116 7153
495 9000
8240 6106
276 80
8045 2914
1992 8141
1367 1771
7313 3374
9024 9006
1962 6861
6639 357
6268 9004
5385 2018
4232 8347
7535 4483
5891 3654
8756 4685
6959 9722
5241 149
257 4072
7623 558
6292 5234
73 1900
5482 531
6627 6519
202 3387
4866 3883
3563 3752
2482 1372
8523 9792
6902 5191
9340 8363
1271 8052
2908 9213
3996 5576
5327 5857
9187 6790
779 5345
1513 4405
7616 6690
5404 7517
5586 140
5050 3739
7588 487
1893 4213
8179 7777
9910 9271
7804 3452
1418 2843
4939 3477
9853 2134
1617 4350
2850 4799
6289 8046
3981 5068
2615 6590
7469 4405
8053 8292
1001 4697
8236 220
902 4223
7411 6642
4210 8501
7031 2557
9344 5604
9887 8069
1040 7733
5755 4565
3050 76
3705 7196
4007 6706
6531 1053
6109 6722
6376 2086
4597 7017
6677 1645
5562 5088
9824 1382
272 7221
8433 9730
5854 4645
9342 4210
857 1335
3217 7993
4303 8658
1688 8879
9021 1038
856 5410
4989 344
6159 6294
1328 8143
2469 5501
7876 6747
1166 2
4274 1917
1311 7631
3575 5793
8666 7631
5884 1873
5239 8990
6148 4835
1729 1868
7889 5091
8539 5488
4916 5947
7037 2857
2911 6174
7423 8304
5784 6244
1952 4969
749 5071
7923 7017
4559 909
6695 1041
7437 5126
6930 2376
1805 2613
9273 3639
4568 3492
4703 2413
6851 5856
1335 2739
8518 5611
6183 3866
6827 7952
7195 3712
181 9713
4563 4754
6139 3932
9003 2027
7151 5804
4757 5147
1423 1916
5684 1747
3415 6950
7799 3068
4240 2986
3681 7095
1177 3930
4257 1599
6497 9458
6947 3627
5406 4581
8178 7855
8750 9938
2776 4450
9591 6645
5235 9531
1869 5018
6406 628
5712 5101
1001 8433
2670 4397
318 954
5500 5023
2882 6131
7565 6702
2059 3420
2156 2687
8868 4149
124 6067
7970 7290
3450 1782
6770 1916
5579 3141
5378 7535
1512 9884
2136 416
5874 4237
195 1487
9763 1581
2284 58
1267 4776
3592 3562
3811 4149
8189 3558
7802 9108
7374 5093
5178 3475
3509 9474
2302 3264
7404 7416
7282 9641
7513 76
2031 5071
6819 3514
7426 3529
709 2600
5943 2565
5550 7527
9351 9705
7665 4135
6251 1432
5648 2106
7692 6880
9521 9009
25 4287
5962 1522
3332 9270
5230 3531
2634 3878
6228 1361
3004 7159
6560 5985
1998 6696
320 3095
3756 5808
3109 3293
7716 8051
924 955
2324 768
7944 1741
4081 5991
8958 9554
7985 9352
1437 4656
8006 7382
439 645
7383 5723
7121 3145
8908 8389
3923 2687
7957 2974
7516 1082
4968 9321
5381 7596
4086 8984
2096 5722
5561 4635
3453 8107
2476 259
6072 5471
1863 8532
5139 3725
5717 4505
6748 3956
8548 8673
7482 3619
296 5015
4105 2196
7788 3823
4736 7170
1942 9868
9787 4188
2374 2431
1162 4674
1659 7114
6149 3324
9698 4883
1898 5066
6540 868
7173 2918
2330 2031
6747 230
8471 7758
7122 8381
7699 8776
1296 9889
3336 5344
6895 2487
1499 3528
1978 8762
8128 5283
2983 3995
3498 4615
3809 275
2510 7841
9040 9027
194 7475
7831 3228
9352 4056
3722 5803
5489 8745
6746 3116
8320 3384
2255 6351
236 4680
161 6680
1345 6576
5202 8768
291 6213
2827 4106
6144 4692
8258 4256
7873 7105
7365 7131
9277 7593
8086 6465
6171 8228
386 6312
5105 2151
9231 6041
8526 4454
1122 6272
48 5174
6651 8368
2562 8479
9710 4019
6118 1729
4526 2463
8843 7630
7911 5044
5867 9077
2152 1874
5780 3615
1692 3112
7105 6450
244 5479
3220 7923
66 8021
1554 9672
3588 3693
2363 7051
123 4483
8676 7627
9272 3269
5363 6541
6978 3309
2086 2304
6694 9012
81 2413
8203 8849
7746 445
9856 7262
5058 5316
4053 8811
8939 8492
3267 3292
4592 173
1593 461
9486 6519
2932 3655
557 6786
5770 8074
8290 5309
9010 3002
3349 2915
5972 9926
4073 6331
2713 5363
5837 2638
9310 8407
9567 1412
7211 4929
3160 8391
6618 2598
7079 7481
9878 3575
2414 5154
5170 7134
3699 3153
146 8439
4596 3843
4522 4860
6235 1986
1794 6408
9225 8805
7634 6829
4210 4469
3984 8480
1716 8927
2035 6994
4037 8373
930 7546
9641 6448
8766 62
5853 4976
9545 9313
3747 9843
594 6
346 2804
575 1490
8936 8539
5205 6208
4935 979
7734 1982
5386 5720
8199 6676
7739 7615
9741 4709
386 7728
5812 5486
9619 4446
9228 283
8901 5191
6400 8713
2779 630
100 70
7985 8134
8730 4484
2516 9569
3393 2653
6254 9687
2651 4961
876 9242
9594 8506
3758 102
5814 8416
4875 6238
7293 6553
7327 1457
5031 1512
8514 524
7253 8054
8805 2249
9414 5342
843 1045
9414 3778
1602 6415
5363 2396
590 3323
4076 1327
432 7063
1177 4731
3992 6037
6354 3214
6468 8935
4717 5272
7523 4617
9702 8104
1754 9240
1549 6466
2754 5905
6343 8450
6861 8660
8466 4521
8179 4118
6282 7686
8077 4838
9712 2993
9629 8327
7645 3312
5976 3772
4819 3260
7793 2995
8396 6686
6372 3880
8930 4851
5435 1642
7530 6335
8592 8042
4861 5102
3920 7247
4709 5205
6680 6583
4256 7078
9631 5816
68 6194
3536 5221
7168 3353
3682 7884
6858 1598
885 6588
1306 5846
7371 7859
4594 2846
5713 9781
8600 300
9625 2842
3922 4126
9510 4942
2157 2495
5058 4076
6794 1880
6991 484
2646 4451
1032 9465
612 9882
7316 4776
5129 6670
2167 7650
2451 1332
884 2986
4967 7258
8194 1226
5685 5447
7754 1152
2811 5264
1547 6742
4915 5718
9450 8735
5817 9149
73 6877
7998 5272
1170 7056
562 4480
9185 3145
7217 1187
6475 2092
5165 3609
911 7412
9315 3122
9848 5344
8717 6380
4876 2411
1715 2704
692 4490
2239 7323
3575 8958
3004 7915
7557 2265
5626 7967
2142 845
2721 4657
589 1280
3406 7888
3492 7180
5215 5829
8133 6915
1751 6135
1498 1151
6815 5738
3313 5687
26 2450
776 2878
3010 8086
6609 9462
2004 2688
3570 4898
21 1185
8715 5320
9424 5328
1765 1029
5053 3619
68 3387
4847 8486
7048 8118
3642 4360
4358 7484
7758 2358
1150 4402
7733 6783
4248 4635
693 4390
2640 8267
8115 5046
7211 5290
805 5504
1509 1605
2161 7775
7849 286
8071 9869
5228 9619
2999 4846
5206 2508
5825 1898
2190 8750
9432 5705
3217 269
7553 7014
7102 5502
4126 2422
529 7194
7921 8066
8874 5342
4239 1103
5289 6799
5395 4415
3721 6156
5276 5249
3430 8716
1269 4515
6908 2133
6078 6951
1325 3246
5052 5988
9391 3389
5498 9859
8496 3434
8682 6666
6710 4757
9804 6822
264 6915
1401 7265
9666 7091
7324 3555
4665 62
7966 9380
9116 8493
3085 5631
5378 6693
2025 1603
7926 5917
7211 9475
5596 6384
4114 989
3375 7790
7882 6008
9960 7293
6907 630
2989 5948
1628 6329
8211 1944
3010 3906
3842 9608
7177 3124
8676 9203
6109 8631
1513 2658
53 8249
7466 5743
125 9791
9207 8732
5103 6473
8047 5201
8061 1603
220 3565
8382 1415
6425 5117
3827 7104
9985 4059
1396 7850
6886 2478
7707 2373
7162 4975
2973 5000
7629 3404
4560 7331
3715 2437
494 2892
8289 1299
7189 9067
2532 7528
6216 4641
8655 5074
7989 7507
943 2266
499 4805
1276 2825
8520 3649
8318 8489
5669 8758
4153 3049
3263 941
9495 6587
6043 3783
6433 727
8853 2355
6154 4755
4876 2476
5319 6378
3629 2878
174 376
6667 8137
1003 1880
1608 1166
153 4180
8787 5622
195 5372
6846 4690
2263 3603
5658 7021
