800220 344960
507720 185609
813319 691740
497702 258833
806487 181903
21136 366025
697447 250779
431451 577272
973849 131574
233400 460434
407612 9835
251247 475251
108716 227219
894047 329259
486442 585755
365813 382771
282788 179301
461591 996380
345346 559826
965427 57821
396251 954931
615518 644292
632870 428468
974282 148561
355268 340175
518799 909293
340310 952284
699746 929965
133413 402459
754841 631709
878481 789311
977467 709465
901343 978950
904338 77829
21214 793008
914590 507710
227067 118751
314381 489046
931582 597117
913050 464243
724001 996703
327507 685080
224251 478877
358880 500485
247595 817563
169685 41243
506179 286755
615621 811081
64256 232496
771022 479674
322332 720759
116284 875371
113346 910339
331796 919206
40836 268634
122233 704681
981392 525760
709071 441096
29444 221392
94980 656810
15369 992116
624422 546475
465043 94743
5234 453491
305058 572363
598759 198615
277150 879153
578183 404152
181203 666387
84588 205604
836915 350810
560685 494519
668487 487226
502620 917427
545838 250036
130355 992731
934485 806020
641445 763675
469579 391884
129107 36690
456703 830866
488686 732315
683476 299424
911086 75873
143465 678718
192644 423964
63720 986746
457068 959002
388061 209551
19879 792996
490010 161345
494744 425166
774975 896588
367159 462279
669776 571478
710107 833809
304867 299640
603154 796903
293650 684672
190274 835170
669364 905305
472943 351377
985628 438504
791469 417480
856823 518157
496621 620789
442490 335884
656774 791801
219401 279356
47279 228184
939385 537384
899339 814051
700011 955018
205985 878635
88822 498505
440729 912030
361508 223172
282369 119440
603671 708330
311021 843506
69757 938801
119606 192598
675188 574686
477701 722256
737132 516721
684503 441664
434091 858865
485394 594476
576216 185047
905582 725410
831432 566445
930308 587448
769099 412345
21059 446934
481317 460181
71422 473135
194461 372172
947645 132032
703952 3679
390067 883847
835420 733130
643389 600605
129392 682991
242980 627150
933160 559303
165385 757593
500790 421190
288674 446576
428615 456651
168121 593436
258065 494344
51673 619275
747173 94480
437043 449988
155670 732212
214695 160756
906078 983444
944343 547036
384261 727437
148578 658681
997349 743432
232069 797419
877597 472942
132530 107805
123323 106457
323695 796067
376005 739949
787416 219461
717365 626939
41196 690165
975934 428925
218676 62740
411965 113644
140946 916805
41649 807716
438048 770088
24320 458233
935596 13118
845457 214117
134739 727377
340427 546080
947304 563281
569657 139533
519838 214046
649205 79916
11464 661853
89072 839262
402871 524141
992205 800824
564028 944102
638235 847488
948852 950631
197537 476693
431771 207895
444663 801859
933130 197703
96162 18908
694030 851505
934169 430313
89966 595022
733446 97698
212627 832843
723300 116185
846264 359993
330648 317829
609542 752214
591076 973074
471473 314438
29738 511597
552488 731009
66340 13900
955744 649642
318947 545374
329821 817268
597234 229014
958323 8472
415998 475064
111118 554075
613463 848835
260209 17459
846608 33526
752877 70199
609562 648926
129513 835963
803932 731264
636365 237926
647740 668116
817778 729264
129983 691068
326900 972057
459176 355834
959178 339402
807636 379297
616585 702206
1877 270533
818244 457957
930042 86925
262811 720409
246688 316698
672935 915199
988366 351776
174775 554471
404072 15140
939711 47201
583337 563385
790169 456197
470217 483056
719562 547998
869773 587763
323687 337441
478407 579105
952943 968243
446031 738956
612140 349116
649308 483850
201015 450676
518783 347347
462386 280062
118213 191138
588439 593050
111271 750833
129197 806562
841899 509162
296827 965372
275195 698770
426221 236107
668979 218988
143312 244607
633182 743915
941611 447261
537045 971359
759156 80499
914272 701924
37778 515285
264399 188902
463267 741034
714630 584636
440610 357889
419231 985760
453509 257366
185798 830451
408309 209655
467759 766144
76 16192
962885 248076
116583 504220
29400 954885
91174 363664
725636 696269
873696 458096
511054 107527
271205 468223
410238 100245
936538 467180
266132 712656
566397 897731
434424 232515
353292 648785
470812 711422
183699 838008
538450 948253
947614 539154
622725 94270
996867 381870
373364 672342
548373 294235
115327 789746
506254 959094
52696 547581
452713 141610
262497 865353
369249 41607
726082 137193
928153 862242
18359 823988
508522 281712
998300 888822
52466 778225
820941 726463
599093 277844
347238 138154
197779 540116
891041 93064
480067 6425
683812 154
312693 708786
942137 940865
673904 21307
503605 935717
280872 778171
803467 620456
743880 504900
704497 593574
413380 25195
608743 566507
832699 954549
435859 821340
643268 385790
765320 953694
837529 951918
743176 577455
663981 389170
291996 245161
47676 938695
566693 224397
134996 523559
5648 714822
211617 493425
652246 319462
815912 778407
68000 731467
603712 3494
129574 223690
625220 967801
836698 722190
882925 396538
848143 369925
451210 804922
136385 400129
755920 471310
480256 885276
489941 364120
188548 144935
643781 2726
441265 294651
264256 357525
134697 817971
815263 731996
614520 686531
118928 560624
623333 736066
70638 744137
66197 43168
565126 715364
226474 197680
836430 358362
839203 215231
802749 975291
117181 772557
925859 857147
865438 721481
546212 564740
98498 391314
759030 845677
647852 124207
731694 884294
554074 677973
930830 125263
895825 816182
820861 693834
325210 301738
60424 953895
181322 640913
791974 616987
402981 384369
636553 369374
839206 589961
335152 892470
113261 831341
729573 955
386270 45838
282441 436936
676010 725281
319714 119992
635394 283724
988677 244184
130997 245830
33554 693219
398134 418979
803780 74223
640150 911659
937308 514706
675180 173216
442762 803537
944926 294041
249296 612462
229681 800931
667696 364795
786593 446386
291001 501253
898435 78168
193354 889933
287005 109162
829438 957221
502194 78389
451500 522614
380937 439225
116245 525119
828635 80839
642574 666759
986454 60132
592708 801867
365046 538509
439804 795753
885959 660079
273822 445570
197685 739909
592451 495878
475621 346
346887 457376
723154 543230
70477 850341
390420 16200
349084 516891
367236 433030
350978 683322
241707 350941
269770 642446
269207 684993
989172 745683
389140 437778
319289 485775
11177 497263
254768 547911
940342 800741
718712 580344
619105 785184
132636 585716
540333 142963
532021 997337
80249 51742
509119 498644
316470 935233
280610 70332
384988 514906
843553 363918
635595 742159
194869 350602
496654 256811
871325 35959
88569 707420
696799 367551
956923 313042
443684 708770
456863 241602
85351 712163
138963 372867
784056 993080
413770 136326
320675 579383
405681 562052
871406 611039
735155 301574
347365 996912
856991 280644
312329 881733
510240 716722
343670 15377
911939 394456
957780 608116
783371 685325
232676 664514
975553 746485
656608 462837
317449 291117
887146 246148
305264 79754
703004 92770
692438 655188
163106 216638
839430 903942
484580 336419
97630 33222
820575 442684
793232 680846
936820 435123
114030 617063
194357 420051
461193 611727
148690 826213
268268 852974
159684 242943
438406 484621
966785 55415
200362 499676
264715 148533
202780 417015
481616 163105
955877 698683
659546 645450
379677 264999
75129 278126
918772 9181
204777 924973
729421 559591
252397 573549
457843 887038
250894 67661
825430 493450
11186 30512
488777 317148
345438 773181
737563 361068
876743 969985
71118 266096
120102 197566
851217 466734
102031 471545
26635 930698
71861 747409
848463 733694
993996 688221
308194 954246
316536 857014
692157 931790
69485 542780
325011 779557
273921 283683
31308 873907
812251 214019
780919 605119
842245 660759
609967 62813
78961 641034
908996 124102
151123 911628
401596 183437
265327 236174
554545 225573
390036 295299
272027 82851
865716 918077
303415 618890
978192 887227
314427 172897
252979 440546
647580 709053
16875 340683
517288 14978
745861 672368
713768 817032
535297 393437
973594 639101
143406 426123
373908 785476
533455 813007
880873 470981
333970 104792
476526 77742
175790 750918
233347 106223
501753 156426
263315 326262
415348 827879
132290 448396
346001 711935
456913 819218
469100 303588
313308 879110
350153 467444
904481 685159
698625 783493
216447 150042
207675 759497
745359 855021
567731 593954
872688 434280
465690 240167
519898 276673
661370 749226
697102 153718
339626 583142
145803 402401
981162 943703
750789 145244
913801 328417
363353 109287
645277 675167
282743 993953
315391 560916
13812 86451
196361 510694
637039 360362
985375 202831
479599 954684
158120 770180
918497 699158
733291 849836
132836 713
392596 26192
748999 771069
383234 942338
292013 472698
954335 377714
561030 604344
856636 24164
943851 816410
953553 71898
555834 787728
274498 5698
346460 937
518765 477010
372589 733704
519591 718275
827428 607406
879248 815562
517579 787454
118828 302678
903162 970675
725505 604703
554393 382077
919987 612733
902619 701614
110468 583400
802185 447766
625200 55090
266027 519300
528700 381304
958656 558790
894773 475577
530836 46215
659193 988105
484853 822504
760836 456894
646619 849487
369641 47717
952513 356374
245291 317974
337462 913219
811579 598522
277039 428027
822561 10629
469426 890704
928387 73996
352456 536602
355883 378937
217572 951480
793859 919726
43155 600910
839382 829855
896361 745810
611820 796371
211629 886559
833288 353407
999596 449403
615934 625077
767331 468297
910953 849935
374918 696337
349305 175319
642539 120114
81227 854012
261496 755568
644456 587966
233172 240535
823195 37396
163784 511226
827875 618612
73522 920964
164615 537720
991751 673082
436706 959698
927696 267035
828030 99465
948174 254136
41907 225938
565698 519901
860468 103212
480273 775290
660967 697834
27375 8210
666862 14101
102139 361181
822634 110406
242775 351719
526 902391
743941 675376
848955 717676
864590 523570
456167 452949
215850 291873
599570 977224
920710 466270
410770 505248
643611 851337
69348 511347
674404 187663
40869 567227
210888 910709
341132 721160
907450 256000
653834 340541
610318 777901
280494 30784
402405 290376
343438 292571
546784 392462
409152 207323
637038 556052
199917 658760
409033 429188
332528 121174
862352 660352
600153 7062
35773 202507
698750 516346
17272 4914
35136 400960
406712 491447
638105 718306
541917 476714
239125 631297
416263 187755
943173 815999
581598 678680
719071 73222
50984 894087
971076 292367
720748 106182
248948 303389
785501 258038
927148 845997
404425 569849
632794 575344
611889 619590
404204 94903
255691 252125
278631 823144
783253 42914
385342 923047
180841 734373
705120 657383
270435 648562
5688 596588
888041 465004
491973 225253
550383 774816
804710 12639
325812 271975
943941 18556
322058 511968
262751 932197
787264 35193
103706 706716
33958 178144
46522 282123
104960 202712
558334 655668
115567 417844
65353 92291
875526 164912
370441 712900
158819 20284
120760 233288
528173 563519
808279 866712
445869 178135
484738 754258
830343 702455
731892 913623
827569 972868
465926 494211
672310 151406
673190 884608
300880 73728
661883 444432
693244 327849
334585 890550
46711 814176
728683 433336
663722 611093
243819 858828
746097 87621
411764 408502
250017 644059
37054 677058
778522 694259
817005 122153
584098 308109
968140 938918
766118 449580
595312 53507
86646 141617
708114 237753
176725 292695
566112 197945
696614 581965
138826 565796
434143 697142
340466 108607
282880 609064
939319 590257
168075 92005
605296 26221
552000 592764
568372 304710
695779 310733
804761 846072
391109 878386
516827 689634
698469 401226
243486 456306
336733 689508
494276 934808
325442 756748
755159 992936
731369 992068
434896 790948
611639 307554
925669 120695
284467 216973
308455 267610
118893 513210
374496 209087
408229 240425
435065 485155
318433 993651
311462 694252
124403 482464
362056 641075
25105 513136
712543 708660
134765 927984
654025 506403
749071 744395
110827 201363
565931 514213
540141 452656
414864 655930
32214 627748
423919 202143
415165 657682
453313 674989
207811 612435
794054 222680
718615 267720
872709 213404
623677 529858
705497 363289
829185 766936
7238 207565
503055 586978
124496 883971
594504 316681
745966 574859
354197 988319
978390 769974
528792 406788
805405 675954
692871 364511
752910 287853
867888 377017
403612 583128
573982 277394
283202 86204
646231 802445
310731 358166
990015 844285
596865 588463
760880 870711
215017 24488
889807 652077
781360 780902
235953 398467
276669 783437
504379 421919
731401 977283
844263 899552
442519 627865
833639 580801
15499 913442
54593 109799
41413 8869
919791 795678
707327 859570
468693 531103
414540 991550
646343 135969
85934 574863
924987 470649
516065 832134
405443 948403
189354 508318
974725 620699
857181 702333
905446 424648
369202 247859
393699 364038
496557 389435
637825 894640
234708 162767
377931 131018
114157 285655
222621 14777
447729 268101
228788 577542
590636 557266
954757 194405
220802 809222
197601 639959
736632 853227
510111 849190
574703 511021
940613 473265
981423 280903
625059 775104
321958 696282
705629 230347
902635 823957
210894 782817
450874 351023
157544 557491
215884 806625
508000 16870
984361 514579
6819 378965
611665 495659
221866 698298
195258 794664
665062 640234
921530 462727
668009 620239
381142 650636
778344 445589
129740 556693
903308 167963
97079 465290
83289 129269
440256 761164
171456 941332
962615 619517
749113 151507
525816 42131
371836 246794
724972 489058
941249 654721
494612 330321
763353 750140
409619 745765
981564 861195
590482 118798
268786 17835
309442 658177
124579 861389
78298 923931
893266 174088
424407 17888
838217 209481
886247 774550
909362 646819
611668 473555
630062 863865
630310 605812
564787 521004
657712 13759
241002 945902
149706 447408
417004 483940
261190 953328
869872 424401
511288 740723
701066 436196
803965 540636
398191 667155
290957 206975
820423 150624
716946 330998
497433 772082
277258 162158
944181 157866
