1 1
2 1
99999 1
1 999999
661316 882294
331402 361673
266944 574133
618354 397819
355215 439913
725652 358456
530128 59478
14354 784751
667265 19571
294596 704373
276490 629042
982822 437898
885323 305237
423823 371709
740466 881547
631912 228959
242471 183766
833413 401650
70344 202487
651808 414805
108032 318144
528091 145001
263157 403046
601290 126690
894489 686121
453320 349553
886888 461114
332588 446334
495575 739390
204842 660127
917229 284459
898162 650102
9265 167994
44407 248510
700420 52083
344371 637445
975984 647023
314518 322103
525723 809318
392774 491678
455570 94807
120099 897753
424857 63006
68130 32847
190227 118776
773272 108494
839962 497138
828859 265007
795206 577066
212883 692216
190315 419584
711189 335827
904619 534392
654746 340052
631789 334625
407768 128631
45821 492393
455655 202618
199760 169576
330698 596159
201107 351893
311111 130461
353130 976605
91741 806748
2083 548860
211646 788058
872961 987595
776513 721497
479722 489198
550711 750507
881804 601378
740055 534972
206867 953366
136786 97544
564568 336969
858124 101166
628816 148350
922478 908958
236919 937273
403010 145126
815567 463057
635843 123130
726682 382450
992043 115226
351018 129505
580560 656472
88142 181028
383541 31991
623961 490296
428553 175346
372232 477716
553730 447197
94406 141962
441999 174809
186247 925326
965774 438255
462650 66842
435009 334779
130272 392681
891959 429916
559696 633117
709159 155759
954079 82071
166024 654539
648567 597919
918781 624201
203504 349599
765192 754426
50611 312989
634607 350998
979106 865871
655600 868457
817308 907187
723867 719029
658345 433686
156256 223948
721489 899613
52141 975373
758380 229087
996401 185435
696703 503481
417122 716916
246238 504994
313742 23067
315533 122704
693135 103360
700605 86212
410607 686963
386234 845730
808208 427949
982532 714921
46566 691810
677462 317004
335564 61052
710171 349685
608841 392260
141200 622835
708395 510070
277249 919180
883285 784557
569336 659100
53258 272725
907401 18715
105080 224459
112385 478448
329697 269681
352650 895540
613941 411067
22955 717169
728145 245763
540899 377501
876944 592416
641099 538448
813659 716743
827008 253611
547961 384992
289828 750844
837086 870447
847904 867158
574406 973624
741887 408814
819886 975894
959444 612522
739918 847208
485034 84274
880664 273961
754439 236016
165926 463961
320476 346556
214193 123969
940793 942164
105999 73514
233729 163834
931137 726582
298179 649506
139810 578122
286585 269212
177218 192432
171224 940844
632597 128834
552268 678438
942929 953270
355651 592287
622716 458983
403294 921002
266357 531700
242369 899366
399687 65547
502957 753401
788519 383031
977905 620267
765466 616947
348308 410996
397017 323154
196856 362569
402035 829582
337608 78002
812406 216808
217377 485251
174630 833080
964116 904808
3147 299364
194846 916817
798271 637998
151556 735111
362063 261651
141145 45207
411783 880189
620461 663643
69885 735503
34879 970563
288362 600608
915588 823351
109439 667538
992704 243131
893129 749034
393974 409727
753074 873432
907664 253462
304379 613741
999328 830448
5749 788333
103243 128537
272374 151370
651932 168539
498355 804612
379670 676761
169111 420178
858323 941488
462236 373482
490216 445718
810392 884467
996911 294175
123738 518467
159178 131858
279842 120652
606862 53511
386493 304668
670957 131056
426084 246599
886193 328994
330935 924824
711892 973027
191187 23441
303796 373645
785932 444021
8382 387861
85717 347530
603363 956634
907089 789269
22529 655695
437594 583279
571557 736329
856962 294858
100102 200736
911261 997336
383561 548081
595702 445932
209673 719625
184047 946034
977561 585045
319180 727104
896246 368017
302799 602402
505780 162864
842328 941048
403333 912493
681707 244141
171818 866643
905283 293957
630899 217702
122959 71762
176627 14992
345661 967927
837517 197541
361721 118648
676394 670965
803608 28726
988986 426104
175155 655057
51781 641210
182439 478528
629124 733532
98599 857860
541360 160732
174166 845652
495096 191448
679644 935345
162358 406786
727402 501795
825197 294285
471535 840784
248507 718632
527448 848920
841962 27478
783182 91353
668753 572061
282811 273981
303893 242749
379662 409783
728205 843951
821933 77338
236838 918676
612448 40672
679818 878977
750745 825357
174958 819444
329126 509326
597079 805816
582797 649828
376951 994315
72538 656550
868366 92558
183819 314745
588976 188257
554656 60143
343497 149074
561740 779975
534835 869538
432089 796767
598756 836279
746388 312953
455083 728202
202527 214041
835034 314316
61660 829748
487200 190187
952847 200863
512500 599706
761140 876567
499471 755906
445965 669488
745971 509007
111969 291401
153693 396806
530459 844274
630377 134538
974947 619831
712495 47430
58128 735647
177742 925837
538237 729703
865476 550362
176499 361233
946463 940856
970226 308947
275396 292549
816070 372499
613189 37762
939037 118324
345418 394674
574877 740347
340585 60142
678397 620747
274195 661601
456107 865484
376576 704983
166568 960349
54836 252080
654387 407714
911884 159820
840309 778682
613074 968195
219945 14131
879567 906082
33316 47105
193262 801017
702848 721184
233621 531340
22014 99489
463581 181028
814862 636500
618213 966101
399708 615789
852550 993568
183478 852360
217219 692325
387566 320327
95194 215827
164673 288166
441986 625864
770623 895835
864564 129009
524078 308004
921719 38322
300668 848456
954593 313517
389621 47783
831661 407482
408676 416342
211927 302020
385475 998794
579418 871952
983404 65132
863245 113520
421176 321596
733341 176178
865898 530588
143869 843518
567620 474532
156490 825587
454480 940343
830960 619794
721333 208951
953390 90942
543992 393956
748653 791522
510538 127070
127571 119482
550185 310849
357490 824264
662820 281887
859835 680174
347545 125510
249390 564311
760399 293702
225108 214212
2750 118434
450986 211843
114265 384524
247930 747546
645327 944716
81518 993798
56009 114247
516247 600253
167154 948791
452313 820498
234142 225240
684318 972991
105063 164542
190211 390058
942031 717088
423441 847213
471247 132491
205522 450903
223213 202945
261473 106773
474571 378337
321759 119145
7426 419446
892332 897104
71124 506385
823182 13649
315414 122999
398090 723442
81419 467062
501483 751613
516940 555017
668304 956260
679754 518715
81988 543422
367528 557229
979766 596586
367576 518708
768030 63025
337547 476275
348130 124901
527638 118851
584949 390910
924456 256390
490736 11085
929010 45834
341932 113159
455355 590083
976983 92233
395606 38160
599183 736751
465048 521098
593354 216057
322599 599337
225458 750263
11379 376363
203395 795966
872059 426088
167648 868024
356681 236006
75453 933764
65011 554843
75811 604908
225540 644950
468877 334181
459243 726505
755581 970937
502823 726319
963634 666103
683904 25584
381430 410957
334175 281186
372747 102464
286538 506311
383986 938091
313536 596241
821428 644145
459633 516777
492904 477678
538450 148310
48859 644198
669344 421325
235603 899377
697752 688185
70122 207668
883417 162441
127426 463337
981542 725375
919371 825732
517390 140973
56298 865667
458350 527641
829850 613443
17482 62240
111439 223361
304952 661145
99345 545810
916620 187089
821425 47573
383246 852781
703668 264289
956617 727979
210841 36342
386201 739143
850245 143494
663003 634325
967695 237388
498997 67064
408328 726289
112820 388868
789589 243770
89216 335884
478274 709590
815701 342236
588034 648292
267807 387430
91978 927192
417086 255634
575203 283506
987567 952725
309636 496783
520819 813809
648827 244708
816547 24696
956129 537087
692285 375575
464452 472731
254979 333120
135736 161399
501608 470230
357555 212735
137944 777390
144275 653484
449555 765597
666715 734603
583046 21684
969023 20527
380363 375672
706248 475340
169947 779095
695162 104063
978734 457366
478975 172688
222488 927143
370379 709997
969074 822019
333699 300915
517028 545429
338384 257184
493174 568369
92185 867357
315446 748857
970512 25506
436196 678758
496771 762796
482135 556913
796012 182390
838372 855635
537462 921377
451987 280083
777768 634627
84798 910657
630696 201290
339993 670971
659052 630103
760955 549845
490789 398629
937118 47263
265036 787899
347799 562238
240071 982296
863544 953061
434751 658465
256679 385027
152099 669855
987155 695014
546132 347644
787619 467868
922711 274008
941825 911996
24908 380957
898019 485363
802748 707652
858503 814295
738106 891461
424909 481089
694262 840824
712489 476395
783640 692042
402473 494620
179564 630260
207303 507814
802461 798399
570414 994474
314062 529100
771748 65303
162117 407246
491161 930029
47928 71057
59031 774923
667148 454022
650732 627147
340914 554220
529037 256443
643611 625296
738779 295706
979894 129831
476690 417028
333505 523523
695457 184991
312133 412939
359351 448842
732265 77193
9152 52829
781960 980739
793152 413960
138595 684046
974624 691443
208935 962885
748880 361394
287243 344530
632808 118441
639878 546856
449911 764285
503826 638574
696935 724652
396771 772577
820704 410134
839675 343973
720609 84193
213230 103128
933203 899656
735865 383465
125615 756450
892926 380959
38903 959664
637693 561047
72559 341363
196680 397308
410813 437095
404033 311764
315266 642575
77981 656473
169794 918101
305782 279179
403786 269272
476832 195207
243797 671229
415190 660086
917801 614394
261000 277661
11417 908224
22180 398693
140927 851757
576957 884359
376610 64042
224523 257358
11384 579018
889552 881799
251726 642607
231331 531319
168660 800249
247831 261541
390675 793739
669436 338059
902271 5546
23124 89234
558296 656215
549532 705012
463814 6505
540543 900842
135299 130449
784998 966873
341250 730100
210255 645390
773780 792650
995328 876419
581346 544993
581231 285858
336815 971506
498143 535081
258802 184971
633495 29948
489154 535558
456906 896256
76961 634348
421884 228539
473120 288202
14784 390157
173105 864597
844979 987235
540624 633328
376245 115480
956474 337202
402736 865483
171219 159105
168347 621217
412143 726317
558908 402440
733393 602069
406682 465618
704133 482672
211952 895412
151001 692225
4531 203188
806608 71471
903183 162027
330717 490507
985529 18877
445293 649150
26782 255656
676116 287325
855678 790971
582460 928872
468386 479067
605288 375940
186856 450410
22382 838523
859170 59533
203723 857856
591126 360572
384214 727814
780879 61971
163541 498927
484819 359509
839236 811591
662296 410243
551877 155001
177655 513960
402933 538156
854331 398149
97741 992696
855026 186094
120081 940393
138691 121734
810863 141151
5996 454030
115139 584111
996239 776155
310480 697219
122811 878665
335548 164967
806166 635569
191899 148874
265397 142348
218803 831384
569603 953839
833236 489807
170788 523569
963967 364537
573553 934983
532883 119479
15334 426400
492339 486283
663218 712240
921290 520650
198926 992785
239561 955204
7500 376599
339131 457185
935302 35408
577653 204271
403696 648586
168904 957865
169706 376723
900467 577941
685782 696889
736505 400098
665827 858662
532676 425600
163870 734536
62719 409203
136570 524328
421524 884560
583494 574255
130336 415828
324476 226101
911182 673811
998952 918981
613353 15199
97308 698255
450494 12946
827255 375287
479810 855088
961842 169394
392022 735853
691842 22634
998954 518991
173205 119202
927580 322619
68072 436968
79341 896754
762451 702503
810387 224461
66616 61812
974107 539231
902021 957821
9631 314466
558691 907046
870435 356572
654809 95121
949547 902719
446694 665690
822678 534192
162480 256276
234361 643771
373850 543860
418102 758838
776953 163682
533784 265518
881188 350040
894262 137642
221498 109683
895251 579448
638618 168436
869188 620898
807836 752668
225107 163416
385068 188908
886729 578150
340235 918789
824766 181686
687522 74881
532263 615094
628192 120767
195579 478644
608507 397528
829059 377321
55325 239766
667585 361920
436691 443275
249804 685461
961697 380533
775416 55231
817069 735461
356377 497782
80704 320896
112110 583024
672478 656588
211200 530729
18875 717853
67396 389292
154864 346651
982228 14029
82186 444144
382488 531374
413072 890251
74227 833614
203683 292800
385984 367211
107295 520007
683614 731757
151568 586826
881324 80372
394483 612978
343597 963866
761118 555116
913993 192801
397554 708719
368004 465743
812414 242679
263812 708054
727048 957691
882448 179019
712584 851020
981523 340841
903415 619956
118763 615818
529990 82272
327767 307398
983890 615355
394479 253221
213292 702593
998604 682354
281136 86972
793540 312074
173196 785808
794642 445921
27579 273002
601476 694000
997440 568168
310280 908015
658444 562476
67266 353474
741308 547485
300227 250586
251592 863489
657985 454450
545745 260804
582633 39600
27021 994482
454768 719954
707823 924896
975652 634467
448771 31656
695217 973311
722932 107969
139786 232462
922039 262260
103742 728082
88004 797594
409716 686343
901037 591146
295104 820473
685176 388240
628220 914937
25185 41898
507406 785374
735076 844494
252399 770633
575192 3445
768923 622076
824828 267399
230033 897668
286589 269784
558378 686754
705258 66050
869347 331664
653477 169104
119230 268649
445042 786521
174768 363970
966759 721049
581193 844545
416774 122572
347799 929963
635725 458740
219380 618200
17659 519287
468289 725080
944051 735696
85213 102396
970254 376375
318706 190432
141266 655812
727489 992642
704919 257241
840664 956422
205387 840495
322446 316807
533263 957650
200699 877580
534755 13080
813393 706105
273296 150048
650548 130604
134758 413917
881348 408774
126390 557549
771069 511499
585685 85805
319790 681745
704663 867671
918260 163000
381548 214186
315005 203485
652479 406918
773125 493842
95593 597397
370362 798863
934327 226160
358236 602970
389063 846398
355016 849297
454951 118363
233589 129860
1751 970251
760309 276517
326808 65726
140170 405741
931180 940024
838022 318039
987844 112167
388982 270496
103390 937094
357464 721
682696 605640
447267 736766
431296 13914
673925 836582
962884 827929
921355 468369
335651 619786
592681 827240
