1 1
1 10000
1 2
10000 1
2 1
70631 89140
63592 78062
50263 1995
73090 18849
90027 98935
52110 8774
51501 85793
4054 44328
63511 76588
88236 62297
62436 76172
9736 43887
73911 50423
19509 5411
17482 24018
13158 92783
87196 4464
22811 93101
11949 53811
52745 12252
21025 18327
20471 21206
65533 72525
65464 24524
3173 45396
21567 53699
97585 65608
32383 47654
53065 87848
11865 68243
61025 70546
91362 41374
34474 64573
18383 14172
26423 62774
97452 87479
25037 63799
36323 17922
58798 6921
52316 18138
88189 61970
43929 90235
37888 2125
89972 76311
44554 90952
77850 1837
59562 21930
2854 69211
83382 10388
89513 37588
25067 26156
89954 86965
4886 50103
57023 42628
77117 63683
25652 25691
15925 65305
67430 85933
62243 53812
44764 57401
75589 23148
61430 22613
91823 35151
61890 64283
1871 91556
34063 51402
54718 43289
9743 24016
82995 59604
39638 66765
8807 60111
25416 81642
67574 24731
78543 9197
66597 46168
69316 23306
45918 42186
93688 30745
11379 54092
45647 71929
23330 29601
72889 96061
20076 78048
54003 82631
65748 19422
95884 93640
91633 74554
99285 37651
46847 59206
5374 77827
17484 13444
71981 91041
38137 63401
33844 65668
37596 49515
79116 95842
91902 77277
71676 52004
50987 28329
47750 42030
52022 33086
7639 59985
97636 43654
2860 23275
1101 44482
57925 24585
15625 18584
98336 29905
11924 70113
19627 48531
44372 65871
59500 15094
83450 36273
80953 47527
89557 34436
67521 28702
5039 41578
85231 91511
14786 2674
47155 4442
45378 32238
50822 21432
67688 77354
47466 65509
14040 79612
61834 67093
98538 74763
27388 37685
85212 81987
16422 8340
53394 74768
16345 294
91805 58432
61105 17927
22369 6590
38827 8259
46042 67746
61452 6000
87861 13730
9693 8917
92361 18252
93014 71526
9211 90899
72885 36753
45093 10774
85541 5659
5952 98486
56917 18237
36163 14108
37049 18021
42631 74883
58981 92228
14579 88673
2402 20432
29348 2439
37042 28446
99971 38061
28959 46408
83160 25533
52658 18195
40205 28252
26737 38198
56434 46157
76616 5
18025 8949
83831 13665
5892 77008
82032 42811
63242 36822
55613 785
29230 8942
47002 92654
55413 45552
87437 92312
26858 38573
83176 40094
78292 67063
29571 26265
26269 51077
60025 6186
36202 60646
37653 43856
3018 58445
95267 19684
20468 66260
91553 50879
43532 49697
11600 38554
47217 15297
53869 99036
39130 74074
41136 53396
79660 17421
84849 70706
93244 5929
66574 44874
5081 29445
87890 20578
40261 8098
90709 99508
50386 77080
43128 82261
37166 10269
25565 54727
53763 84382
74808 95785
49181 92892
26664 32295
19353 28840
51120 11512
72737 12596
58392 17693
54622 94169
2267 62633
62140 94882
88313 92975
91588 28877
39146 31440
2519 28753
29487 81062
76847 56281
65524 4294
52940 26027
71218 8539
36402 72292
1239 22338
56382 25491
19659 59631
22263 11004
22237 21925
31252 755
29631 10550
58341 22839
67943 85128
66190 60859
17139 97429
18074 43036
85414 99014
23904 71014
59657 56631
95320 60306
85796 60896
36878 68054
95409 21806
60083 75492
76246 17645
44546 91334
30524 5877
91004 2887
63745 98466
12247 73545
16580 97236
12601 46672
34037 18345
91328 36505
96810 93694
70941 86647
71052 98957
37114 7818
83309 66460
84105 97196
88529 75907
98135 28650
47888 35404
33870 5490
79035 11633
8868 62468
9139 95614
13959 21468
74324 43176
53221 5286
8284 87485
86441 24161
48330 95688
62147 23555
20750 31638
23896 62603
7605 25631
61034 22030
27520 55492
67124 11255
90074 6554
18519 92343
30163 99213
58740 48829
70466 4486
91971 28312
52472 78750
74437 94763
34669 17153
48790 52935
15538 71771
97401 72686
94715 23142
78633 74786
2393 38586
45139 62109
54451 92466
8030 63658
12486 84613
5451 83121
11432 82952
78053 97421
92183 80255
97407 68841
38127 26852
98622 62549
35234 53664
93157 12374
87159 46300
84886 71790
50250 89551
98369 46376
26385 4700
5665 6398
89519 55223
54526 27467
24887 950
97557 32578
17770 33421
60272 94963
57511 55896
25912 75245
87618 9096
71748 19068
7209 91129
97031 72985
19360 57458
78510 95399
18149 45745
967 84174
27992 7667
24968 55492
4421 52878
86298 22524
33839 38542
10789 62922
54518 91349
445 36700
55768 58488
49616 72192
45176 62976
20434 62998
74749 80887
42983 98943
99468 92897
16915 43949
15792 27459
96688 41882
80758 36564
75105 99337
62258 14596
22296 85894
38945 33128
91615 39092
11283 94712
74040 57582
36931 72810
53697 10825
9767 11679
4575 96679
56980 25586
69396 21489
79723 89123
25687 82435
81771 76832
7779 17143
19388 60381
9860 30074
69166 58333
69396 1474
75407 96800
85962 43435
54259 12337
24016 56010
52688 80377
22314 44942
82783 26019
31494 8061
90495 62505
55688 57180
90674 88618
48998 79818
26243 10062
68394 75209
76682 11760
8560 54141
97576 52088
64424 10873
66882 51834
48563 4791
49733 35921
61940 70876
78937 32515
11371 93433
66964 85783
74400 83410
63227 57637
84050 39749
14957 89469
1229 68795
22936 91638
60077 26140
37012 20511
88696 40853
45643 3893
39813 53610
24486 11727
44241 18104
27888 19774
5556 71963
55372 11203
85192 79956
36056 18598
24419 69241
54388 51013
59002 25647
51786 77323
14185 35431
76283 5149
9041 19232
72842 38277
50004 65205
99661 13679
33452 10596
98911 43900
55103 39007
35314 70634
5584 40294
25886 87722
38734 30002
72000 80273
73947 14087
49517 23785
45285 88131
7363 42151
96780 54325
35881 96556
10234 63135
90082 35541
95793 43685
99043 88992
59626 50895
7540 50709
38430 65209
11562 49777
30050 77163
7601 83561
23697 3996
8479 73470
15620 68981
39657 32193
28748 12399
75533 75537
27430 38981
99017 81967
70958 23222
90468 98059
48767 30583
12143 14359
64135 3548
97062 23704
7264 94184
14532 4663
78132 30960
16292 39362
71554 10103
22502 55948
47837 301
55633 14386
96352 91618
31191 54649
52707 83662
30596 21658
36016 17826
37725 42739
82794 16502
27038 34787
39449 6410
53721 41569
97282 33932
44034 70013
42312 68835
69135 82887
13625 90148
81765 41119
95767 26328
9989 12955
50964 64825
99002 40585
99675 3331
19833 36727
71513 98820
5229 46870
4790 27313
77596 58950
45314 2071
70905 37981
20868 87625
77773 56391
97509 50844
77171 75889
88844 9627
74451 87160
44096 56159
59490 89805
26531 60122
58941 79322
26191 14395
58059 64170
39471 30980
49402 35654
73634 1136
88760 36658
93048 10853
61696 82884
58773 6908
16534 38867
42378 63968
20126 7336
97140 86473
46594 79615
75288 40022
54416 21886
2407 17830
65161 12474
64479 41877
59364 14562
51219 38113
48965 48124
31007 60618
67525 10661
65879 6131
86450 410
24098 8256
94728 22928
18894 37589
77611 57673
79558 94182
12011 32026
60852 81965
40193 77172
91733 25330
79794 99557
64032 59304
19921 45111
72123 11390
33873 3798
4207 38001
62608 20322
43249 44656
82245 73687
31359 62143
72676 59855
8232 27268
25584 84686
78209 85435
27117 82129
98037 86294
45597 6910
68372 62068
89809 81869
85666 56846
94846 23681
44003 6225
50880 57453
47491 3603
65745 33124
9330 78849
22469 54772
39458 33914
19348 64404
46532 34018
20311 62816
86078 60920
22987 82259
64128 54449
11295 12796
52828 49793
56017 22492
96297 96830
16785 23249
72724 43787
38988 98881
53653 82054
32319 61456
25859 93110
43479 68018
30834 88743
49662 63790
46048 16911
87711 89001
18148 10175
76320 99005
37849 70975
84157 48688
71936 34145
77931 941
99821 44660
43065 33270
11077 53473
62934 91735
59752 36936
42030 6413
86554 90585
23847 8043
97043 48953
75480 11558
26914 31542
2517 51799
486 64762
98906 3025
3965 88774
33433 93189
26458 20137
89962 92849
84583 37535
90822 52895
75659 60686
51271 49203
57245 78564
27517 75117
3026 70640
2181 2996
71146 29940
94701 21049
24073 87983
76756 9959
3147 44389
64526 26540
35740 45956
99842 54487
23733 36674
97360 7015
56217 99392
94307 48630
40098 29814
453 21823
41170 43124
89415 18985
40034 28667
16650 84115
94073 80458
24847 9757
52649 13571
59527 89372
60210 88388
25062 59368
66383 83942
99685 22421
87402 38951
68764 93992
32166 43851
3326 85568
20905 89688
34706 92740
76855 77290
57747 51355
77464 87279
850 82593
88316 30112
34851 60376
36095 48525
48819 76264
98684 18829
74132 48503
58846 2437
46288 42895
44815 91012
97051 49613
58705 65719
43008 31756
99463 35559
39189 17106
16051 93278
39741 40038
16765 20718
69243 74591
50855 69212
88040 34413
82915 65890
84679 62171
21418 41761
49124 47318
96930 82584
64654 46174
94281 71986
23896 24013
41118 93743
3372 63085
3122 57168
77886 43112
17703 36239
5450 63480
97892 84909
67150 93489
72012 97158
55270 51828
99145 9781
92364 4393
66918 12427
764 73369
97381 77551
87645 24660
87744 38498
12018 91017
34128 90865
43455 6255
86086 68182
53090 48904
58745 329
97486 36592
4771 47108
56888 52756
73500 20268
49046 65603
38971 40418
17968 49809
74468 36351
91200 5612
96628 62211
69428 19569
25823 47108
15289 12882
61786 11908
12236 84731
21322 20530
67637 26074
78829 26092
46359 40876
22830 52328
9097 95404
45213 61800
14502 27064
49028 36032
98243 22053
41622 62007
9114 67670
96903 67444
95704 24403
9133 75040
95569 24291
50364 46806
72897 79557
36784 45544
14224 35608
47363 59613
37764 23320
66736 8927
44959 52265
74318 32115
94121 43201
27222 32291
99734 19587
43989 40476
15516 11789
36080 69473
16278 27436
6993 2795
48339 5526
57485 43776
19741 78914
2233 4848
30126 57504
9769 85320
17434 75084
34636 438
32728 11555
31141 78209
18685 48813
60602 91481
77305 50552
77987 13033
32179 9934
31811 84979
45107 96869
75782 89296
10495 81199
38702 78015
79686 40620
32056 64822
81611 97120
8674 66691
61252 30690
79503 56166
63998 79936
30487 56456
85840 57654
67587 24825
9804 18018
14887 99397
5044 71262
52460 7020
1386 31890
72510 7513
72335 81072
78191 4565
87607 53945
84635 3216
59381 48858
45145 80489
53296 39730
97383 91983
16808 39135
57152 81321
80717 42963
30576 88390
95410 2113
34002 99387
6899 96795
77866 22863
43779 95585
65882 72408
75623 31386
96595 66868
63708 51355
91084 58092
50074 17003
56137 88466
69786 83233
42547 29640
18030 66855
85319 73122
88860 29791
42937 19320
42183 12111
7695 20803
93210 85961
33698 89928
73147 85185
36539 30293
88384 36854
53856 27623
32440 54809
54394 26344
55984 18578
1784 96940
86414 90365
36507 87102
6421 75273
87383 79443
16597 64955
50916 11430
17709 26159
11343 84613
31257 90856
44061 47881
91855 35992
7153 14269
56964 24295
59224 61546
74837 29299
19663 61007
48108 61250
52875 72521
51964 70880
35835 56609
68038 68560
11070 3102
4066 2099
9306 22412
70293 51675
87666 53366
83986 62147
2793 11170
89067 40950
70248 62016
39374 63904
41505 89911
78783 87481
74713 94379
50988 30746
15658 26899
30000 35377
53827 26727
49139 34065
2091 63132
32850 35783
14281 89757
17278 16835
57784 33426
11793 6345
86600 28032
34294 51167
54999 28104
38835 13076
43822 29711
56609 6174
57902 75831
2557 2960
53377 11729
91212 68047
20181 55467
61575 24061
40896 50814
84239 78853
85197 98679
43062 96031
63549 71796
16251 77355
90431 18548
64610 55085
61258 50604
42786 21219
24178 35512
47240 61694
46093 77554
49373 38451
62512 66273
33438 10947
89799 19759
34789 17676
30059 91347
79494 77851
71557 93607
28506 95745
67181 61987
28942 93116
14334 44791
80302 88079
49773 54863
48769 43893
82343 95865
78489 98141
25439 61206
97316 11927
45954 15238
22936 32105
9955 76012
85971 2430
14526 81511
59850 14476
7591 81706
42848 5143
93222 38276
9491 23149
67041 59346
55210 74611
72751 65736
26941 50050
61976 14541
46130 24257
72713 7930
293 69066
87847 99019
80529 86263
17091 2372
429 56730
78225 41033
95661 43277
82777 71446
47143 5151
79761 49818
31905 18704
68753 68863
83403 75197
15805 47081
55010 29533
14950 88517
87535 71654
57917 2796
21519 84416
41145 91359
32391 21947
81575 19369
7166 28051
49553 64352
30521 70660
89363 45665
14527 62425
37621 58116
5196 14282
60166 53426
58294 76557
48210 91467
94262 45829
30244 22478
13836 32132
70430 87740
23461 62579
6981 52005
32708 46978
17638 56534
18550 79580
58356 7000
81467 49429
63710 95976
65753 86662
63218 40227
31693 24047
86227 27780
50257 42306
74437 32822
36913 80445
59375 44866
13222 60373
23703 66355
39240 45929
41860 57692
64691 57790
