384 887
778 1916
794 836
387 493
650 1422
363 28
691 60
764 1427
541 927
173 737
212 369
568 1430
783 1531
863 124
68 636
930 2303
23 559
70 668
394 957
12 543
230 2374
422 2420
785 1038
199 1825
316 1871
414 1027
92 1481
957 1874
863 1671
997 2282
306 926
85 1328
337 1506
847 1730
314 858
125 1396
583 546
815 868
435 365
44 1251
88 1809
277 2179
789 1085
404 152
755 2400
933 61
677 869
740 13
227 1087
95 40
796 571
435 379
468 1602
98 403
318 493
653 757
302 281
287 1942
866 2190
445 1620
441 2230
32 618
98 772
482 676
710 1428
568 357
498 2354
587 1966
307 2184
220 1125
529 372
733 1330
504 20
271 869
709 1716
341 650
797 724
619 2246
847 952
922 1056
380 2489
765 729
842 2351
194 1501
35 265
125 2415
988 857
744 1492
228 866
860 1937
433 52
438 1729
276 408
475 1122
859 1896
30 1238
236 1294
819 1929
144 1012
929 2030
777 2405
444 764
614 2039
607 1841
905 2319
129 689
370 418
918 1997
325 244
471 2184
491 500
773 1726
645 591
506 640
955 2287
670 583
543 965
198 2008
356 1305
349 1112
623 329
300 2344
747 569
341 423
312 1311
606 1802
662 1231
879 1306
321 1237
445 1127
523 966
709 917
283 759
925 138
63 625
601 2037
453 1900
380 551
469 72
974 2132
882 2431
934 895
661 164
200 482
900 497
960 1274
814 2169
191 1096
927 1467
85 1341
91 185
377 543
937 1608
446 2257
180 919
888 1913
349 2173
660 2010
337 211
343 88
207 1802
714 2373
322 1256
820 2100
722 2405
940 2312
941 668
706 1229
128 1651
985 1659
921 1725
423 2270
397 1582
631 85
293 1973
673 1351
626 386
223 1800
641 1043
899 714
299 1191
525 91
210 1082
820 1837
733 1156
995 505
380 2270
274 1777
851 2256
861 643
580 885
994 706
622 2068
505 614
962 255
327 1760
945 703
203 1007
785 2022
843 869
529 190
873 2409
959 499
37 1309
754 1249
304 834
134 1649
891 2255
568 1747
369 2030
501 547
789 2298
250 1991
304 534
364 2498
254 2393
687 1626
153 1497
976 1689
158 1230
437 2461
415 1422
461 1305
29 528
51 1749
557 1403
795 198
700 1044
40 2003
429 1404
501 682
648 1039
160 152
536 2135
340 1693
216 1128
505 630
50 965
286 1430
344 1336
178 401
239 472
950 290
368 489
293 796
744 645
830 891
683 341
542 570
827 1733
262 1043
361 1618
24 1762
82 1310
191 426
997 1368
678 1735
691 1627
525 1058
615 669
206 359
313 2387
101 1847
727 2495
917 1553
579 1030
947 2291
648 1971
52 1581
632 1094
858 1128
313 1887
215 856
513 91
413 1980
611 1470
190 2275
356 142
621 434
988 389
339 2067
771 2285
857 418
607 2261
850 238
206 560
218 1019
946 784
874 959
874 138
290 484
608 479
758 1815
472 730
101 960
619 1939
26 1389
75 1234
158 1182
494 359
271 700
418 1840
570 864
623 1295
174 2348
432 2463
683 1891
293 792
58 116
522 1158
575 1492
948 452
232 22
538 1241
55 1531
99 326
82 17
517 503
232 1140
797 405
339 2081
219 1522
971 2363
813 380
978 186
537 2405
177 984
208 2260
858 2245
500 2412
128 1451
237 61
819 106
564 50
245 1212
806 2435
292 2376
956 1115
590 1269
994 2419
806 1883
823 1983
718 1531
94 1575
127 1594
487 254
544 575
815 2214
180 878
763 776
89 420
711 1733
295 1018
347 236
138 692
154 1444
574 1329
926 1792
711 1519
218 1837
964 56
91 1359
131 2405
572 162
634 2186
790 574
605 1852
806 1751
869 1504
486 1507
196 2140
950 1121
968 227
764 178
597 1482
866 61
37 456
771 1019
212 1343
533 197
380 2322
271 2485
173 1928
235 2041
284 73
399 831
64 348
951 2031
574 1215
60 23
48 1925
83 1936
233 1705
955 444
899 487
641 1779
160 263
263 2184
42 2349
724 825
273 1623
155 2336
822 2458
366 248
172 1777
270 219
702 1704
654 2434
908 1460
729 307
798 1221
85 1309
335 199
992 1377
899 216
53 172
190 1560
507 1511
17 725
110 1540
1 879
110 54
82 1615
339 990
427 568
148 224
788 2232
533 2123
282 1376
851 180
591 2255
351 1132
814 358
495 1682
82 2104
721 2434
983 182
488 1916
297 1326
405 1223
893 552
298 33
135 682
507 416
58 2209
596 2500
963 2298
484 777
155 1478
310 88
933 883
22 1767
564 1361
683 1712
686 1587
286 931
991 2084
315 1477
117 821
893 26
529 1340
526 2491
137 1361
619 144
338 929
583 1622
311 456
889 1726
816 2071
438 854
9 223
784 2351
658 1598
828 1627
270 2072
652 650
911 529
640 899
889 1611
394 1078
891 1477
200 2053
932 1088
778 100
658 1067
953 2018
642 236
369 1299
185 696
777 806
267 929
955 29
309 2094
279 2198
556 2173
775 1446
1 2326
998 784
413 1128
383 422
694 1835
440 2335
422 660
986 458
355 1762
763 473
542 217
853 1851
663 483
400 1218
155 1174
16 1507
852 1365
791 764
492 673
38 1038
860 1329
872 2281
988 857
591 842
971 353
666 512
70 2018
362 584
352 1613
301 1507
639 2168
365 1490
33 1655
105 2376
680 1142
413 39
970 637
171 1957
845 261
650 1815
466 1815
327 1387
184 1040
970 1536
153 122
394 1791
290 110
632 2174
265 736
549 1796
878 1814
834 699
950 1856
156 294
469 657
961 434
824 787
172 359
678 141
246 2182
762 1491
324 51
101 2455
76 865
43 625
660 1420
290 845
470 1239
552 2477
384 20
134 1344
305 1957
982 2476
667 512
968 1913
193 1730
903 1869
132 3
175 1708
719 217
184 2378
488 2473
574 1458
63 1126
934 1798
497 919
142 654
727 475
981 394
486 949
306 31
30 2060
899 2161
563 1425
720 1781
642 1403
11 981
727 84
790 1641
709 224
939 58
494 432
711 1721
906 191
614 1892
639 771
422 168
830 172
181 1244
96 1400
25 2089
155 2387
570 733
970 711
374 31
434 2164
588 2280
95 2150
500 2352
340 2465
743 2331
87 16
350 2416
187 1382
12 635
134 1888
723 788
774 2144
520 1743
355 245
125 140
260 2064
419 1354
713 270
706 405
734 1800
735 2320
316 436
88 854
670 2451
488 2303
838 563
90 1111
206 961
705 1912
558 2330
404 1317
893 822
523 1106
444 1580
362 1529
379 1948
701 1546
883 1288
900 552
590 1387
354 1927
949 2295
37 1007
108 1093
418 2165
922 1321
481 1667
995 1355
124 938
934 1985
318 1313
932 1518
710 166
157 1609
70 1746
996 2423
172 1296
570 560
802 677
653 1572
341 1426
744 173
92 1590
528 1067
879 813
51 197
125 834
214 187
500 871
795 569
116 1142
343 140
438 1764
199 1091
940 1203
514 1632
129 758
805 2072
347 2184
139 1226
496 41
422 1473
227 635
159 726
357 953
646 473
447 840
112 884
604 162
826 43
217 2340
175 345
597 2331
268 1795
14 758
520 1361
651 793
833 1877
280 1991
954 636
296 1599
108 242
938 571
977 41
585 802
84 2301
493 610
497 1441
940 264
736 1305
874 107
165 2024
252 1850
752 31
340 1705
166 1987
303 626
80 2092
548 2408
485 2132
562 2420
932 1554
529 928
495 2320
544 82
124 1269
188 140
644 2439
989 2395
321 2181
99 1987
19 1253
464 1599
696 1511
506 680
143 1067
99 1926
473 2479
854 1967
798 1749
548 2273
517 1087
913 160
878 1901
554 1198
933 504
36 952
108 999
50 1655
862 407
335 4
326 1785
429 1798
764 1134
116 1561
382 1015
186 898
101 98
409 830
350 1314
880 135
317 415
586 1276
766 2487
931 1627
893 1617
630 2070
753 2410
367 1516
396 334
429 277
848 2114
27 2301
63 1287
630 764
101 1509
398 1917
776 1983
545 1041
321 1327
519 66
795 2000
135 1547
909 2354
63 1804
687 1343
433 1535
808 2311
835 870
597 816
985 1197
325 1383
466 1952
717 362
344 538
188 862
603 982
361 1589
880 1121
942 794
925 1629
136 209
163 1943
871 1997
164 2467
812 1001
516 1488
235 833
291 951
694 1634
340 381
495 2294
214 355
383 445
476 324
739 752
952 874
812 1466
169 1182
814 2184
500 1478
536 15
465 770
347 1608
73 892
741 912
624 2088
58 337
794 940
282 1621
115 872
372 919
597 1035
884 2265
568 2198
801 1068
675 336
434 491
458 2133
950 530
524 1691
293 648
630 2350
336 1423
141 1969
44 2256
340 1767
26 937
654 761
53 221
958 1705
288 484
541 1222
827 1998
206 2128
879 229
170 1671
228 299
521 2064
222 1161
884 1117
268 724
383 1793
512 2036
554 64
609 1863
769 2396
199 161
969 2377
10 2174
504 2388
255 2174
58 982
824 1930
397 545
943 2281
13 1710
856 2248
855 2367
135 1260
282 1743
974 1902
639 672
414 459
900 1923
485 256
662 1591
781 1072
924 104
1 821
1 2443
953 13
505 1308
760 359
526 395
118 159
637 1091
561 127
615 474
938 1366
749 922
621 1910
864 401
833 287
5 2334
459 1357
128 1911
369 1632
570 1129
342 947
375 2459
606 11
902 666
990 1868
491 927
733 1239
700 1206
1 2063
458 1333
349 962
18 2308
170 2498
570 39
129 140
19 2471
586 393
281 1043
755 34
708 744
401 551
22 1486
789 1221
191 141
635 648
326 1984
462 1695
143 1631
192 64
521 821
555 539
143 1493
931 923
35 186
309 595
781 1709
645 303
546 1785
523 1088
926 1158
736 1103
493 1049
297 1487
531 841
50 2052
513 1957
590 155
449 2373
429 983
558 1089
577 2338
798 221
140 1195
6 515
783 283
524 370
237 16
418 1885
354 1800
725 755
351 737
711 293
243 1159
165 1024
642 222
112 70
411 1261
791 403
956 1148
917 1090
782 1440
959 518
807 376
902 2012
675 1479
266 2378
567 477
670 2162
135 334
537 128
907 500
698 817
261 1840
571 568
987 987
9 768
278 1967
137 436
694 38
