85 97
72 96
29 91
5 6
45 76
49 94
65 77
73 84
1 6
49 56
22 58
5 66
56 61
22 39
73 93
96 99
100 100
94 99
17 73
33 51
61 91
88 96
10 51
40 91
43 49
68 82
3 95
60 97
16 19
39 63
26 46
79 89
1 26
59 100
6 54
37 67
99 100
99 100
62 80
76 98
94 99
25 51
61 67
90 97
20 44
39 40
22 95
61 61
64 74
68 75
3 33
54 81
92 96
53 68
78 87
88 90
84 86
12 13
16 27
67 88
50 54
9 36
4 69
13 18
15 86
41 57
35 46
35 40
68 95
57 95
5 49
36 81
47 83
93 94
3 4
54 94
55 73
72 94
82 85
57 71
3 17
50 82
22 27
26 84
63 66
96 99
36 44
27 62
52 75
16 87
93 96
92 95
78 95
48 73
39 51
78 81
23 84
97 99
69 83
70 70
573 299
413 55
284 33
678 302
556 502
298 35
539 286
809 120
133 90
811 604
790 541
558 36
947 833
462 380
310 89
381 371
750 44
790 423
301 47
619 556
43 28
312 68
796 673
141 114
80 7
463 197
701 105
348 133
191 111
875 153
368 166
319 288
585 318
949 701
353 192
194 35
879 311
862 168
659 185
991 9
156 6
334 58
855 287
744 157
556 376
638 280
155 66
827 665
182 9
284 124
900 111
967 669
369 134
304 293
852 98
379 5
640 553
133 19
500 172
947 856
423 185
254 23
924 559
955 926
436 142
495 264
783 277
459 93
768 141
727 189
931 108
185 86
230 21
627 469
676 26
734 537
953 218
585 464
400 149
791 402
742 488
133 108
224 25
345 47
209 95
93 66
684 331
802 20
891 59
262 83
372 36
116 21
226 166
669 513
756 704
409 390
193 137
713 319
876 372
812 666
4089 9253
1886 6418
6555 6713
7455 7722
3626 3974
4150 7385
3304 4317
8235 8685
8018 8024
2415 9817
5561 7315
6715 7210
9255 9388
2735 5844
2828 4357
7544 9149
5980 9754
2027 9863
1641 7671
4199 8439
5179 8664
8017 9641
46 4805
3728 6078
6054 8705
1824 8341
3314 7006
2464 8203
8215 9401
7814 9660
8155 8348
6382 6538
4473 5154
428 1212
8378 9229
1513 4789
6451 7451
629 5026
1155 7777
1022 3363
4907 8229
4027 6771
3710 8097
4026 6489
1489 2980
9703 9920
7454 7904
4430 4821
665 2175
9684 9719
4639 7629
7717 9457
2074 2746
6582 8408
5999 9539
8363 8843
9247 9848
775 8712
848 1640
8918 9790
500 6640
8440 8759
4672 7530
4559 7540
42 7916
525 2593
4349 4674
3958 4489
1956 5734
1367 7776
5616 8008
6751 8972
8577 9431
7045 8091
3202 6490
5435 8323
3353 6562
7991 9006
568 1080
8793 8818
9467 9643
5193 8114
3992 5211
2820 4985
1409 7167
9479 9740
841 1250
9608 9767
202 9025
3725 4050
5090 7687
4593 8943
7725 8983
5941 9246
4569 8614
8791 9749
8059 8690
7472 9854
3180 6362
1009 5748
3186 4528
3981 9437
735 9295
388 7584
4579 8602
6073 8111
8763 9067
5209 9648
922 8092
3736 9895
5336 7250
1557 2641
2096 8241
4756 9696
3144 3414
5482 7767
2162 6354
6194 7960
956 8980
5053 7433
9672 9750
342 8567
4452 9503
4054 6109
1769 4366
6980 9968
7106 9916
7737 9301
1405 5414
3877 8654
6086 8484
454 2649
1536 4394
455 3959
2393 9241
8587 8681
1270 8209
6402 9179
7307 7960
4427 7566
6839 7410
9848 9917
5388 7979
34 8313
2255 3579
3314 9923
2543 3875
851 3606
815 5652
8775 9356
3263 8002
6429 8783
7085 8273
9593 9998
5627 7075
623 8547
8598 9928
5466 6756
4981 7082
6164 9674
5208 6624
8704 8769
264 9371
3746 9044
5455 5672
8818 8978
7024 7225
9054 9388
8697 9318
4872 8326
5986 9638
223 4990
7997 9751
5185 6432
919 6364
7336 9001
8850 9909
8013 9538
7470 7504
5390 6261
2921 9727
2397 3295
6878 9203
900 6502
3779 5766
1082 7302
6850 7915
2596 4565
8311 9814
1948 5314
7414 9619
472 4520
7315 7793
1891 6348
5211 6365
3709 7025
1158 5440
7553 9839
5791 7372
1147 7115
6245 7285
9085 9974
6061 6169
8175 8749
8611 9581
8369 8555
9184 9731
6918 9813
7302 8268
8263 9336
5885 9460
130 9024
9836 9854
6450 7316
8894 9295
6475 6741
9951 9977
2080 3200
7935 9568
9818 9919
5408 6512
1030 2700
2801 3754
7399 7541
3268 9996
3505 4296
2289 4481
3894 6267
6069 6298
6390 8846
6457 9606
2269 8467
1966 6711
2126 7010
1499 7414
6217 8911
7374 8403
1488 5956
5150 8083
7607 9777
7482 8904
3574 5981
7778 8391
1162 5496
2659 3159
8723 9583
7885 8391
4971 6363
4065 9832
7673 9437
9120 9465
9873 9921
685 7100
7244 9494
689 6447
1842 6420
1152 9930
3783 8289
4224 9690
5494 6899
5487 6338
9398 9516
6806 9747
5189 6675
4156 5874
1210 2760
2992 3498
7925 8651
6325 7809
8849 8965
3188 9159
5954 6457
2500 4614
8538 9541
5664 8657
9398 9479
7595 9177
5183 7514
1521 7618
9669 9764
9305 9894
583 4031
8963 9874
2644 3937
4495 7580
8154 8270
1586 6251
8332 9355
9762 9896
7964 7990
4912 7972
1454 4662
6315 7011
198 7328
2582 7457
976 9959
7886 8698
8158 9950
4920 9139
8928 9663
301324 715268
706521 935801
120504 884959
806146 926695
969188 993003
358457 423770
700123 941649
520880 598353
800916 841370
67666 606742
555681 826243
709311 891305
824750 921822
113719 315411
694463 774691
105222 788327
418112 503602
724517 846791
690255 792590
663286 860136
769769 826855
220888 382527
699949 736466
36722 271083
451050 752371
367888 375910
746072 749629
460911 681436
959993 995932
919420 943861
216975 677392
256441 793004
890932 967688
226889 719652
700824 833629
769526 905546
449686 807703
662268 916255
838005 920491
697873 939909
116596 254294
738187 951058
381008 872662
623740 762498
236824 939119
779394 937633
197706 341486
267674 342232
371111 773328
12807 389695
525458 891908
970507 998533
522928 704418
711511 752050
201497 556670
426620 516645
958716 971359
61320 646687
848535 861711
801270 955681
216666 282618
983415 994792
163649 494892
362602 479998
42990 154748
784064 996520
861559 870612
764168 982144
596403 624701
352157 364835
585067 847263
995789 997851
644185 691735
248225 865841
257492 712066
348050 423154
793776 925574
502268 961567
977745 985667
471823 490203
766067 978690
742545 831670
942334 968311
349959 448931
538440 661303
139688 688354
675731 970501
368565 520333
279991 471523
473444 512802
248864 741743
82028 296817
34127 866881
293376 729592
567909 893181
683406 705097
338955 618239
705510 854957
685333 784184
176603 950667
4810 137160
667588 764886
146252 638548
993677 994700
627605 872005
831421 924391
297832 948841
460137 989823
999391 999452
311074 825634
453547 939656
590335 805295
26928 202765
301096 819908
610378 814852
471542 780565
19635 503537
233764 551134
201700 294187
331302 955080
732631 779400
510395 625954
825653 968426
800886 808343
885637 972591
391376 886804
1351 782954
49820 406543
499559 599729
881840 955636
484194 847934
536804 600849
9508 222245
637716 757606
273430 365418
349146 984495
436167 768841
316992 845699
727335 912812
931073 938689
280870 397032
528976 943074
985505 996788
746374 821824
353763 581120
880615 952940
525662 647066
783686 899683
278371 857912
907809 965935
719304 997889
361144 425743
795733 866754
854142 952765
418284 993368
543434 583480
389987 681140
614029 628980
92231 889819
895177 974284
351284 717986
632659 989680
75877 338697
951344 970225
787389 925456
706353 874762
21523 757405
592259 946899
586982 873020
340443 912880
9956 430293
247866 257913
294288 525387
752538 886179
858986 944511
966518 977830
436006 855975
825915 924866
900853 917471
377082 920987
385375 700751
482074 876212
440629 884774
289141 585052
322228 461430
326680 517027
470786 622621
396434 542379
810765 860211
735795 739645
217637 854015
740396 844797
729286 748241
249157 653758
602431 904177
995390 996512
401838 674689
375596 379410
455794 726715
474068 516493
224685 901630
582150 911075
998261 998478
931735 954267
64136 69749
710325 916129
327460 442678
537344 809148
546769 715596
724346 840341
134808 773652
925332 950787
494504 701622
879205 910751
791363 884952
575078 811419
510466 601858
429167 917800
563118 816855
737066 855890
493542 905368
743343 811078
186197 639725
912343 914707
394349 548605
385434 980938
27273 981010
763946 893369
218131 853195
752147 870381
364700 769150
811721 956744
454335 889996
277471 423817
682391 712850
535311 592981
483545 629645
471090 928858
324412 761260
963287 971486
649469 821408
10447 945434
648446 693066
918073 919431
671772 877249
890229 898145
250721 825924
186507 813330
353135 508407
125905 647965
384452 710040
234620 671402
882276 971778
414280 960246
356739 654907
804222 968449
141229 463341
783054 921973
954942 956260
259401 522880
558731 753376
594821 716892
466100 475595
474186 590014
983564 984408
972896 983445
553834 739435
23644 598250
457384 518954
228985 327688
806008 849266
124191 678285
740359 880741
187376 258945
75229 838136
126852 683067
642387 818027
520707 622053
621327 795650
494748 591832
886091 899025
517865 991701
538611 769320
817746 920967
187403 449042
666194 909345
774960 850864
318862 666736
460020 852773
217329 975492
969556 987062
638678 818198
689389 835291
775348 994231
53215 770490
717899 985886
824020 978918
865128 906327
500293 601882
581119 984113
644828 682523
781961 991948
173476 499102
452562 660041
707297 781691
458186 523231
640582 701185
529871 757981
452267 821496
124514 581681
401610 684256
827186 933000
365279 833679
624752 741162
930704 948266
655921 844256
725375 881673
993144 995383
718872 752147
912356 945855
627606 702110
530929 655819
707252 845410
859170 891043
281455 386218
487229 854167
945033 976986
904581 961215
754585 904587
875564 975292
479012 767317
260462 333299
132288 547182
644000 757987
746637 787015
116149 246950
792475 823368
982786 989817
541251 810462
738680 944467
358329 694570
641223 830316
383786 783181
637950 914419
578446 831164
486338 782030
415520 915438
500723 604299
217890 909544
264429 501695
287064 757056
814966 844303
514334 700825
353082 744827
673160 879412
767457 872130
966763 979582
333015 603175
361657 655355
789415 811167
292409 668109
290540 939517
414045 926102
278483 856570
168531 295343
649113 946340
857510 877434
179936 435451
895517 999352
403009 851643
958359 990734
922915 977057
544798 805207
653361 742260
800742 978000
835665 871873
708123 821526
456449 835594
816021 816883
850415 895136
197349 570166
873321 961463
706438 990491
875382 882952
711424 981898
869197 937773
205665 242444
402376 866432
845061 963741
570859 608680
204892 639827
596806 654682
873749 874137
161003 343498
866025 881403
399240 724669
518564 787627
785115 837897
310201 896726
902331 914876
709106 852596
540785 771457
268332 956873
143783 934617
622755 757563
420715 983143
590800 630666
954281 958153
425037 855987
598451 892334
126314 819980
447116 800658
624949 885485
944354 988755
719504 889567
252608 491884
503074 836855
486978 644444
819742 873808
586655 624421
501071 943663
721305 866015
252940 476567
749353 943239
850745 879046
870442 900528
701194 762442
397824 624730
909297 929744
392480 889838
827363 840576
642240 665623
583319 707028
102399 721118
945401 967243
435567 491033
871092 975130
335620 729746
497170 752196
595618 795560
778658 891723
257025 838378
170591 779658
383135 851711
555917 940788
933979 993063
770863 901563
417520 458461
695043 830923
803924 965924
463581 773656
156747 159499
176224 753873
650365 935571
560112 981501
795435 809794
746454 953617
372144 659805
719372 856439
479706 714978
760772 983166
582496 979779
366764 792863
686040 724380
228114 374069
316777 577445
670821 994060
947934 958581
395998 567632
145017 602394
873848 943272
297772 508742
228482 669379
443083 741417
732433 857337
163294 651555
956775 983207
465924 702930
808184 905531
505253 622995
121917 464417
608808 999753
445453 493655
834386 844049
305957 426110
975263 990205
290195 594351
871499 959324
551887 614318
535180 912621
564626 906261
182524 734887
229580 369479
254835 362890
358770 605295
217836 729778
877206 881023
415984 795337
180531 267633
325980 796835
