874978 978888
70823 594612
693538 947271
41020 909747
558310 468848
340804 359306
300784 334404
548156 633840
520580 515031
509130 319454
697320 764107
352620 795286
745532 723828
106757 762527
994039 114374
445304 548106
483263 652559
582476 786968
18321 257967
278044 886886
528986 905831
396541 866492
776933 515555
206403 931183
626134 354268
954583 815481
68174 960865
950672 710615
838182 375082
713413 713625
92055 92165
998754 998856
476137 476144
461736 461833
553438 553734
433375 433652
691061 691165
597904 598109
900885 901109
384630 384782
146577 146579
146977 147086
482574 482770
924480 924642
144641 144874
35763 35930
674344 674524
916869 917026
843135 843271
522453 522675
49288 49450
885270 885457
197693 197717
120335 120449
637119 637276
980422 980433
178730 178834
883557 883831
187151 187247
389870 389967
519025 519222
518901 519101
249159 249443
80656 80888
735049 735314
947053 947064
499974 500171
608572 608796
659334 659628
987181 987247
577850 578127
379312 379350
350481 350567
426307 426427
23854 24026
774754 774866
619545 619773
54541 54665
483722 483815
423257 423389
418921 418994
258380 258544
60111 60335
249580 249750
391402 391424
67214 67338
195056 195722
382339 382365
384329 384824
372441 372662
182285 183225
222514 223122
239494 239710
358823 359270
233378 233473
141556 142138
213893 214404
367026 367098
45377 45709
342726 342726
337731 337949
61953 62021
285313 286027
308101 308220
482899 483228
423607 423624
252003 252163
278573 278717
417130 417242
324224 324340
27698 27738
155190 155271
321630 321640
477472 477944
209489 209986
456531 456573
274581 275041
422178 422259
188985 189211
356433 357085
53121 53669
433411 433593
81704 81872
287570 288301
132849 133127
298401 298568
418206 418423
26156 26651
189034 189659
51883 52173
52105 52207
490474 490535
365341 365463
119022 119089
485161 485181
294278 295177
300185 300399
164577 164588
66038 66335
253769 254379
53736 53838
83510 83764
463686 463862
440552 440740
321984 322035
158374 158585
184787 185451
148227 148789
328983 329137
154367 154463
188706 188711
423396 423468
329441 329475
495605 495742
244198 244624
425273 425377
479678 480221
338923 339081
310412 310603
449399 449492
349779 349972
362532 362607
353784 354070
197076 197882
110979 111186
76530 76575
15349 15597
459081 459110
32158 32255
420162 420536
292979 293011
248458 249247
232703 233165
426314 426861
395473 395569
82826 83049
220219 220219
254201 254440
99299 99329
484502 484504
339004 339301
330081 330413
316629 316629
358165 358261
165238 165502
112427 112580
477173 477192
149027 149063
428473 428590
469248 469253
84440 84456
152944 153545
382572 382587
350423 350452
132699 133330
439488 439781
5122 5149
63688 63726
101810 101955
82024 82052
195597 195697
270901 271180
427079 427106
315627 315662
254841 254913
346648 347095
217313 217944
186424 187079
167772 167807
476916 477149
292876 292898
101098 101148
189521 189678
358051 358252
271295 272136
288962 289046
292363 292393
291394 291824
383137 383280
418411 418880
341997 342437
70205 70308
485005 485083
380435 381006
30336 30350
257954 257958
215710 215761
209130 209541
156486 156957
321390 322071
204108 204467
297986 298172
164947 165299
239894 239980
150109 150599
458282 458359
319875 319981
278011 278048
254016 254384
411919 412565
292462 292748
428053 428099
476282 476349
402841 403352
92096 92337
141923 141964
49452 50163
494759 495393
339277 339385
434196 434601
74 3659
3931 1273
2545 879
2924 2710
4441 3166
4493 3043
2988 2504
2328 1730
3841 2613
4304 3170
2710 2158
4561 934
3100 279
1817 336
4098 2827
3513 4268
3811 2634
980 4150
1580 3822
1968 673
1394 4337
486 1746
229 4092
195 1358
2 1154
1709 2945
669 1491
3125 2197
4531 904
2723 4667
3550 3025
2802 1854
978 2409
3229 4934
299 3982
3636 3014
3866 4815
4064 4537
4426 1670
4116 95
630 1502
1518 4196
106 405
4452 4299
2189 1124
4506 1883
1753 1567
1717 338
4439 3145
1502 4898
3872 829
1138 4359
3178 2398
2295 2905
1610 1232
4746 4176
3636 1299
3143 400
2969 413
261 3558
1595 3009
1396 969
4114 4531
1007 963
2943 366
2083 4853
768 3822
696 4713
3672 4902
3591 4832
4739 3058
1617 4791
641 680
2336 2007
2973 1099
4096 320
3455 224
2290 1761
3906 1127
1124 4507
814 1771
239 4095
1221 2845
2367 535
227 395
1364 3739
2845 4591
1551 160
3624 4948
2386 2218
273 540
4248 2386
3497 4886
624 2421
3145 1969
736 4916
1626 3535
1043 1012
4680 4153
245 2296
3819 397
2693 1816
2992 34
2670 4398
4554 548
826 1211
4663 212
3809 3378
2762 626
2336 1869
2996 2777
2768 2440
4875 4332
557 1302
3873 561
95 3985
3756 4790
1408 3016
194 2770
681 3456
1856 2507
964 3503
1677 3109
3250 2332
2845 2639
809 4998
3652 4850
204 732
1532 3015
420 1776
2010 181
2930 224
4055 3261
1738 1546
2318 2526
4201 4257
1565 598
1649 2705
551 151
1977 1413
3555 2798
2505 3382
4749 2066
4379 2700
3210 130
3554 484
448 4608
774 323
4306 177
54 2225
4631 367
401 445
371 286
3017 3899
3156 1134
558 1577
3179 3267
2358 1712
2879 615
4820 738
3134 592
3721 3763
1634 1198
1032 3589
590 4874
3878 2305
4359 1201
2255 3961
4916 3948
481 2731
4956 4547
2108 1239
1 4927
36 4858
1114 115
4594 1361
3355 3419
358 2586
3730 1016
1564 1103
918 1644
4420 2968
2748 270
396 3304
4474 4104
1749 4386
659 3460
407 3931
4825 133
974 4604
1898 2921
3951 232
3481 204
3901 4521
2534 1259
2004 3677
951 3935
3781 4880
1833 2575
3550 4543
1250 2772
1311 880
984 4971
2041 2724
3651 2972
3230 319
2747 300
2231 622
777 125
3245 1959
2697 1772
4065 1561
1599 3752
4941 4504
4552 2802
2206 81
419 4275
4650 414
3321 4026
2013 1784
4789 4118
4009 1551
325 4196
1258 4512
691 3667
2411 594
554 4566
961 3743
1404 4353
2308 1142
4911 3201
2800 3128
172 2788
4415 1626
1642 4518
349 1843
4316 975
1446 1374
2221 4912
4240 55
798465 666409
567543 803711
776504 270405
761868 242623
807000 999213
907979 497417
702817 423010
479022 338155
660909 127665
751652 623362
662414 927291
617266 353980
820522 102547
900813 234916
516045 991950
345418 314511
172565 427165
118222 949068
697569 394294
705895 504570
393507 613874
1987 96325
551088 995212
948683 211997
637082 700336
349564 299496
141832 481034
653475 962354
97785 68494
711474 613830
574648 571096
928340 261417
998261 560766
724689 210035
955060 430584
228809 348567
558662 745000
959095 109751
740212 907779
835951 891498
122320 699719
705199 778355
180753 872878
254914 278538
455576 966387
406572 30225
51689 334912
805845 49950
409882 530535
259984 364942
961118 488793
227714 519781
747997 701013
143736 2414
122997 493891
893912 245316
193611 599111
537876 888567
471989 792789
167105 441770
759177 87881
471994 325070
936996 277839
375019 346879
322578 149207
711820 283697
152204 453738
317682 900200
154752 975621
902614 277748
469512 796526
37269 663122
909841 575144
65895 896034
367933 232999
337804 641314
320880 324002
966383 257876
116046 855606
118959 438623
4814 344984
236524 671221
798721 68410
571422 467677
44031 988240
259630 513543
298971 296898
690869 208812
386246 756763
619050 268383
503967 471059
909697 339051
309265 390285
111131 939514
760096 230090
378138 279114
575073 128866
950334 887998
197276 35961
355676 755510
24201 615305
269053 323171
426407 474127
46187 812652
230890 179442
81035 249061
650500 504936
588111 473969
409426 213447
413484 169522
443536 305826
962839 532813
434691 913173
420811 146171
949134 290691
901681 487539
905995 684938
810710 846606
159065 371101
659258 389955
550542 254498
153220 715246
273638 741331
189216 683063
954777 116904
366789 912517
422729 329628
445330 857419
757006 380345
517795 220345
671036 419476
707883 91236
104414 32798
452047 263479
403899 625509
167638 468645
880006 320857
698096 667849
576392 401516
865116 45374
518419 231906
957890 941147
75738 917424
312771 346948
811974 830565
567292 997214
764245 789380
602654 868659
822177 54701
646342 740280
680210 813979
208926 74421
649040 907021
742269 739637
308537 607386
785010 341160
353496 257106
282307 943437
688734 109282
290386 500708
939847 371882
497922 218297
161262 614781
86956 983439
669481 247502
723719 349691
575685 446849
424112 224726
868074 680585
964362 690815
802175 263577
31975 155671
520682 828485
613313 723621
937767 903698
224329 391819
789784 236456
610115 951046
851236 211276
448690 520717
458777 686613
384613 34463
133463 322929
773392 1537
517718 251959
692352 319894
515535 238531
475564 550422
67017 88877
274043 4784
506779 12576
910806 296564
249031 520921
761814 614471
246401 210504
649393 705178
897116 34006
253845 544783
871138 27237
60525 388856
279195 267081
708749 308934
505611 698518
859355 572627
301599 133398
91615 808378
145974 2421
619146 909208
37547 895164
523680 283947
105668 173073
503329 516988
721282 757173
61772 592420
298614 636500
495480 577808
903580 204230
886742 409191
416952 260302
496023 718550
393700 587637
41133 53878
104263 660278
963085 656013
555442 970
454164 175314
174042 957493
692302 409528
228871 268278
1948 527485
904777 497428
619497 808357
215862 506239
731752 632813
766541 227775
351363 674445
329617 392496
728322 948083
566978 205612
604096 636625
206582 58260
326143 894827
529957 532649
304356 758828
800926 820507
800517 219908
832139 420014
542469 562205
440458 788426
195018 721203
16201 60586
909852 860021
967285 152379
808104 48468
357990 926404
199297 78776
498869 525440
487808 28826
58089 792163
301858 373220
126875 102375
107332 473219
36594 649801
35424 991255
438227 230442
712458 968631
805231 622310
828653 772516
774688 150962
335188 646882
591571 534485
725658 90440
59925 213466
633469 632217
519833 935327
5437 160912
551906 112769
16598 42842
64374 27744
17029 66874
4212 72981
91798 49249
34181 25291
79648 1760
44876 73799
12316 30011
13608 58760
71114 83262
47735 84688
57271 25338
58010 44519
87789 41119
69136 21277
77235 17562
20273 81282
10594 63014
16511 34247
62085 97030
85063 11412
41908 24083
78252 56080
92857 43331
58436 59640
55383 87258
33191 23896
82893 5385
37676 75425
45055 2187
16716 22982
14943 48543
14458 41358
61414 40420
59133 14336
9180 46292
64385 33490
33983 5589
34478 74333
1887 90899
25715 56713
49918 40774
11349 95166
37078 68635
98245 61657
62237 50618
10759 64472
59738 45189
63882 18144
63562 59945
41760 42708
80610 97815
393 40699
95699 48571
60884 63882
52288 16904
32690 20108
48052 41767
8107 28253
77778 67997
73170 93156
33855 74810
1759 16563
86585 18702
8158 48693
62216 53729
30843 96119
7398 94428
46007 51284
38433 41824
86723 62530
18691 47835
43974 76023
14078 76724
56513 99422
77179 50723
10774 50520
1574 35321
32727 59940
41108 48128
53642 11871
94940 89046
24900 37740
64331 59093
4701 66427
68893 85518
54218 20332
28534 82188
46727 42101
36691 69512
58046 1726
22475 25062
17822 63733
12290 16244
31064 52133
33203 43829
69028 98864
25001 26829
60690 83063
99175 55121
66106 54248
33205 38406
92949 60278
7051 42452
20163 71966
94895 13012
8907 43955
29062 34881
93179 91338
15459 94516
96014 82637
15375 33607
339 54243
71563 35315
23839 13971
56184 9744
58517 84001
67462 57969
77939 76877
8814 17893
6319 39100
349 28411
88181 60166
10367 88125
66125 35054
8407 27706
7675 64771
54756 72619
5293 46628
96585 20030
99904 4018
63547 79324
77321 88173
62093 16929
48488 833
85268 97322
53302 76891
46664 69213
23102 95226
13222 59593
8470 92859
74925 5638
60626 55553
47303 87418
47825 93198
83029 9684
79845 2835
62379 91679
68268 24717
43713 25177
9944 12038
74753 83990
48354 74423
79672 18627
66784 1516
4923 16424
10304 9338
75412 54461
67418 39773
57684 9798
94912 8279
13325 84247
28770 79782
11071 61168
40173 78441
67568 46872
82231 83039
4692 15913
76808 10931
61440 16921
72433 21342
21268 12256
69084 97205
1078 85599
17289 80842
38796 83672
84621 11284
81807 78859
32870 90119
20689 31408
75251 26260
43813 69909
47771 98931
80790 86856
74275 27204
3151 71867
366 94430
98163 16090
22055 42212
95325 58565
65471 56271
23016 55481
58046 32489
68804 25419
52700 4101
29451 30038
36283 40754
53916 83163
93352 72686
43390 24086
73213 39030
10964 82245
35193 37905
84203 80859
16567 23749
49738 69383
81349 14374
55107 52424
63312 97379
64599 8494
25198 46819
9707 82672
585 44930
7646 83743
87148 84276
31249 55515
37220 82338
4254 80636
35444 82339
64177 68710
91040 63568
40958 92317
55858 58246
54351 78479
78761 66666
43134 33216
2992 4817
1 999999
999999 1
999999 999999
999999 999999
1 1
